Temps - Tracé 0	Amplitude - Tracé 0	Temps - Tracé 1	Amplitude - Tracé 1	
2.6	4.99884E+6	2.6	4.99884E+6	
2.602	5.00151E+6	2.602	5.00151E+6	
2.604	5.00087E+6	2.604	5.00087E+6	
2.606	5.00763E+6	2.606	5.00763E+6	
2.608	4.99951E+6	2.608	4.99951E+6	
2.61	5.00334E+6	2.61	5.00334E+6	
2.612	5.0029E+6	2.612	5.0029E+6	
2.614	5.00188E+6	2.614	5.00188E+6	
2.616	5.0038E+6	2.616	5.0038E+6	
2.618	4.99581E+6	2.618	4.99581E+6	
2.62	5.00067E+6	2.62	5.00067E+6	
2.622	5.00387E+6	2.622	5.00387E+6	
2.624	4.99858E+6	2.624	4.99858E+6	
2.626	5.00401E+6	2.626	5.00401E+6	
2.628	5.00239E+6	2.628	5.00239E+6	
2.63	5.00576E+6	2.63	5.00576E+6	
2.632	5.00453E+6	2.632	5.00453E+6	
2.634	5.00136E+6	2.634	5.00136E+6	
2.636	5.00145E+6	2.636	5.00145E+6	
2.638	4.99988E+6	2.638	4.99988E+6	
2.64	4.99474E+6	2.64	4.99474E+6	
2.642	5.00294E+6	2.642	5.00294E+6	
2.644	5.00176E+6	2.644	5.00176E+6	
2.646	5.0021E+6	2.646	5.0021E+6	
2.648	4.99967E+6	2.648	4.99967E+6	
2.65	4.99826E+6	2.65	4.99826E+6	
2.652	4.99992E+6	2.652	4.99992E+6	
2.654	4.99624E+6	2.654	4.99624E+6	
2.656	5.00029E+6	2.656	5.00029E+6	
2.658	5.00133E+6	2.658	5.00133E+6	
2.66	4.99973E+6	2.66	4.99973E+6	
2.662	5.00142E+6	2.662	5.00142E+6	
2.664	4.99765E+6	2.664	4.99765E+6	
2.666	4.99635E+6	2.666	4.99635E+6	
2.668	5.00155E+6	2.668	5.00155E+6	
2.67	5.00289E+6	2.67	5.00289E+6	
2.672	4.99758E+6	2.672	4.99758E+6	
2.674	5.00238E+6	2.674	5.00238E+6	
2.676	4.99926E+6	2.676	4.99926E+6	
2.678	4.99655E+6	2.678	4.99655E+6	
2.68	5.00172E+6	2.68	5.00172E+6	
2.682	4.99559E+6	2.682	4.99559E+6	
2.684	4.99934E+6	2.684	4.99934E+6	
2.686	4.99743E+6	2.686	4.99743E+6	
2.688	5.00128E+6	2.688	5.00128E+6	
2.69	4.99605E+6	2.69	4.99605E+6	
2.692	5.0016E+6	2.692	5.0016E+6	
2.694	4.99857E+6	2.694	4.99857E+6	
2.696	4.9988E+6	2.696	4.9988E+6	
2.698	5.00134E+6	2.698	5.00134E+6	
2.7	4.99615E+6	2.7	4.99615E+6	
2.702	4.99823E+6	2.702	4.99823E+6	
2.704	4.99555E+6	2.704	4.99555E+6	
2.706	4.99459E+6	2.706	4.99459E+6	
2.708	4.9835E+6	2.708	4.9835E+6	
2.71	4.97543E+6	2.71	4.97543E+6	
2.712	4.9652E+6	2.712	4.9652E+6	
2.714	4.95009E+6	2.714	4.95009E+6	
2.716	4.94783E+6	2.716	4.94783E+6	
2.718	4.94632E+6	2.718	4.94632E+6	
2.72	4.954E+6	2.72	4.954E+6	
2.722	4.97061E+6	2.722	4.97061E+6	
2.724	4.97055E+6	2.724	4.97055E+6	
2.726	4.98543E+6	2.726	4.98543E+6	
2.728	4.98921E+6	2.728	4.98921E+6	
2.73	4.99025E+6	2.73	4.99025E+6	
2.732	4.99592E+6	2.732	4.99592E+6	
2.734	5.00007E+6	2.734	5.00007E+6	
2.736	4.99983E+6	2.736	4.99983E+6	
2.738	4.99666E+6	2.738	4.99666E+6	
2.74	5.00403E+6	2.74	5.00403E+6	
2.742	5.00205E+6	2.742	5.00205E+6	
2.744	5.00261E+6	2.744	5.00261E+6	
2.746	4.99893E+6	2.746	4.99893E+6	
2.748	5.0002E+6	2.748	5.0002E+6	
2.75	5.00281E+6	2.75	5.00281E+6	
2.752	5.00202E+6	2.752	5.00202E+6	
2.754	4.9987E+6	2.754	4.9987E+6	
2.756	4.99851E+6	2.756	4.99851E+6	
2.758	5.00087E+6	2.758	5.00087E+6	
2.76	5.00154E+6	2.76	5.00154E+6	
2.762	4.99873E+6	2.762	4.99873E+6	
2.764	5.00465E+6	2.764	5.00465E+6	
2.766	5.00251E+6	2.766	5.00251E+6	
2.768	5.00122E+6	2.768	5.00122E+6	
2.77	4.99736E+6	2.77	4.99736E+6	
2.772	5.00389E+6	2.772	5.00389E+6	
2.774	5.00179E+6	2.774	5.00179E+6	
2.776	5.00044E+6	2.776	5.00044E+6	
2.778	5.00237E+6	2.778	5.00237E+6	
2.78	5.00138E+6	2.78	5.00138E+6	
2.782	5.0019E+6	2.782	5.0019E+6	
2.784	4.99965E+6	2.784	4.99965E+6	
2.786	5.00061E+6	2.786	5.00061E+6	
2.788	5.00472E+6	2.788	5.00472E+6	
2.79	5.00105E+6	2.79	5.00105E+6	
2.792	5.00013E+6	2.792	5.00013E+6	
2.794	5.00122E+6	2.794	5.00122E+6	
2.796	5.0033E+6	2.796	5.0033E+6	
2.798	4.99804E+6	2.798	4.99804E+6	
2.8	4.99905E+6	2.8	4.99905E+6	
2.802	4.99822E+6	2.802	4.99822E+6	
2.804	5.00357E+6	2.804	5.00357E+6	
2.806	5.0022E+6	2.806	5.0022E+6	
2.808	5.00219E+6	2.808	5.00219E+6	
2.81	5.00063E+6	2.81	5.00063E+6	
2.812	5.0013E+6	2.812	5.0013E+6	
2.814	4.99682E+6	2.814	4.99682E+6	
2.816	5.00126E+6	2.816	5.00126E+6	
2.818	5.00437E+6	2.818	5.00437E+6	
2.82	5.00018E+6	2.82	5.00018E+6	
2.822	4.99861E+6	2.822	4.99861E+6	
2.824	4.99816E+6	2.824	4.99816E+6	
2.826	5.00245E+6	2.826	5.00245E+6	
2.828	5.00039E+6	2.828	5.00039E+6	
2.83	5.00231E+6	2.83	5.00231E+6	
2.832	5.00112E+6	2.832	5.00112E+6	
2.834	4.99513E+6	2.834	4.99513E+6	
2.836	5.00051E+6	2.836	5.00051E+6	
2.838	5.00113E+6	2.838	5.00113E+6	
2.84	4.99704E+6	2.84	4.99704E+6	
2.842	5.00134E+6	2.842	5.00134E+6	
2.844	5.00135E+6	2.844	5.00135E+6	
2.846	5.00395E+6	2.846	5.00395E+6	
2.848	5.00352E+6	2.848	5.00352E+6	
2.85	4.99825E+6	2.85	4.99825E+6	
2.852	4.99988E+6	2.852	4.99988E+6	
2.854	5.0033E+6	2.854	5.0033E+6	
2.856	5.00188E+6	2.856	5.00188E+6	
2.858	5.00392E+6	2.858	5.00392E+6	
2.86	5.00463E+6	2.86	5.00463E+6	
2.862	5.00087E+6	2.862	5.00087E+6	
2.864	5.00316E+6	2.864	5.00316E+6	
2.866	5.00193E+6	2.866	5.00193E+6	
2.868	5.0015E+6	2.868	5.0015E+6	
2.87	4.99863E+6	2.87	4.99863E+6	
2.872	5.00538E+6	2.872	5.00538E+6	
2.874	5.00415E+6	2.874	5.00415E+6	
2.876	5.00118E+6	2.876	5.00118E+6	
2.878	4.99932E+6	2.878	4.99932E+6	
2.88	5.00023E+6	2.88	5.00023E+6	
2.882	4.9965E+6	2.882	4.9965E+6	
2.884	5.00041E+6	2.884	5.00041E+6	
2.886	4.99801E+6	2.886	4.99801E+6	
2.888	5.00217E+6	2.888	5.00217E+6	
2.89	5.00307E+6	2.89	5.00307E+6	
2.892	5.00023E+6	2.892	5.00023E+6	
2.894	4.99996E+6	2.894	4.99996E+6	
2.896	4.99722E+6	2.896	4.99722E+6	
2.898	5.00228E+6	2.898	5.00228E+6	
2.9	5.007E+6	2.9	5.007E+6	
2.902	5.00204E+6	2.902	5.00204E+6	
2.904	5.00002E+6	2.904	5.00002E+6	
2.906	5.00444E+6	2.906	5.00444E+6	
2.908	4.99907E+6	2.908	4.99907E+6	
2.91	5.00361E+6	2.91	5.00361E+6	
2.912	5.0025E+6	2.912	5.0025E+6	
2.914	4.9994E+6	2.914	4.9994E+6	
2.916	5.00051E+6	2.916	5.00051E+6	
2.918	4.99856E+6	2.918	4.99856E+6	
2.92	4.99942E+6	2.92	4.99942E+6	
2.922	5.00453E+6	2.922	5.00453E+6	
2.924	5.00132E+6	2.924	5.00132E+6	
2.926	5.00425E+6	2.926	5.00425E+6	
2.928	5.00435E+6	2.928	5.00435E+6	
2.93	5.00181E+6	2.93	5.00181E+6	
2.932	5.00323E+6	2.932	5.00323E+6	
2.934	5.00146E+6	2.934	5.00146E+6	
2.936	5.00198E+6	2.936	5.00198E+6	
2.938	5.00257E+6	2.938	5.00257E+6	
2.94	5.00083E+6	2.94	5.00083E+6	
2.942	5.00004E+6	2.942	5.00004E+6	
2.944	5.00281E+6	2.944	5.00281E+6	
2.946	4.99889E+6	2.946	4.99889E+6	
2.948	4.99902E+6	2.948	4.99902E+6	
2.95	5.00273E+6	2.95	5.00273E+6	
2.952	5.00078E+6	2.952	5.00078E+6	
2.954	4.9992E+6	2.954	4.9992E+6	
2.956	5.00228E+6	2.956	5.00228E+6	
2.958	5.00003E+6	2.958	5.00003E+6	
2.96	5.00328E+6	2.96	5.00328E+6	
2.962	5.00486E+6	2.962	5.00486E+6	
2.964	4.99861E+6	2.964	4.99861E+6	
2.966	5.00069E+6	2.966	5.00069E+6	
2.968	5.00391E+6	2.968	5.00391E+6	
2.97	5.00161E+6	2.97	5.00161E+6	
2.972	5.00297E+6	2.972	5.00297E+6	
2.974	4.99738E+6	2.974	4.99738E+6	
2.976	5.00332E+6	2.976	5.00332E+6	
2.978	5.00426E+6	2.978	5.00426E+6	
2.98	5.00357E+6	2.98	5.00357E+6	
2.982	5.00689E+6	2.982	5.00689E+6	
2.984	5.00145E+6	2.984	5.00145E+6	
2.986	5.0024E+6	2.986	5.0024E+6	
2.988	4.99911E+6	2.988	4.99911E+6	
2.99	5.00547E+6	2.99	5.00547E+6	
2.992	4.99922E+6	2.992	4.99922E+6	
2.994	4.99762E+6	2.994	4.99762E+6	
2.996	4.99653E+6	2.996	4.99653E+6	
2.998	5.00376E+6	2.998	5.00376E+6	
3	4.99672E+6	3	4.99672E+6	
3.002	5.00537E+6	3.002	5.00537E+6	
3.004	5.00382E+6	3.004	5.00382E+6	
3.006	5.00504E+6	3.006	5.00504E+6	
3.008	5.00361E+6	3.008	5.00361E+6	
3.01	5.00035E+6	3.01	5.00035E+6	
3.012	5.00413E+6	3.012	5.00413E+6	
3.014	5.00168E+6	3.014	5.00168E+6	
3.016	5.00355E+6	3.016	5.00355E+6	
3.018	5.00536E+6	3.018	5.00536E+6	
3.02	4.99978E+6	3.02	4.99978E+6	
3.022	5.00246E+6	3.022	5.00246E+6	
3.024	5.00537E+6	3.024	5.00537E+6	
3.026	5.00449E+6	3.026	5.00449E+6	
3.028	5.00428E+6	3.028	5.00428E+6	
3.03	4.99828E+6	3.03	4.99828E+6	
3.032	4.99855E+6	3.032	4.99855E+6	
3.034	5.0014E+6	3.034	5.0014E+6	
3.036	4.99939E+6	3.036	4.99939E+6	
3.038	5.00068E+6	3.038	5.00068E+6	
3.04	5.00586E+6	3.04	5.00586E+6	
3.042	5.00452E+6	3.042	5.00452E+6	
3.044	4.99933E+6	3.044	4.99933E+6	
3.046	5.0007E+6	3.046	5.0007E+6	
3.048	5.00391E+6	3.048	5.00391E+6	
3.05	5.00052E+6	3.05	5.00052E+6	
3.052	5.0059E+6	3.052	5.0059E+6	
3.054	5.00475E+6	3.054	5.00475E+6	
3.056	5.00696E+6	3.056	5.00696E+6	
3.058	5.00023E+6	3.058	5.00023E+6	
3.06	5.00276E+6	3.06	5.00276E+6	
3.062	5.001E+6	3.062	5.001E+6	
3.064	5.0007E+6	3.064	5.0007E+6	
3.066	5.00209E+6	3.066	5.00209E+6	
3.068	5.00082E+6	3.068	5.00082E+6	
3.07	5.00122E+6	3.07	5.00122E+6	
3.072	5.00145E+6	3.072	5.00145E+6	
3.074	5.00349E+6	3.074	5.00349E+6	
3.076	4.99906E+6	3.076	4.99906E+6	
3.078	4.99996E+6	3.078	4.99996E+6	
3.08	5.00098E+6	3.08	5.00098E+6	
3.082	4.99905E+6	3.082	4.99905E+6	
3.084	5.0008E+6	3.084	5.0008E+6	
3.086	5.00115E+6	3.086	5.00115E+6	
3.088	4.99893E+6	3.088	4.99893E+6	
3.09	4.99959E+6	3.09	4.99959E+6	
3.092	4.99769E+6	3.092	4.99769E+6	
3.094	4.99808E+6	3.094	4.99808E+6	
3.096	4.98593E+6	3.096	4.98593E+6	
3.098	4.97473E+6	3.098	4.97473E+6	
3.1	4.96567E+6	3.1	4.96567E+6	
3.102	4.95701E+6	3.102	4.95701E+6	
3.104	4.94325E+6	3.104	4.94325E+6	
3.106	4.95232E+6	3.106	4.95232E+6	
3.108	4.94893E+6	3.108	4.94893E+6	
3.11	4.96199E+6	3.11	4.96199E+6	
3.112	4.96779E+6	3.112	4.96779E+6	
3.114	4.98203E+6	3.114	4.98203E+6	
3.116	4.99412E+6	3.116	4.99412E+6	
3.118	4.99578E+6	3.118	4.99578E+6	
3.12	4.99731E+6	3.12	4.99731E+6	
3.122	5.00281E+6	3.122	5.00281E+6	
3.124	5.00516E+6	3.124	5.00516E+6	
3.126	4.99811E+6	3.126	4.99811E+6	
3.128	4.995E+6	3.128	4.995E+6	
3.13	5.00114E+6	3.13	5.00114E+6	
3.132	5.00465E+6	3.132	5.00465E+6	
3.134	5.00214E+6	3.134	5.00214E+6	
3.136	4.99934E+6	3.136	4.99934E+6	
3.138	5.00435E+6	3.138	5.00435E+6	
3.14	5.0007E+6	3.14	5.0007E+6	
3.142	4.99853E+6	3.142	4.99853E+6	
3.144	5.00028E+6	3.144	5.00028E+6	
3.146	5.00478E+6	3.146	5.00478E+6	
3.148	4.99935E+6	3.148	4.99935E+6	
3.15	5.00357E+6	3.15	5.00357E+6	
3.152	4.99907E+6	3.152	4.99907E+6	
3.154	4.99924E+6	3.154	4.99924E+6	
3.156	5.00491E+6	3.156	5.00491E+6	
3.158	4.99974E+6	3.158	4.99974E+6	
3.16	4.99835E+6	3.16	4.99835E+6	
3.162	5.00129E+6	3.162	5.00129E+6	
3.164	5.00237E+6	3.164	5.00237E+6	
3.166	4.99802E+6	3.166	4.99802E+6	
3.168	5.00422E+6	3.168	5.00422E+6	
3.17	5.00238E+6	3.17	5.00238E+6	
3.172	4.99798E+6	3.172	4.99798E+6	
3.174	5.00131E+6	3.174	5.00131E+6	
3.176	5.00358E+6	3.176	5.00358E+6	
3.178	5.00313E+6	3.178	5.00313E+6	
3.18	5.00005E+6	3.18	5.00005E+6	
3.182	4.99715E+6	3.182	4.99715E+6	
3.184	5.0027E+6	3.184	5.0027E+6	
3.186	4.99974E+6	3.186	4.99974E+6	
3.188	5.00518E+6	3.188	5.00518E+6	
3.19	4.99881E+6	3.19	4.99881E+6	
3.192	5.00171E+6	3.192	5.00171E+6	
3.194	5.00292E+6	3.194	5.00292E+6	
3.196	4.99873E+6	3.196	4.99873E+6	
3.198	5.00396E+6	3.198	5.00396E+6	
3.2	4.9991E+6	3.2	4.9991E+6	
