2.3729E-01 	6.8719E+06 	0.0000E+00 	-7.8501E-04 	
2.3712E-01 	6.8756E+06 	1.6694E-03 	3.8191E-05 	
2.3317E-01 	6.8741E+06 	3.3389E-03 	2.8371E-03 	
2.3103E-01 	6.8737E+06 	5.0083E-03 	5.6360E-03 	
2.2872E-01 	6.8743E+06 	6.6778E-03 	7.2824E-03 	
2.2741E-01 	6.8735E+06 	8.3472E-03 	8.7642E-03 	
2.2560E-01 	6.8716E+06 	1.0017E-02 	1.0411E-02 	
2.2378E-01 	6.8737E+06 	1.1686E-02 	1.2551E-02 	
2.2214E-01 	6.8708E+06 	1.3356E-02 	1.4033E-02 	
2.2082E-01 	6.8710E+06 	1.5025E-02 	1.6008E-02 	
2.1901E-01 	6.8666E+06 	1.6694E-02 	1.7490E-02 	
2.1720E-01 	6.8754E+06 	1.8364E-02 	1.8807E-02 	
2.1588E-01 	6.8711E+06 	2.0033E-02 	2.0783E-02 	
2.1358E-01 	6.8694E+06 	2.1703E-02 	2.2100E-02 	
2.1226E-01 	6.8739E+06 	2.3372E-02 	2.3746E-02 	
2.1078E-01 	6.8698E+06 	2.5042E-02 	2.6051E-02 	
2.0847E-01 	6.8709E+06 	2.6711E-02 	2.7204E-02 	
2.0699E-01 	6.8730E+06 	2.8381E-02 	2.8686E-02 	
2.0584E-01 	6.8725E+06 	3.0050E-02 	3.0991E-02 	
2.0403E-01 	6.8717E+06 	3.1720E-02 	3.2308E-02 	
2.0222E-01 	6.8734E+06 	3.3389E-02 	3.3790E-02 	
2.0041E-01 	6.8701E+06 	3.5058E-02 	3.5765E-02 	
1.9876E-01 	6.8707E+06 	3.6728E-02 	3.7412E-02 	
1.9728E-01 	6.8745E+06 	3.8397E-02 	3.8564E-02 	
1.9580E-01 	6.8721E+06 	4.0067E-02 	4.0869E-02 	
1.9382E-01 	6.8712E+06 	4.1736E-02 	4.2680E-02 	
1.9250E-01 	6.8688E+06 	4.3406E-02 	4.3833E-02 	
1.9069E-01 	6.8728E+06 	4.5075E-02 	4.5479E-02 	
1.8888E-01 	6.8777E+06 	4.6745E-02 	4.7125E-02 	
1.8756E-01 	6.8694E+06 	4.8414E-02 	4.8772E-02 	
1.8559E-01 	6.8725E+06 	5.0083E-02 	5.1077E-02 	
1.8378E-01 	6.8651E+06 	5.1753E-02 	5.2394E-02 	
1.8213E-01 	6.8711E+06 	5.3422E-02 	5.3876E-02 	
1.8065E-01 	6.8728E+06 	5.5092E-02 	5.5851E-02 	
1.7884E-01 	6.8700E+06 	5.6761E-02 	5.7169E-02 	
1.7703E-01 	6.8699E+06 	5.8431E-02 	5.8815E-02 	
1.7555E-01 	6.8732E+06 	6.0100E-02 	6.0461E-02 	
1.7373E-01 	6.8682E+06 	6.1770E-02 	6.1943E-02 	
1.7242E-01 	6.8690E+06 	6.3439E-02 	6.3754E-02 	
1.7061E-01 	6.8726E+06 	6.5109E-02 	6.5565E-02 	
1.6863E-01 	6.8686E+06 	6.6778E-02 	6.7212E-02 	
1.6682E-01 	6.8705E+06 	6.8447E-02 	6.8364E-02 	
1.6567E-01 	6.8710E+06 	7.0117E-02 	7.0834E-02 	
1.6369E-01 	6.8718E+06 	7.1786E-02 	7.1986E-02 	
1.6204E-01 	6.8679E+06 	7.3456E-02 	7.3633E-02 	
1.6073E-01 	6.8736E+06 	7.5125E-02 	7.5444E-02 	
1.5859E-01 	6.8722E+06 	7.6795E-02 	7.7255E-02 	
1.5678E-01 	6.8707E+06 	7.8464E-02 	7.8736E-02 	
1.5562E-01 	6.8758E+06 	8.0134E-02 	8.0383E-02 	
1.5365E-01 	6.8684E+06 	8.1803E-02 	8.2029E-02 	
1.5200E-01 	6.8691E+06 	8.3472E-02 	8.3676E-02 	
1.5068E-01 	6.8720E+06 	8.5142E-02 	8.5322E-02 	
1.4854E-01 	6.8708E+06 	8.6811E-02 	8.7133E-02 	
1.4723E-01 	6.8686E+06 	8.8481E-02 	8.8944E-02 	
1.4558E-01 	6.8722E+06 	9.0150E-02 	9.0591E-02 	
1.4393E-01 	6.8644E+06 	9.1820E-02 	9.1908E-02 	
1.4212E-01 	6.8697E+06 	9.3489E-02 	9.3554E-02 	
1.4048E-01 	6.8667E+06 	9.5159E-02 	9.5365E-02 	
1.3867E-01 	6.8667E+06 	9.6828E-02 	9.7341E-02 	
1.3718E-01 	6.8745E+06 	9.8497E-02 	9.8329E-02 	
1.3587E-01 	6.8700E+06 	1.0017E-01 	1.0047E-01 	
1.3373E-01 	6.8697E+06 	1.0184E-01 	1.0212E-01 	
1.3241E-01 	6.8700E+06 	1.0351E-01 	1.0327E-01 	
1.3093E-01 	6.8689E+06 	1.0518E-01 	1.0541E-01 	
1.2862E-01 	6.8734E+06 	1.0684E-01 	1.0689E-01 	
1.2731E-01 	6.8734E+06 	1.0851E-01 	1.0887E-01 	
1.2582E-01 	6.8663E+06 	1.1018E-01 	1.1035E-01 	
1.2368E-01 	6.8714E+06 	1.1185E-01 	1.1183E-01 	
1.2237E-01 	6.8688E+06 	1.1352E-01 	1.1348E-01 	
1.2072E-01 	6.8705E+06 	1.1519E-01 	1.1545E-01 	
1.1874E-01 	6.8626E+06 	1.1686E-01 	1.1710E-01 	
1.1743E-01 	6.8717E+06 	1.1853E-01 	1.1858E-01 	
1.1562E-01 	6.8650E+06 	1.2020E-01 	1.2056E-01 	
1.1348E-01 	6.8690E+06 	1.2187E-01 	1.2187E-01 	
1.1216E-01 	6.8682E+06 	1.2354E-01 	1.2319E-01 	
1.1084E-01 	6.8650E+06 	1.2521E-01 	1.2517E-01 	
1.0887E-01 	6.8665E+06 	1.2688E-01 	1.2681E-01 	
1.0722E-01 	6.8685E+06 	1.2855E-01 	1.2862E-01 	
1.0574E-01 	6.8640E+06 	1.3022E-01 	1.3027E-01 	
1.0360E-01 	6.8709E+06 	1.3189E-01 	1.3192E-01 	
1.0212E-01 	6.8642E+06 	1.3356E-01 	1.3340E-01 	
1.0080E-01 	6.8653E+06 	1.3523E-01 	1.3504E-01 	
9.8823E-02 	6.8589E+06 	1.3689E-01 	1.3653E-01 	
9.7176E-02 	6.8622E+06 	1.3856E-01 	1.3817E-01 	
9.5694E-02 	6.8682E+06 	1.4023E-01 	1.3998E-01 	
9.3554E-02 	6.8621E+06 	1.4190E-01 	1.4196E-01 	
9.2237E-02 	6.8584E+06 	1.4357E-01 	1.4328E-01 	
9.0591E-02 	6.8601E+06 	1.4524E-01 	1.4476E-01 	
8.9109E-02 	6.8609E+06 	1.4691E-01 	1.4673E-01 	
8.7298E-02 	6.8631E+06 	1.4858E-01 	1.4821E-01 	
8.5816E-02 	6.8607E+06 	1.5025E-01 	1.4970E-01 	
8.3676E-02 	6.8632E+06 	1.5192E-01 	1.5167E-01 	
8.2359E-02 	6.8620E+06 	1.5359E-01 	1.5315E-01 	
8.1041E-02 	6.8587E+06 	1.5526E-01 	1.5497E-01 	
7.8901E-02 	6.8599E+06 	1.5693E-01 	1.5661E-01 	
7.7419E-02 	6.8629E+06 	1.5860E-01 	1.5809E-01 	
7.5938E-02 	6.8578E+06 	1.6027E-01 	1.6040E-01 	
7.3962E-02 	6.8585E+06 	1.6194E-01 	1.6155E-01 	
7.2151E-02 	6.8588E+06 	1.6361E-01 	1.6303E-01 	
7.0504E-02 	6.8603E+06 	1.6528E-01 	1.6501E-01 	
6.8693E-02 	6.8582E+06 	1.6694E-01 	1.6649E-01 	
6.7376E-02 	6.8512E+06 	1.6861E-01 	1.6797E-01 	
6.6059E-02 	6.8581E+06 	1.7028E-01 	1.7028E-01 	
6.3919E-02 	6.8581E+06 	1.7195E-01 	1.7159E-01 	
6.2272E-02 	6.8523E+06 	1.7362E-01 	1.7308E-01 	
6.0132E-02 	6.8552E+06 	1.7529E-01 	1.7472E-01 	
5.8980E-02 	6.8508E+06 	1.7696E-01 	1.7637E-01 	
5.7169E-02 	6.8568E+06 	1.7863E-01 	1.7785E-01 	
5.6181E-02 	6.8474E+06 	1.8030E-01 	1.7999E-01 	
5.3711E-02 	6.8506E+06 	1.8197E-01 	1.8147E-01 	
5.2229E-02 	6.8513E+06 	1.8364E-01 	1.8279E-01 	
5.0418E-02 	6.8478E+06 	1.8531E-01 	1.8493E-01 	
4.8936E-02 	6.8495E+06 	1.8698E-01 	1.8608E-01 	
4.7784E-02 	6.8542E+06 	1.8865E-01 	1.8756E-01 	
4.5973E-02 	6.8483E+06 	1.9032E-01 	1.8970E-01 	
4.3997E-02 	6.8435E+06 	1.9199E-01 	1.9135E-01 	
4.2516E-02 	6.8486E+06 	1.9366E-01 	1.9250E-01 	
4.0211E-02 	6.8446E+06 	1.9533E-01 	1.9481E-01 	
3.8893E-02 	6.8455E+06 	1.9699E-01 	1.9613E-01 	
3.7741E-02 	6.8437E+06 	1.9866E-01 	1.9761E-01 	
3.5930E-02 	6.8454E+06 	2.0033E-01 	1.9975E-01 	
3.4283E-02 	6.8460E+06 	2.0200E-01 	2.0139E-01 	
3.2637E-02 	6.8426E+06 	2.0367E-01 	2.0353E-01 	
3.0497E-02 	6.8424E+06 	2.0534E-01 	2.0452E-01 	
2.9015E-02 	6.8396E+06 	2.0701E-01 	2.0617E-01 	
2.7862E-02 	6.8331E+06 	2.0868E-01 	2.0781E-01 	
2.5558E-02 	6.8377E+06 	2.1035E-01 	2.0963E-01 	
2.4076E-02 	6.8428E+06 	2.1202E-01 	2.1078E-01 	
2.2759E-02 	6.8348E+06 	2.1369E-01 	2.1308E-01 	
2.0618E-02 	6.8420E+06 	2.1536E-01 	2.1456E-01 	
1.9301E-02 	6.8326E+06 	2.1703E-01 	2.1588E-01 	
1.7655E-02 	6.8363E+06 	2.1870E-01 	2.1736E-01 	
1.5679E-02 	6.8354E+06 	2.2037E-01 	2.1983E-01 	
1.4362E-02 	6.8330E+06 	2.2204E-01 	2.2132E-01 	
1.2222E-02 	6.8349E+06 	2.2371E-01 	2.2296E-01 	
1.0740E-02 	6.8283E+06 	2.2538E-01 	2.2444E-01 	
9.5874E-03 	6.8326E+06 	2.2705E-01 	2.2560E-01 	
7.7763E-03 	6.8279E+06 	2.2871E-01 	2.2741E-01 	
5.6360E-03 	6.8243E+06 	2.3038E-01 	2.2955E-01 	
4.1542E-03 	6.8281E+06 	2.3205E-01 	2.3119E-01 	
2.8371E-03 	6.8310E+06 	2.3372E-01 	2.3317E-01 	
1.0260E-03 	6.8329E+06 	2.3539E-01 	2.3449E-01 	
-7.8501E-04 	6.8336E+06 	2.3706E-01 	2.3580E-01 	
-2.2668E-03 	6.8295E+06 	2.3873E-01 	2.3729E-01 	
-4.4071E-03 	6.8306E+06 	2.4040E-01 	2.3646E-01 	
-6.0535E-03 	6.8260E+06 	2.4207E-01 	2.3284E-01 	
-7.2060E-03 	6.8242E+06 	2.4374E-01 	2.3037E-01 	
-9.3463E-03 	6.8244E+06 	2.4541E-01 	2.2839E-01 	
-1.0663E-02 	6.8276E+06 	2.4708E-01 	2.2741E-01 	
-1.2475E-02 	6.8251E+06 	2.4875E-01 	2.2510E-01 	
-1.4121E-02 	6.8219E+06 	2.5042E-01 	2.2346E-01 	
-1.5438E-02 	6.8253E+06 	2.5209E-01 	2.2214E-01 	
-1.7414E-02 	6.8317E+06 	2.5376E-01 	2.2016E-01 	
-1.8566E-02 	6.8209E+06 	2.5543E-01 	2.1868E-01 	
-2.0542E-02 	6.8289E+06 	2.5710E-01 	2.1687E-01 	
-2.2024E-02 	6.8233E+06 	2.5876E-01 	2.1522E-01 	
-2.3999E-02 	6.8298E+06 	2.6043E-01 	2.1341E-01 	
-2.5975E-02 	6.8263E+06 	2.6210E-01 	2.1226E-01 	
-2.7292E-02 	6.8325E+06 	2.6377E-01 	2.1012E-01 	
-2.9103E-02 	6.8218E+06 	2.6544E-01 	2.0864E-01 	
-3.0585E-02 	6.8241E+06 	2.6711E-01 	2.0732E-01 	
-3.2067E-02 	6.8273E+06 	2.6878E-01 	2.0502E-01 	
-3.3878E-02 	6.8319E+06 	2.7045E-01 	2.0353E-01 	
-3.5524E-02 	6.8283E+06 	2.7212E-01 	2.0205E-01 	
-3.7335E-02 	6.8340E+06 	2.7379E-01 	1.9975E-01 	
-3.8982E-02 	6.8356E+06 	2.7546E-01 	1.9859E-01 	
-4.0628E-02 	6.8371E+06 	2.7713E-01 	1.9711E-01 	
-4.1945E-02 	6.8346E+06 	2.7880E-01 	1.9514E-01 	
-4.4086E-02 	6.8329E+06 	2.8047E-01 	1.9366E-01 	
-4.5732E-02 	6.8307E+06 	2.8214E-01 	1.9184E-01 	
-4.7049E-02 	6.8362E+06 	2.8381E-01 	1.9003E-01 	
-4.9354E-02 	6.8322E+06 	2.8548E-01 	1.8855E-01 	
-5.0671E-02 	6.8343E+06 	2.8715E-01 	1.8691E-01 	
-5.1988E-02 	6.8387E+06 	2.8881E-01 	1.8460E-01 	
-5.3799E-02 	6.8317E+06 	2.9048E-01 	1.8312E-01 	
-5.5446E-02 	6.8374E+06 	2.9215E-01 	1.8230E-01 	
-5.6763E-02 	6.8374E+06 	2.9382E-01 	1.8016E-01 	
-5.8739E-02 	6.8393E+06 	2.9549E-01 	1.7851E-01 	
-6.0385E-02 	6.8332E+06 	2.9716E-01 	1.7703E-01 	
-6.2031E-02 	6.8456E+06 	2.9883E-01 	1.7538E-01 	
-6.3513E-02 	6.8400E+06 	3.0050E-01 	1.7357E-01 	
-6.5160E-02 	6.8443E+06 	3.0217E-01 	1.7209E-01 	
-6.6971E-02 	6.8461E+06 	3.0384E-01 	1.7011E-01 	
-6.9111E-02 	6.8470E+06 	3.0551E-01 	1.6879E-01 	
-7.0263E-02 	6.8423E+06 	3.0718E-01 	1.6715E-01 	
-7.1745E-02 	6.8418E+06 	3.0885E-01 	1.6517E-01 	
-7.3556E-02 	6.8497E+06 	3.1052E-01 	1.6353E-01 	
-7.5203E-02 	6.8484E+06 	3.1219E-01 	1.6188E-01 	
-7.6849E-02 	6.8499E+06 	3.1386E-01 	1.5974E-01 	
-7.8989E-02 	6.8505E+06 	3.1553E-01 	1.5842E-01 	
-7.9977E-02 	6.8479E+06 	3.1720E-01 	1.5711E-01 	
-8.1624E-02 	6.8520E+06 	3.1886E-01 	1.5497E-01 	
-8.3764E-02 	6.8499E+06 	3.2053E-01 	1.5365E-01 	
-8.5246E-02 	6.8456E+06 	3.2220E-01 	1.5184E-01 	
-8.6398E-02 	6.8520E+06 	3.2387E-01 	1.5019E-01 	
-8.8868E-02 	6.8506E+06 	3.2554E-01 	1.4854E-01 	
-9.0514E-02 	6.8513E+06 	3.2721E-01 	1.4706E-01 	
-9.1502E-02 	6.8589E+06 	3.2888E-01 	1.4509E-01 	
-9.3478E-02 	6.8548E+06 	3.3055E-01 	1.4393E-01 	
-9.5289E-02 	6.8555E+06 	3.3222E-01 	1.4196E-01 	
-9.6606E-02 	6.8563E+06 	3.3389E-01 	1.3982E-01 	
-9.8252E-02 	6.8620E+06 	3.3556E-01 	1.3850E-01 	
-1.0056E-01 	6.8614E+06 	3.3723E-01 	1.3702E-01 	
-1.0171E-01 	6.8538E+06 	3.3890E-01 	1.3521E-01 	
-1.0352E-01 	6.8510E+06 	3.4057E-01 	1.3356E-01 	
-1.0533E-01 	6.8615E+06 	3.4224E-01 	1.3192E-01 	
-1.0616E-01 	6.8556E+06 	3.4391E-01 	1.3043E-01 	
-1.0830E-01 	6.8614E+06 	3.4558E-01 	1.2846E-01 	
-1.0994E-01 	6.8603E+06 	3.4725E-01 	1.2681E-01 	
-1.1159E-01 	6.8620E+06 	3.4891E-01 	1.2533E-01 	
-1.1373E-01 	6.8628E+06 	3.5058E-01 	1.2368E-01 	
-1.1521E-01 	6.8621E+06 	3.5225E-01 	1.2253E-01 	
-1.1620E-01 	6.8651E+06 	3.5392E-01 	1.1990E-01 	
-1.1850E-01 	6.8672E+06 	3.5559E-01 	1.1874E-01 	
-1.1966E-01 	6.8605E+06 	3.5726E-01 	1.1710E-01 	
-1.2163E-01 	6.8668E+06 	3.5893E-01 	1.1496E-01 	
-1.2344E-01 	6.8659E+06 	3.6060E-01 	1.1380E-01 	
-1.2492E-01 	6.8663E+06 	3.6227E-01 	1.1199E-01 	
-1.2657E-01 	6.8701E+06 	3.6394E-01 	1.1018E-01 	
-1.2805E-01 	6.8658E+06 	3.6561E-01 	1.0887E-01 	
-1.2986E-01 	6.8705E+06 	3.6728E-01 	1.0738E-01 	
-1.3151E-01 	6.8632E+06 	3.6895E-01 	1.0491E-01 	
-1.3349E-01 	6.8670E+06 	3.7062E-01 	1.0360E-01 	
-1.3480E-01 	6.8680E+06 	3.7229E-01 	1.0228E-01 	
-1.3645E-01 	6.8697E+06 	3.7396E-01 	1.0014E-01 	
-1.3826E-01 	6.8674E+06 	3.7563E-01 	9.8493E-02 	
-1.3974E-01 	6.8652E+06 	3.7730E-01 	9.7176E-02 	
-1.4139E-01 	6.8672E+06 	3.7896E-01 	9.5036E-02 	
-1.4336E-01 	6.8681E+06 	3.8063E-01 	9.3554E-02 	
-1.4501E-01 	6.8715E+06 	3.8230E-01 	9.2072E-02 	
-1.4616E-01 	6.8682E+06 	3.8397E-01 	9.0261E-02 	
-1.4797E-01 	6.8658E+06 	3.8564E-01 	8.8450E-02 	
-1.4962E-01 	6.8696E+06 	3.8731E-01 	8.7133E-02 	
-1.5094E-01 	6.8694E+06 	3.8898E-01 	8.4828E-02 	
-1.5308E-01 	6.8676E+06 	3.9065E-01 	8.3676E-02 	
-1.5489E-01 	6.8713E+06 	3.9232E-01 	8.2523E-02 	
-1.5670E-01 	6.8665E+06 	3.9399E-01 	8.0383E-02 	
-1.5818E-01 	6.8652E+06 	3.9566E-01 	7.8736E-02 	
-1.5983E-01 	6.8652E+06 	3.9733E-01 	7.7090E-02 	
-1.6098E-01 	6.8684E+06 	3.9900E-01 	7.5608E-02 	
-1.6312E-01 	6.8688E+06 	4.0067E-01 	7.3797E-02 	
-1.6477E-01 	6.8682E+06 	4.0234E-01 	7.2151E-02 	
-1.6691E-01 	6.8736E+06 	4.0401E-01 	7.0175E-02 	
-1.6806E-01 	6.8717E+06 	4.0568E-01 	6.8529E-02 	
-1.6971E-01 	6.8732E+06 	4.0735E-01 	6.6882E-02 	
-1.7119E-01 	6.8676E+06 	4.0902E-01 	6.5236E-02 	
-1.7300E-01 	6.8688E+06 	4.1068E-01 	6.3919E-02 	
-1.7448E-01 	6.8659E+06 	4.1235E-01 	6.2272E-02 	
-1.7679E-01 	6.8757E+06 	4.1402E-01 	6.0461E-02 	
-1.7777E-01 	6.8652E+06 	4.1569E-01 	5.8815E-02 	
-1.7942E-01 	6.8699E+06 	4.1736E-01 	5.7169E-02 	
-1.8074E-01 	6.8711E+06 	4.1903E-01 	5.5193E-02 	
-1.8271E-01 	6.8693E+06 	4.2070E-01 	5.4040E-02 	
-1.8419E-01 	6.8708E+06 	4.2237E-01 	5.1900E-02 	
-1.8634E-01 	6.8651E+06 	4.2404E-01 	5.0254E-02 	
-1.8815E-01 	6.8689E+06 	4.2571E-01 	4.8772E-02 	
-1.8946E-01 	6.8753E+06 	4.2738E-01 	4.7125E-02 	
-1.9127E-01 	6.8662E+06 	4.2905E-01 	4.5314E-02 	
-1.9276E-01 	6.8689E+06 	4.3072E-01 	4.3997E-02 	
-1.9457E-01 	6.8695E+06 	4.3239E-01 	4.2186E-02 	
-1.9638E-01 	6.8663E+06 	4.3406E-01 	4.0375E-02 	
-1.9802E-01 	6.8695E+06 	4.3573E-01 	3.9058E-02 	
-1.9901E-01 	6.8680E+06 	4.3740E-01 	3.7576E-02 	
-2.0115E-01 	6.8714E+06 	4.3907E-01 	3.5271E-02 	
-2.0247E-01 	6.8715E+06 	4.4073E-01 	3.3954E-02 	
-2.0395E-01 	6.8669E+06 	4.4240E-01 	3.1649E-02 	
-2.0593E-01 	6.8683E+06 	4.4407E-01 	3.0661E-02 	
-2.0774E-01 	6.8740E+06 	4.4574E-01 	2.9180E-02 	
-2.0922E-01 	6.8634E+06 	4.4741E-01 	2.7533E-02 	
-2.1136E-01 	6.8675E+06 	4.4908E-01 	2.5228E-02 	
-2.1301E-01 	6.8644E+06 	4.5075E-01 	2.3746E-02 	
-2.1416E-01 	6.8686E+06 	4.5242E-01 	2.1935E-02 	
-2.1630E-01 	6.8688E+06 	4.5409E-01 	2.0618E-02 	
-2.1762E-01 	6.8733E+06 	4.5576E-01 	1.8972E-02 	
-2.1910E-01 	6.8655E+06 	4.5743E-01 	1.7490E-02 	
-2.2124E-01 	6.8652E+06 	4.5910E-01 	1.5185E-02 	
-2.2272E-01 	6.8679E+06 	4.6077E-01 	1.4033E-02 	
-2.2404E-01 	6.8667E+06 	4.6244E-01 	1.2057E-02 	
-2.2585E-01 	6.8710E+06 	4.6411E-01 	1.0411E-02 	
-2.2799E-01 	6.8678E+06 	4.6578E-01 	9.0934E-03 	
-2.2931E-01 	6.8691E+06 	4.6745E-01 	7.6117E-03 	
-2.3095E-01 	6.8669E+06 	4.6912E-01 	5.8006E-03 	
-2.3260E-01 	6.8717E+06 	4.7078E-01 	3.9896E-03 	
-2.3375E-01 	6.8665E+06 	4.7245E-01 	2.1785E-03 	
-2.3606E-01 	6.8713E+06 	4.7412E-01 	6.9675E-04 	
-2.3721E-01 	6.8664E+06 	4.7579E-01 	-6.2037E-04 	
