Temps - Tracé 0	Amplitude - Tracé 0	
0	821280	
1E-6	817909	
2E-6	823265	
3E-6	825901	
4E-6	831909	
5E-6	827382	
6E-6	830564	
7E-6	826594	
8E-6	829304	
9E-6	827928	
1E-5	823738	
1.1E-5	830029	
1.2E-5	829871	
1.3E-5	827403	
1.4E-5	833673	
1.5E-5	835763	
1.6E-5	837811	
1.7E-5	833316	
1.8E-5	840069	
1.9E-5	837926	
2E-5	840489	
2.1E-5	836477	
2.2E-5	835259	
2.3E-5	837160	
2.4E-5	837979	
2.5E-5	838630	
2.6E-5	839943	
2.7E-5	832728	
2.8E-5	836372	
2.9E-5	837149	
3E-5	836540	
3.1E-5	833473	
3.2E-5	833841	
3.3E-5	833925	
3.4E-5	832990	
3.5E-5	830312	
3.6E-5	830375	
3.7E-5	828705	
3.8E-5	831667	
3.9E-5	833977	
4E-5	826615	
4.1E-5	826972	
4.2E-5	820503	
4.3E-5	826678	
4.4E-5	821994	
4.5E-5	817384	
4.6E-5	815556	
4.7E-5	826899	
4.8E-5	816218	
4.9E-5	819327	
5E-5	811702	
5.1E-5	816375	
5.2E-5	815073	
5.3E-5	811261	
5.4E-5	807606	
5.5E-5	812647	
5.6E-5	809612	
5.7E-5	810589	
5.8E-5	808289	
5.9E-5	812973	
6E-5	805453	
6.1E-5	804203	
6.2E-5	808415	
6.3E-5	809591	
6.4E-5	815157	
6.5E-5	809003	
6.6E-5	808646	
6.7E-5	810431	
6.8E-5	810904	
6.9E-5	809150	
7E-5	817216	
7.1E-5	814989	
7.2E-5	815178	
7.3E-5	816743	
7.4E-5	814674	
7.5E-5	814338	
7.6E-5	818077	
7.7E-5	814842	
7.8E-5	820335	
7.9E-5	818087	
8E-5	816743	
8.1E-5	818654	
8.2E-5	817027	
8.3E-5	818707	
8.4E-5	821763	
8.5E-5	818329	
8.6E-5	818171	
8.7E-5	822110	
8.8E-5	822204	
8.9E-5	822330	
9E-5	827518	
9.1E-5	823685	
9.2E-5	825271	
9.3E-5	827876	
9.4E-5	820293	
9.5E-5	821038	
9.6E-5	825492	
9.7E-5	823128	
9.8E-5	822036	
9.9E-5	820534	
0.0001	818413	
0.000101	818077	
0.000102	815735	
0.000103	818938	
0.000104	814464	
0.000105	817363	
0.000106	813802	
0.000107	816690	
0.000108	814863	
0.000109	811733	
0.00011	811555	
0.000111	814296	
0.000112	816270	
0.000113	810652	
0.000114	810452	
0.000115	807270	
0.000116	808015	
0.000117	810053	
0.000118	806356	
0.000119	808383	
0.00012	803090	
0.000121	799813	
0.000122	800937	
0.000123	806272	
0.000124	804235	
0.000125	805064	
0.000126	803751	
0.000127	803132	
0.000128	799120	
0.000129	796515	
0.00013	801767	
0.000131	800758	
0.000132	799593	
0.000133	802796	
0.000134	802775	
0.000135	805085	
0.000136	804455	
0.000137	806220	
0.000138	802344	
0.000139	803993	
0.00014	807375	
0.000141	804833	
0.000142	802533	
0.000143	806157	
0.000144	808026	
0.000145	809444	
0.000146	809496	
0.000147	807994	
0.000148	806787	
0.000149	810263	
0.00015	814054	
0.000151	812017	
0.000152	810494	
0.000153	812143	
0.000154	812038	
0.000155	813613	
0.000156	815367	
0.000157	815661	
0.000158	818129	
0.000159	810704	
0.00016	814138	
0.000161	814874	
0.000162	816207	
0.000163	812784	
0.000164	815094	
0.000165	812910	
0.000166	818822	
0.000167	816050	
0.000168	810956	
0.000169	813781	
0.00017	811576	
0.000171	814926	
0.000172	808425	
0.000173	806009	
0.000174	812700	
0.000175	809507	
0.000176	810673	
0.000177	808551	
0.000178	808698	
0.000179	801598	
0.00018	808120	
0.000181	804854	
0.000182	806619	
0.000183	804214	
0.000184	802155	
0.000185	806409	
0.000186	807049	
0.000187	799855	
0.000188	803415	
0.000189	803741	
0.00019	801220	
0.000191	798122	
0.000192	797923	
0.000193	802911	
0.000194	802680	
0.000195	797702	
0.000196	803625	
0.000197	797387	
0.000198	798101	
0.000199	800559	
0.0002	801325	
0.000201	803583	
0.000202	800118	
0.000203	806346	
0.000204	803048	
0.000205	800328	
0.000206	801977	
0.000207	800737	
0.000208	807784	
0.000209	801262	
0.00021	805348	
0.000211	807637	
0.000212	804707	
0.000213	804529	
0.000214	804193	
0.000215	810315	
0.000216	805568	
0.000217	810347	
0.000218	811849	
0.000219	808268	
0.00022	805085	
0.000221	811061	
0.000222	809202	
0.000223	807763	
0.000224	807753	
0.000225	810515	
0.000226	811219	
0.000227	812805	
0.000228	806976	
0.000229	808057	
0.00023	808782	
0.000231	809412	
0.000232	810452	
0.000233	805810	
0.000234	807795	
0.000235	810599	
0.000236	806577	
0.000237	807963	
0.000238	809255	
0.000239	810252	
0.00024	812237	
0.000241	801514	
0.000242	803730	
0.000243	808541	
0.000244	810053	
0.000245	803877	
0.000246	807175	
0.000247	801462	
0.000248	801798	
0.000249	804109	
0.00025	807427	
0.000251	804613	
0.000252	802019	
0.000253	803205	
0.000254	800769	
0.000255	806629	
0.000256	799078	
0.000257	804203	
0.000258	804455	
0.000259	797744	
0.00026	799803	
0.000261	800716	
0.000262	804329	
0.000263	801735	
0.000264	794887	
0.000265	800790	
0.000266	798637	
0.000267	798458	
0.000268	801042	
0.000269	798227	
0.00027	799529	
0.000271	797807	
0.000272	799382	
0.000273	805295	
0.000274	803751	
0.000275	801388	
0.000276	795570	
0.000277	806608	
0.000278	809171	
0.000279	804728	
0.00028	803646	
0.000281	807417	
0.000282	806986	
0.000283	808467	
0.000284	806482	
0.000285	808099	
0.000286	801577	
0.000287	808183	
0.000288	809097	
0.000289	808404	
0.00029	805915	
0.000291	801977	
0.000292	805946	
0.000293	810662	
0.000294	806577	
0.000295	818570	
0.000296	811219	
0.000297	806304	
0.000298	809895	
0.000299	805747	
0.0003	806745	
0.000301	808226	
0.000302	803226	
0.000303	806409	
0.000304	805852	
0.000305	808268	
0.000306	807585	
0.000307	808383	
0.000308	803972	
0.000309	810021	
0.00031	804560	
0.000311	806524	
0.000312	801483	
0.000313	808352	
0.000314	800937	
0.000315	805558	
0.000316	800044	
0.000317	803741	
0.000318	807238	
0.000319	804928	
0.00032	802281	
0.000321	803478	
0.000322	801073	
0.000323	796652	
0.000324	799204	
0.000325	805547	
0.000326	797334	
0.000327	796610	
0.000328	798458	
0.000329	797608	
0.00033	799172	
0.000331	800359	
0.000332	800548	
0.000333	800506	
0.000334	801084	
0.000335	800989	
0.000336	803405	
0.000337	798973	
0.000338	800884	
0.000339	800170	
0.00034	804098	
0.000341	804287	
0.000342	801000	
0.000343	797313	
0.000344	801830	
0.000345	803625	
0.000346	800926	
0.000347	804287	
0.000348	804035	
0.000349	799614	
0.00035	806755	
0.000351	803909	
0.000352	803846	
0.000353	805505	
0.000354	803846	
0.000355	809538	
0.000356	806335	
0.000357	807249	
0.000358	802691	
0.000359	810431	
0.00036	805337	
0.000361	808036	
0.000362	804875	
0.000363	806073	
0.000364	804140	
0.000365	800370	
0.000366	802638	
0.000367	800968	
0.000368	808362	
0.000369	806913	
0.00037	803090	
0.000371	810662	
0.000372	801651	
0.000373	802638	
0.000374	802806	
0.000375	797839	
0.000376	808310	
0.000377	805453	
0.000378	805820	
0.000379	802754	
0.00038	802512	
0.000381	799740	
0.000382	802670	
0.000383	803941	
0.000384	800916	
0.000385	806199	
0.000386	796830	
0.000387	803174	
0.000388	803510	
0.000389	801987	
0.00039	801619	
0.000391	800790	
0.000392	803016	
0.000393	796673	
0.000394	796148	
0.000395	794404	
0.000396	799382	
0.000397	799246	
0.000398	797975	
0.000399	801357	
0.0004	800076	
0.000401	802869	
0.000402	804592	
0.000403	800622	
0.000404	803699	
0.000405	802250	
0.000406	802575	
0.000407	798784	
0.000408	799572	
0.000409	799960	
0.00041	798500	
0.000411	803237	
0.000412	802764	
0.000413	805075	
0.000414	803562	
0.000415	808057	
0.000416	808194	
0.000417	808183	
0.000418	809265	
0.000419	809024	
0.00042	805663	
0.000421	805138	
0.000422	804004	
0.000423	806745	
0.000424	807280	
0.000425	804371	
0.000426	805190	
0.000427	802565	
0.000428	805421	
0.000429	808866	
0.00043	805663	
0.000431	802565	
0.000432	808162	
0.000433	805495	
0.000434	808436	
0.000435	802365	
0.000436	808257	
0.000437	810757	
0.000438	810673	
0.000439	804644	
0.00044	804487	
0.000441	803920	
0.000442	799414	
0.000443	804161	
0.000444	808320	
0.000445	800128	
0.000446	808015	
0.000447	808793	
0.000448	803930	
0.000449	804497	
0.00045	802607	
0.000451	801966	
0.000452	804529	
0.000453	802302	
0.000454	801861	
0.000455	792839	
0.000456	801294	
0.000457	806545	
0.000458	800874	
0.000459	797513	
0.00046	798227	
0.000461	800149	
0.000462	802197	
0.000463	805348	
0.000464	801935	
0.000465	800380	
0.000466	802712	
0.000467	801935	
0.000468	795948	
0.000469	800286	
0.00047	798290	
0.000471	801998	
0.000472	803310	
0.000473	804308	
0.000474	805894	
0.000475	801346	
0.000476	802911	
0.000477	805862	
0.000478	803342	
0.000479	807112	
0.00048	802008	
0.000481	801998	
0.000482	804833	
0.000483	807186	
0.000484	804487	
0.000485	801535	
0.000486	808898	
0.000487	803394	
0.000488	806629	
0.000489	805726	
0.00049	805610	
0.000491	805117	
0.000492	812006	
0.000493	812311	
0.000494	807270	
0.000495	805904	
0.000496	806629	
0.000497	802281	
0.000498	810021	
0.000499	808320	
0.0005	804550	
0.000501	805327	
0.000502	806661	
0.000503	806094	
0.000504	805988	
0.000505	807217	
0.000506	809738	
0.000507	809622	
0.000508	803909	
0.000509	805673	
0.00051	806619	
0.000511	802145	
0.000512	800338	
0.000513	806577	
0.000514	805169	
0.000515	804875	
0.000516	808866	
0.000517	801872	
0.000518	803657	
0.000519	802659	
0.00052	806209	
0.000521	804508	
0.000522	802911	
0.000523	799183	
0.000524	801094	
0.000525	800391	
0.000526	802029	
0.000527	798700	
0.000528	801998	
0.000529	801861	
0.00053	800191	
0.000531	800548	
0.000532	800590	
0.000533	802554	
0.000534	806356	
0.000535	804035	
0.000536	803657	
0.000537	805904	
0.000538	807165	
0.000539	797965	
0.00054	802533	
0.000541	797250	
0.000542	803730	
0.000543	804959	
0.000544	797534	
0.000545	808845	
0.000546	799992	
0.000547	801021	
0.000548	807007	
0.000549	806440	
0.00055	806335	
0.000551	807448	
0.000552	810599	
0.000553	805757	
0.000554	806283	
0.000555	806136	
0.000556	810137	
0.000557	807543	
0.000558	799771	
0.000559	808394	
0.00056	803163	
0.000561	807879	
0.000562	805264	
0.000563	803268	
0.000564	809202	
0.000565	802869	
0.000566	806860	
0.000567	807165	
0.000568	805432	
0.000569	808866	
0.00057	813844	
0.000571	808856	
0.000572	809979	
0.000573	804361	
0.000574	801546	
0.000575	802481	
0.000576	807060	
0.000577	804403	
0.000578	803699	
0.000579	807133	
0.00058	803373	
0.000581	802701	
0.000582	802869	
0.000583	802964	
0.000584	806314	
0.000585	808131	
0.000586	807175	
0.000587	806923	
0.000588	799918	
0.000589	801903	
0.00059	802092	
0.000591	804865	
0.000592	801126	
0.000593	802701	
0.000594	803037	
0.000595	799193	
0.000596	807984	
0.000597	803426	
0.000598	801147	
0.000599	804749	
0.0006	796589	
0.000601	803615	
0.000602	801241	
0.000603	803499	
0.000604	804235	
0.000605	805925	
0.000606	800349	
0.000607	800055	
0.000608	802806	
0.000609	798910	
0.00061	802890	
0.000611	808562	
0.000612	801010	
0.000613	806818	
0.000614	802533	
0.000615	799677	
0.000616	803993	
0.000617	802092	
0.000618	804791	
0.000619	807879	
0.00062	804634	
0.000621	808940	
0.000622	813246	
0.000623	807291	
0.000624	804508	
0.000625	804119	
0.000626	806766	
0.000627	802544	
0.000628	811670	
0.000629	807322	
0.00063	808215	
0.000631	807921	
0.000632	805705	
0.000633	810063	
0.000634	812248	
0.000635	804056	
0.000636	811103	
0.000637	807595	
0.000638	804529	
0.000639	811670	
0.00064	808898	
0.000641	799824	
0.000642	808099	
0.000643	809580	
0.000644	806094	
0.000645	805537	
0.000646	803877	
0.000647	808688	
0.000648	806892	
0.000649	807963	
0.00065	800685	
0.000651	807637	
0.000652	801052	
0.000653	804749	
0.000654	805799	
0.000655	801504	
0.000656	807721	
0.000657	808688	
0.000658	805936	
0.000659	811250	
0.00066	804161	
0.000661	802481	
0.000662	809559	
0.000663	804875	
0.000664	805810	
0.000665	803762	
0.000666	803457	
0.000667	805652	
0.000668	807637	
0.000669	801294	
0.00067	803069	
0.000671	797166	
0.000672	806272	
0.000673	805936	
0.000674	805558	
0.000675	799635	
0.000676	809202	
0.000677	803027	
0.000678	804035	
0.000679	805064	
0.00068	804329	
0.000681	806797	
0.000682	806398	
0.000683	807532	
0.000684	810757	
0.000685	806419	
0.000686	814359	
0.000687	810158	
0.000688	806304	
0.000689	804424	
0.00069	810189	
0.000691	811513	
0.000692	807291	
0.000693	804497	
0.000694	809444	
0.000695	809759	
0.000696	810011	
0.000697	808793	
0.000698	806136	
0.000699	810431	
0.0007	813088	
0.000701	811628	
0.000702	807669	
0.000703	804634	
0.000704	808194	
0.000705	814107	
0.000706	805537	
0.000707	811324	
0.000708	809286	
0.000709	810379	
0.00071	811597	
0.000711	804602	
0.000712	813015	
0.000713	807018	
0.000714	803258	
0.000715	805978	
0.000716	807942	
0.000717	802827	
0.000718	807711	
0.000719	806598	
0.00072	804634	
0.000721	807354	
0.000722	801903	
0.000723	805589	
0.000724	804088	
0.000725	803730	
0.000726	805621	
0.000727	806052	
0.000728	801504	
0.000729	807858	
0.00073	803006	
0.000731	805253	
0.000732	802565	
0.000733	806976	
0.000734	804539	
0.000735	802838	
0.000736	802827	
0.000737	804476	
0.000738	805442	
0.000739	799971	
0.00074	809181	
0.000741	806703	
0.000742	804392	
0.000743	804781	
0.000744	800874	
0.000745	805264	
0.000746	806923	
0.000747	812637	
0.000748	803016	
0.000749	805474	
0.00075	804329	
0.000751	811786	
0.000752	803405	
0.000753	805453	
0.000754	799834	
0.000755	806818	
0.000756	811534	
0.000757	804854	
0.000758	810137	
0.000759	811229	
0.00076	804119	
0.000761	809612	
0.000762	809538	
0.000763	809076	
0.000764	811334	
0.000765	810105	
0.000766	809496	
0.000767	808982	
0.000768	804844	
0.000769	812300	
0.00077	807448	
0.000771	805967	
0.000772	804875	
0.000773	807018	
0.000774	805663	
0.000775	802733	
0.000776	803478	
0.000777	804980	
0.000778	806734	
0.000779	805117	
0.00078	803678	
0.000781	807343	
0.000782	805936	
0.000783	811366	
0.000784	801714	
0.000785	808057	
0.000786	808604	
0.000787	807459	
0.000788	806377	
0.000789	804182	
0.00079	800643	
0.000791	806020	
0.000792	808141	
0.000793	804361	
0.000794	802386	
0.000795	801830	
0.000796	804959	
0.000797	803983	
0.000798	801830	
0.000799	802575	
0.0008	807123	
0.000801	806409	
0.000802	812122	
0.000803	803163	
0.000804	803163	
0.000805	803489	
0.000806	799614	
0.000807	801577	
0.000808	804319	
0.000809	803016	
0.00081	807154	
0.000811	802764	
0.000812	800055	
0.000813	805127	
0.000814	804770	
0.000815	807942	
0.000816	810473	
0.000817	809885	
0.000818	806871	
0.000819	802229	
0.00082	804371	
0.000821	810263	
0.000822	803835	
0.000823	806125	
0.000824	806829	
0.000825	803688	
0.000826	808226	
0.000827	804245	
0.000828	810305	
0.000829	807427	
0.00083	807270	
0.000831	809076	
0.000832	813246	
0.000833	805201	
0.000834	809118	
0.000835	809937	
0.000836	808373	
0.000837	811261	
0.000838	810967	
0.000839	810841	
0.00084	808436	
0.000841	808730	
0.000842	806125	
0.000843	808120	
0.000844	809958	
0.000845	808877	
0.000846	809433	
0.000847	811870	
0.000848	809139	
0.000849	811145	
0.00085	804361	
0.000851	804350	
0.000852	807228	
0.000853	810652	
0.000854	811513	
0.000855	806409	
0.000856	804518	
0.000857	804424	
0.000858	811733	
0.000859	806346	
0.00086	802701	
0.000861	809391	
0.000862	808604	
0.000863	804991	
0.000864	805201	
0.000865	812553	
0.000866	803037	
0.000867	807102	
0.000868	803478	
0.000869	805736	
0.00087	801619	
0.000871	807343	
0.000872	804896	
0.000873	804980	
0.000874	807469	
0.000875	809738	
0.000876	809055	
0.000877	807900	
0.000878	806241	
0.000879	812069	
0.00088	806009	
0.000881	804161	
0.000882	807501	
0.000883	806052	
0.000884	806923	
0.000885	810694	
0.000886	809706	
0.000887	811051	
0.000888	808866	
0.000889	807553	
0.00089	808141	
0.000891	809444	
0.000892	806461	
0.000893	805600	
0.000894	809759	
0.000895	807438	
0.000896	807018	
0.000897	808982	
0.000898	809948	
0.000899	807427	
0.0009	806787	
0.000901	812983	
0.000902	807837	
0.000903	807354	
0.000904	809318	
0.000905	810526	
0.000906	810221	
0.000907	806545	
0.000908	807333	
0.000909	808152	
0.00091	810189	
0.000911	805925	
0.000912	810368	
0.000913	810074	
0.000914	806923	
0.000915	809696	
0.000916	810347	
0.000917	812300	
0.000918	811366	
0.000919	808530	
0.00092	808961	
0.000921	809202	
0.000922	809339	
0.000923	810095	
0.000924	806850	
0.000925	803636	
0.000926	812090	
0.000927	808446	
0.000928	802995	
0.000929	799151	
0.00093	804844	
0.000931	803048	
0.000932	806325	
0.000933	806052	
0.000934	802796	
0.000935	802302	
0.000936	809202	
0.000937	804109	
0.000938	812206	
0.000939	807406	
0.00094	802449	
0.000941	803289	
0.000942	807952	
0.000943	801651	
0.000944	802869	
0.000945	799057	
0.000946	809822	
0.000947	807700	
0.000948	807165	
0.000949	810673	
0.00095	807301	
0.000951	804980	
0.000952	801504	
0.000953	803552	
0.000954	811082	
0.000955	808709	
0.000956	805558	
0.000957	805274	
0.000958	805306	
0.000959	807207	
0.00096	808562	
0.000961	805999	
0.000962	808877	
0.000963	810935	
0.000964	810578	
0.000965	808635	
0.000966	807532	
0.000967	805789	
0.000968	803877	
0.000969	804602	
0.00097	806451	
0.000971	807585	
0.000972	808425	
0.000973	808141	
0.000974	805642	
0.000975	807343	
0.000976	813445	
0.000977	805852	
0.000978	807837	
0.000979	806839	
0.00098	804865	
0.000981	804539	
0.000982	805547	
0.000983	805558	
0.000984	811513	
0.000985	805936	
0.000986	805159	
0.000987	804350	
0.000988	808194	
0.000989	806755	
0.00099	807438	
0.000991	806566	
0.000992	806703	
0.000993	802890	
0.000994	799876	
0.000995	811807	
0.000996	803583	
0.000997	809402	
0.000998	806241	
