Temps - Tracé 0	Amplitude - Tracé 0	Temps - Tracé 1	Amplitude - Tracé 1	
2.6	2.61362E+6	2.6	2.61362E+6	
2.601	2.61418E+6	2.601	2.61418E+6	
2.602	2.60869E+6	2.602	2.60869E+6	
2.603	2.61196E+6	2.603	2.61196E+6	
2.604	2.61618E+6	2.604	2.61618E+6	
2.605	2.60837E+6	2.605	2.60837E+6	
2.606	2.61038E+6	2.606	2.61038E+6	
2.607	2.60353E+6	2.607	2.60353E+6	
2.608	2.61236E+6	2.608	2.61236E+6	
2.609	2.60509E+6	2.609	2.60509E+6	
2.61	2.60557E+6	2.61	2.60557E+6	
2.611	2.60869E+6	2.611	2.60869E+6	
2.612	2.60677E+6	2.612	2.60677E+6	
2.613	2.60964E+6	2.613	2.60964E+6	
2.614	2.60878E+6	2.614	2.60878E+6	
2.615	2.61713E+6	2.615	2.61713E+6	
2.616	2.60622E+6	2.616	2.60622E+6	
2.617	2.6061E+6	2.617	2.6061E+6	
2.618	2.60662E+6	2.618	2.60662E+6	
2.619	2.59768E+6	2.619	2.59768E+6	
2.62	2.60591E+6	2.62	2.60591E+6	
2.621	2.60773E+6	2.621	2.60773E+6	
2.622	2.60849E+6	2.622	2.60849E+6	
2.623	2.61088E+6	2.623	2.61088E+6	
2.624	2.61453E+6	2.624	2.61453E+6	
2.625	2.60596E+6	2.625	2.60596E+6	
2.626	2.60447E+6	2.626	2.60447E+6	
2.627	2.60952E+6	2.627	2.60952E+6	
2.628	2.60768E+6	2.628	2.60768E+6	
2.629	2.6034E+6	2.629	2.6034E+6	
2.63	2.61146E+6	2.63	2.61146E+6	
2.631	2.60506E+6	2.631	2.60506E+6	
2.632	2.60857E+6	2.632	2.60857E+6	
2.633	2.61487E+6	2.633	2.61487E+6	
2.634	2.60433E+6	2.634	2.60433E+6	
2.635	2.60706E+6	2.635	2.60706E+6	
2.636	2.60647E+6	2.636	2.60647E+6	
2.637	2.602E+6	2.637	2.602E+6	
2.638	2.613E+6	2.638	2.613E+6	
2.639	2.60494E+6	2.639	2.60494E+6	
2.64	2.60362E+6	2.64	2.60362E+6	
2.641	2.60618E+6	2.641	2.60618E+6	
2.642	2.59877E+6	2.642	2.59877E+6	
2.643	2.59391E+6	2.643	2.59391E+6	
2.644	2.60227E+6	2.644	2.60227E+6	
2.645	2.59037E+6	2.645	2.59037E+6	
2.646	2.58966E+6	2.646	2.58966E+6	
2.647	2.57004E+6	2.647	2.57004E+6	
2.648	2.56165E+6	2.648	2.56165E+6	
2.649	2.52231E+6	2.649	2.52231E+6	
2.65	2.49755E+6	2.65	2.49755E+6	
2.651	2.49272E+6	2.651	2.49272E+6	
2.652	2.48792E+6	2.652	2.48792E+6	
2.653	2.49496E+6	2.653	2.49496E+6	
2.654	2.49713E+6	2.654	2.49713E+6	
2.655	2.5271E+6	2.655	2.5271E+6	
2.656	2.56489E+6	2.656	2.56489E+6	
2.657	2.58172E+6	2.657	2.58172E+6	
2.658	2.58968E+6	2.658	2.58968E+6	
2.659	2.59471E+6	2.659	2.59471E+6	
2.66	2.59695E+6	2.66	2.59695E+6	
2.661	2.60058E+6	2.661	2.60058E+6	
2.662	2.59909E+6	2.662	2.59909E+6	
2.663	2.60135E+6	2.663	2.60135E+6	
2.664	2.60538E+6	2.664	2.60538E+6	
2.665	2.60654E+6	2.665	2.60654E+6	
2.666	2.60329E+6	2.666	2.60329E+6	
2.667	2.60621E+6	2.667	2.60621E+6	
2.668	2.607E+6	2.668	2.607E+6	
2.669	2.60233E+6	2.669	2.60233E+6	
2.67	2.60198E+6	2.67	2.60198E+6	
2.671	2.6046E+6	2.671	2.6046E+6	
2.672	2.60809E+6	2.672	2.60809E+6	
2.673	2.60935E+6	2.673	2.60935E+6	
2.674	2.6022E+6	2.674	2.6022E+6	
2.675	2.59777E+6	2.675	2.59777E+6	
2.676	2.60802E+6	2.676	2.60802E+6	
2.677	2.60879E+6	2.677	2.60879E+6	
2.678	2.60616E+6	2.678	2.60616E+6	
2.679	2.60526E+6	2.679	2.60526E+6	
2.68	2.60128E+6	2.68	2.60128E+6	
2.681	2.60482E+6	2.681	2.60482E+6	
2.682	2.60915E+6	2.682	2.60915E+6	
2.683	2.61201E+6	2.683	2.61201E+6	
2.684	2.61044E+6	2.684	2.61044E+6	
2.685	2.60105E+6	2.685	2.60105E+6	
2.686	2.60628E+6	2.686	2.60628E+6	
2.687	2.60304E+6	2.687	2.60304E+6	
2.688	2.60689E+6	2.688	2.60689E+6	
2.689	2.61286E+6	2.689	2.61286E+6	
2.69	2.61048E+6	2.69	2.61048E+6	
2.691	2.60636E+6	2.691	2.60636E+6	
2.692	2.60647E+6	2.692	2.60647E+6	
2.693	2.6054E+6	2.693	2.6054E+6	
2.694	2.6109E+6	2.694	2.6109E+6	
2.695	2.60776E+6	2.695	2.60776E+6	
2.696	2.60473E+6	2.696	2.60473E+6	
2.697	2.60977E+6	2.697	2.60977E+6	
2.698	2.60911E+6	2.698	2.60911E+6	
2.699	2.61132E+6	2.699	2.61132E+6	
2.7	2.60632E+6	2.7	2.60632E+6	
2.701	2.60545E+6	2.701	2.60545E+6	
2.702	2.60883E+6	2.702	2.60883E+6	
2.703	2.60872E+6	2.703	2.60872E+6	
2.704	2.60052E+6	2.704	2.60052E+6	
2.705	2.60169E+6	2.705	2.60169E+6	
2.706	2.60444E+6	2.706	2.60444E+6	
2.707	2.60622E+6	2.707	2.60622E+6	
2.708	2.60975E+6	2.708	2.60975E+6	
2.709	2.60699E+6	2.709	2.60699E+6	
2.71	2.61527E+6	2.71	2.61527E+6	
2.711	2.61001E+6	2.711	2.61001E+6	
2.712	2.6043E+6	2.712	2.6043E+6	
2.713	2.60596E+6	2.713	2.60596E+6	
2.714	2.606E+6	2.714	2.606E+6	
2.715	2.60461E+6	2.715	2.60461E+6	
2.716	2.60869E+6	2.716	2.60869E+6	
2.717	2.60893E+6	2.717	2.60893E+6	
2.718	2.60571E+6	2.718	2.60571E+6	
2.719	2.60797E+6	2.719	2.60797E+6	
2.72	2.60887E+6	2.72	2.60887E+6	
2.721	2.609E+6	2.721	2.609E+6	
2.722	2.6052E+6	2.722	2.6052E+6	
2.723	2.60955E+6	2.723	2.60955E+6	
2.724	2.60726E+6	2.724	2.60726E+6	
2.725	2.60476E+6	2.725	2.60476E+6	
2.726	2.60821E+6	2.726	2.60821E+6	
2.727	2.60657E+6	2.727	2.60657E+6	
2.728	2.61003E+6	2.728	2.61003E+6	
2.729	2.61022E+6	2.729	2.61022E+6	
2.73	2.60473E+6	2.73	2.60473E+6	
2.731	2.60782E+6	2.731	2.60782E+6	
2.732	2.61053E+6	2.732	2.61053E+6	
2.733	2.6029E+6	2.733	2.6029E+6	
2.734	2.6041E+6	2.734	2.6041E+6	
2.735	2.60871E+6	2.735	2.60871E+6	
2.736	2.60283E+6	2.736	2.60283E+6	
2.737	2.60733E+6	2.737	2.60733E+6	
2.738	2.61073E+6	2.738	2.61073E+6	
2.739	2.60803E+6	2.739	2.60803E+6	
2.74	2.60679E+6	2.74	2.60679E+6	
2.741	2.60421E+6	2.741	2.60421E+6	
2.742	2.6104E+6	2.742	2.6104E+6	
2.743	2.60831E+6	2.743	2.60831E+6	
2.744	2.61069E+6	2.744	2.61069E+6	
2.745	2.61423E+6	2.745	2.61423E+6	
2.746	2.60741E+6	2.746	2.60741E+6	
2.747	2.60457E+6	2.747	2.60457E+6	
2.748	2.60305E+6	2.748	2.60305E+6	
2.749	2.61081E+6	2.749	2.61081E+6	
2.75	2.60761E+6	2.75	2.60761E+6	
2.751	2.6089E+6	2.751	2.6089E+6	
2.752	2.60731E+6	2.752	2.60731E+6	
2.753	2.60754E+6	2.753	2.60754E+6	
2.754	2.60563E+6	2.754	2.60563E+6	
2.755	2.61285E+6	2.755	2.61285E+6	
2.756	2.60998E+6	2.756	2.60998E+6	
2.757	2.60867E+6	2.757	2.60867E+6	
2.758	2.60333E+6	2.758	2.60333E+6	
2.759	2.60744E+6	2.759	2.60744E+6	
2.76	2.60681E+6	2.76	2.60681E+6	
2.761	2.6018E+6	2.761	2.6018E+6	
2.762	2.60124E+6	2.762	2.60124E+6	
2.763	2.60408E+6	2.763	2.60408E+6	
2.764	2.60521E+6	2.764	2.60521E+6	
2.765	2.60588E+6	2.765	2.60588E+6	
2.766	2.60477E+6	2.766	2.60477E+6	
2.767	2.60646E+6	2.767	2.60646E+6	
2.768	2.61226E+6	2.768	2.61226E+6	
2.769	2.60842E+6	2.769	2.60842E+6	
2.77	2.60394E+6	2.77	2.60394E+6	
2.771	2.60722E+6	2.771	2.60722E+6	
2.772	2.60534E+6	2.772	2.60534E+6	
2.773	2.60346E+6	2.773	2.60346E+6	
2.774	2.6037E+6	2.774	2.6037E+6	
2.775	2.60999E+6	2.775	2.60999E+6	
2.776	2.59018E+6	2.776	2.59018E+6	
2.777	2.59399E+6	2.777	2.59399E+6	
2.778	2.59115E+6	2.778	2.59115E+6	
2.779	2.5959E+6	2.779	2.5959E+6	
2.78	2.59203E+6	2.78	2.59203E+6	
2.781	2.60035E+6	2.781	2.60035E+6	
2.782	2.60703E+6	2.782	2.60703E+6	
2.783	2.60317E+6	2.783	2.60317E+6	
2.784	2.60591E+6	2.784	2.60591E+6	
2.785	2.60566E+6	2.785	2.60566E+6	
2.786	2.60731E+6	2.786	2.60731E+6	
2.787	2.61138E+6	2.787	2.61138E+6	
2.788	2.60941E+6	2.788	2.60941E+6	
2.789	2.60848E+6	2.789	2.60848E+6	
2.79	2.60948E+6	2.79	2.60948E+6	
2.791	2.60809E+6	2.791	2.60809E+6	
2.792	2.60897E+6	2.792	2.60897E+6	
2.793	2.60088E+6	2.793	2.60088E+6	
2.794	2.61113E+6	2.794	2.61113E+6	
2.795	2.60439E+6	2.795	2.60439E+6	
2.796	2.60284E+6	2.796	2.60284E+6	
2.797	2.60051E+6	2.797	2.60051E+6	
2.798	2.59636E+6	2.798	2.59636E+6	
2.799	2.59941E+6	2.799	2.59941E+6	
2.8	2.59822E+6	2.8	2.59822E+6	
2.801	2.60191E+6	2.801	2.60191E+6	
2.802	2.61339E+6	2.802	2.61339E+6	
2.803	2.60727E+6	2.803	2.60727E+6	
2.804	2.61093E+6	2.804	2.61093E+6	
2.805	2.60345E+6	2.805	2.60345E+6	
2.806	2.60434E+6	2.806	2.60434E+6	
2.807	2.61157E+6	2.807	2.61157E+6	
2.808	2.60025E+6	2.808	2.60025E+6	
2.809	2.60826E+6	2.809	2.60826E+6	
2.81	2.61336E+6	2.81	2.61336E+6	
2.811	2.60042E+6	2.811	2.60042E+6	
2.812	2.60442E+6	2.812	2.60442E+6	
2.813	2.60242E+6	2.813	2.60242E+6	
2.814	2.6077E+6	2.814	2.6077E+6	
2.815	2.60775E+6	2.815	2.60775E+6	
2.816	2.61388E+6	2.816	2.61388E+6	
2.817	2.6149E+6	2.817	2.6149E+6	
2.818	2.61031E+6	2.818	2.61031E+6	
2.819	2.60374E+6	2.819	2.60374E+6	
2.82	2.60764E+6	2.82	2.60764E+6	
2.821	2.6021E+6	2.821	2.6021E+6	
2.822	2.61037E+6	2.822	2.61037E+6	
2.823	2.60365E+6	2.823	2.60365E+6	
2.824	2.60696E+6	2.824	2.60696E+6	
2.825	2.61482E+6	2.825	2.61482E+6	
2.826	2.60776E+6	2.826	2.60776E+6	
2.827	2.6054E+6	2.827	2.6054E+6	
2.828	2.60643E+6	2.828	2.60643E+6	
2.829	2.6085E+6	2.829	2.6085E+6	
2.83	2.60829E+6	2.83	2.60829E+6	
2.831	2.61127E+6	2.831	2.61127E+6	
2.832	2.60588E+6	2.832	2.60588E+6	
2.833	2.61011E+6	2.833	2.61011E+6	
2.834	2.60399E+6	2.834	2.60399E+6	
2.835	2.61024E+6	2.835	2.61024E+6	
2.836	2.61183E+6	2.836	2.61183E+6	
2.837	2.60921E+6	2.837	2.60921E+6	
2.838	2.60899E+6	2.838	2.60899E+6	
2.839	2.61325E+6	2.839	2.61325E+6	
2.84	2.60541E+6	2.84	2.60541E+6	
2.841	2.60461E+6	2.841	2.60461E+6	
2.842	2.60634E+6	2.842	2.60634E+6	
2.843	2.60983E+6	2.843	2.60983E+6	
2.844	2.60148E+6	2.844	2.60148E+6	
2.845	2.61357E+6	2.845	2.61357E+6	
2.846	2.60742E+6	2.846	2.60742E+6	
2.847	2.60681E+6	2.847	2.60681E+6	
2.848	2.61019E+6	2.848	2.61019E+6	
2.849	2.60544E+6	2.849	2.60544E+6	
2.85	2.6121E+6	2.85	2.6121E+6	
2.851	2.61246E+6	2.851	2.61246E+6	
2.852	2.6073E+6	2.852	2.6073E+6	
2.853	2.60771E+6	2.853	2.60771E+6	
2.854	2.60301E+6	2.854	2.60301E+6	
2.855	2.60702E+6	2.855	2.60702E+6	
2.856	2.60903E+6	2.856	2.60903E+6	
2.857	2.60304E+6	2.857	2.60304E+6	
2.858	2.60483E+6	2.858	2.60483E+6	
2.859	2.61121E+6	2.859	2.61121E+6	
2.86	2.6045E+6	2.86	2.6045E+6	
2.861	2.61031E+6	2.861	2.61031E+6	
2.862	2.60913E+6	2.862	2.60913E+6	
2.863	2.60422E+6	2.863	2.60422E+6	
2.864	2.60479E+6	2.864	2.60479E+6	
2.865	2.60957E+6	2.865	2.60957E+6	
2.866	2.61086E+6	2.866	2.61086E+6	
2.867	2.61059E+6	2.867	2.61059E+6	
2.868	2.60936E+6	2.868	2.60936E+6	
2.869	2.60623E+6	2.869	2.60623E+6	
2.87	2.60764E+6	2.87	2.60764E+6	
2.871	2.60846E+6	2.871	2.60846E+6	
2.872	2.60746E+6	2.872	2.60746E+6	
2.873	2.60941E+6	2.873	2.60941E+6	
2.874	2.60964E+6	2.874	2.60964E+6	
2.875	2.60603E+6	2.875	2.60603E+6	
2.876	2.61256E+6	2.876	2.61256E+6	
2.877	2.60537E+6	2.877	2.60537E+6	
2.878	2.60816E+6	2.878	2.60816E+6	
2.879	2.6034E+6	2.879	2.6034E+6	
2.88	2.60474E+6	2.88	2.60474E+6	
2.881	2.60244E+6	2.881	2.60244E+6	
2.882	2.60551E+6	2.882	2.60551E+6	
2.883	2.60143E+6	2.883	2.60143E+6	
2.884	2.60843E+6	2.884	2.60843E+6	
2.885	2.60507E+6	2.885	2.60507E+6	
2.886	2.60964E+6	2.886	2.60964E+6	
2.887	2.60875E+6	2.887	2.60875E+6	
2.888	2.60811E+6	2.888	2.60811E+6	
2.889	2.60674E+6	2.889	2.60674E+6	
2.89	2.60844E+6	2.89	2.60844E+6	
2.891	2.61097E+6	2.891	2.61097E+6	
2.892	2.6065E+6	2.892	2.6065E+6	
2.893	2.60718E+6	2.893	2.60718E+6	
2.894	2.6049E+6	2.894	2.6049E+6	
2.895	2.60839E+6	2.895	2.60839E+6	
2.896	2.61134E+6	2.896	2.61134E+6	
2.897	2.60775E+6	2.897	2.60775E+6	
2.898	2.61284E+6	2.898	2.61284E+6	
2.899	2.61097E+6	2.899	2.61097E+6	
2.9	2.60937E+6	2.9	2.60937E+6	
2.901	2.60279E+6	2.901	2.60279E+6	
2.902	2.60869E+6	2.902	2.60869E+6	
2.903	2.61045E+6	2.903	2.61045E+6	
2.904	2.6033E+6	2.904	2.6033E+6	
2.905	2.61256E+6	2.905	2.61256E+6	
2.906	2.61102E+6	2.906	2.61102E+6	
2.907	2.60807E+6	2.907	2.60807E+6	
2.908	2.60228E+6	2.908	2.60228E+6	
2.909	2.60473E+6	2.909	2.60473E+6	
2.91	2.60134E+6	2.91	2.60134E+6	
2.911	2.61057E+6	2.911	2.61057E+6	
2.912	2.60617E+6	2.912	2.60617E+6	
2.913	2.6084E+6	2.913	2.6084E+6	
2.914	2.60662E+6	2.914	2.60662E+6	
2.915	2.60474E+6	2.915	2.60474E+6	
2.916	2.60446E+6	2.916	2.60446E+6	
2.917	2.60414E+6	2.917	2.60414E+6	
2.918	2.60457E+6	2.918	2.60457E+6	
2.919	2.60873E+6	2.919	2.60873E+6	
2.92	2.60709E+6	2.92	2.60709E+6	
2.921	2.60675E+6	2.921	2.60675E+6	
2.922	2.60347E+6	2.922	2.60347E+6	
2.923	2.60614E+6	2.923	2.60614E+6	
2.924	2.60484E+6	2.924	2.60484E+6	
2.925	2.60781E+6	2.925	2.60781E+6	
2.926	2.61296E+6	2.926	2.61296E+6	
2.927	2.60793E+6	2.927	2.60793E+6	
2.928	2.60726E+6	2.928	2.60726E+6	
2.929	2.60113E+6	2.929	2.60113E+6	
2.93	2.61015E+6	2.93	2.61015E+6	
2.931	2.60941E+6	2.931	2.60941E+6	
2.932	2.60803E+6	2.932	2.60803E+6	
2.933	2.60681E+6	2.933	2.60681E+6	
2.934	2.61023E+6	2.934	2.61023E+6	
2.935	2.60311E+6	2.935	2.60311E+6	
2.936	2.60832E+6	2.936	2.60832E+6	
2.937	2.61548E+6	2.937	2.61548E+6	
2.938	2.6047E+6	2.938	2.6047E+6	
2.939	2.60803E+6	2.939	2.60803E+6	
2.94	2.61253E+6	2.94	2.61253E+6	
2.941	2.60936E+6	2.941	2.60936E+6	
2.942	2.6041E+6	2.942	2.6041E+6	
2.943	2.59899E+6	2.943	2.59899E+6	
2.944	2.61183E+6	2.944	2.61183E+6	
2.945	2.60688E+6	2.945	2.60688E+6	
2.946	2.60366E+6	2.946	2.60366E+6	
2.947	2.61281E+6	2.947	2.61281E+6	
2.948	2.61541E+6	2.948	2.61541E+6	
2.949	2.61169E+6	2.949	2.61169E+6	
2.95	2.60414E+6	2.95	2.60414E+6	
2.951	2.60944E+6	2.951	2.60944E+6	
2.952	2.60896E+6	2.952	2.60896E+6	
2.953	2.60624E+6	2.953	2.60624E+6	
2.954	2.60875E+6	2.954	2.60875E+6	
2.955	2.61557E+6	2.955	2.61557E+6	
2.956	2.60533E+6	2.956	2.60533E+6	
2.957	2.60588E+6	2.957	2.60588E+6	
2.958	2.6045E+6	2.958	2.6045E+6	
2.959	2.61288E+6	2.959	2.61288E+6	
2.96	2.60521E+6	2.96	2.60521E+6	
2.961	2.60802E+6	2.961	2.60802E+6	
2.962	2.61026E+6	2.962	2.61026E+6	
2.963	2.6062E+6	2.963	2.6062E+6	
2.964	2.60465E+6	2.964	2.60465E+6	
2.965	2.60904E+6	2.965	2.60904E+6	
2.966	2.61141E+6	2.966	2.61141E+6	
2.967	2.59817E+6	2.967	2.59817E+6	
2.968	2.60244E+6	2.968	2.60244E+6	
2.969	2.61116E+6	2.969	2.61116E+6	
2.97	2.60831E+6	2.97	2.60831E+6	
2.971	2.61041E+6	2.971	2.61041E+6	
2.972	2.60149E+6	2.972	2.60149E+6	
2.973	2.60472E+6	2.973	2.60472E+6	
2.974	2.60881E+6	2.974	2.60881E+6	
2.975	2.60637E+6	2.975	2.60637E+6	
2.976	2.60516E+6	2.976	2.60516E+6	
2.977	2.60891E+6	2.977	2.60891E+6	
2.978	2.60822E+6	2.978	2.60822E+6	
2.979	2.60408E+6	2.979	2.60408E+6	
2.98	2.6079E+6	2.98	2.6079E+6	
2.981	2.60416E+6	2.981	2.60416E+6	
2.982	2.6046E+6	2.982	2.6046E+6	
2.983	2.60632E+6	2.983	2.60632E+6	
2.984	2.60513E+6	2.984	2.60513E+6	
2.985	2.60933E+6	2.985	2.60933E+6	
2.986	2.60684E+6	2.986	2.60684E+6	
2.987	2.60107E+6	2.987	2.60107E+6	
2.988	2.60514E+6	2.988	2.60514E+6	
2.989	2.59569E+6	2.989	2.59569E+6	
2.99	2.60653E+6	2.99	2.60653E+6	
2.991	2.59804E+6	2.991	2.59804E+6	
2.992	2.60541E+6	2.992	2.60541E+6	
2.993	2.60898E+6	2.993	2.60898E+6	
2.994	2.5991E+6	2.994	2.5991E+6	
2.995	2.60068E+6	2.995	2.60068E+6	
2.996	2.60535E+6	2.996	2.60535E+6	
2.997	2.6058E+6	2.997	2.6058E+6	
2.998	2.60502E+6	2.998	2.60502E+6	
2.999	2.60623E+6	2.999	2.60623E+6	
3	2.60744E+6	3	2.60744E+6	
3.001	2.60045E+6	3.001	2.60045E+6	
3.002	2.60533E+6	3.002	2.60533E+6	
3.003	2.60209E+6	3.003	2.60209E+6	
3.004	2.59708E+6	3.004	2.59708E+6	
3.005	2.59603E+6	3.005	2.59603E+6	
3.006	2.60643E+6	3.006	2.60643E+6	
3.007	2.59436E+6	3.007	2.59436E+6	
3.008	2.60167E+6	3.008	2.60167E+6	
3.009	2.60679E+6	3.009	2.60679E+6	
3.01	2.59957E+6	3.01	2.59957E+6	
3.011	2.60735E+6	3.011	2.60735E+6	
3.012	2.6136E+6	3.012	2.6136E+6	
3.013	2.61079E+6	3.013	2.61079E+6	
3.014	2.61093E+6	3.014	2.61093E+6	
3.015	2.6078E+6	3.015	2.6078E+6	
3.016	2.61232E+6	3.016	2.61232E+6	
3.017	2.61596E+6	3.017	2.61596E+6	
3.018	2.60964E+6	3.018	2.60964E+6	
3.019	2.60581E+6	3.019	2.60581E+6	
3.02	2.61037E+6	3.02	2.61037E+6	
3.021	2.60872E+6	3.021	2.60872E+6	
3.022	2.61334E+6	3.022	2.61334E+6	
3.023	2.60786E+6	3.023	2.60786E+6	
3.024	2.60361E+6	3.024	2.60361E+6	
3.025	2.6139E+6	3.025	2.6139E+6	
3.026	2.61252E+6	3.026	2.61252E+6	
3.027	2.60998E+6	3.027	2.60998E+6	
3.028	2.6101E+6	3.028	2.6101E+6	
3.029	2.60623E+6	3.029	2.60623E+6	
3.03	2.60851E+6	3.03	2.60851E+6	
3.031	2.607E+6	3.031	2.607E+6	
3.032	2.60771E+6	3.032	2.60771E+6	
3.033	2.60441E+6	3.033	2.60441E+6	
3.034	2.61212E+6	3.034	2.61212E+6	
3.035	2.60386E+6	3.035	2.60386E+6	
3.036	2.60789E+6	3.036	2.60789E+6	
3.037	2.60924E+6	3.037	2.60924E+6	
3.038	2.60979E+6	3.038	2.60979E+6	
3.039	2.60695E+6	3.039	2.60695E+6	
3.04	2.60243E+6	3.04	2.60243E+6	
3.041	2.60567E+6	3.041	2.60567E+6	
3.042	2.60806E+6	3.042	2.60806E+6	
3.043	2.60354E+6	3.043	2.60354E+6	
3.044	2.60748E+6	3.044	2.60748E+6	
3.045	2.6049E+6	3.045	2.6049E+6	
3.046	2.61246E+6	3.046	2.61246E+6	
3.047	2.6125E+6	3.047	2.6125E+6	
3.048	2.60575E+6	3.048	2.60575E+6	
3.049	2.60796E+6	3.049	2.60796E+6	
3.05	2.60346E+6	3.05	2.60346E+6	
3.051	2.60455E+6	3.051	2.60455E+6	
3.052	2.60204E+6	3.052	2.60204E+6	
3.053	2.60285E+6	3.053	2.60285E+6	
3.054	2.60752E+6	3.054	2.60752E+6	
3.055	2.60548E+6	3.055	2.60548E+6	
3.056	2.60857E+6	3.056	2.60857E+6	
3.057	2.61106E+6	3.057	2.61106E+6	
3.058	2.60577E+6	3.058	2.60577E+6	
3.059	2.60876E+6	3.059	2.60876E+6	
3.06	2.60486E+6	3.06	2.60486E+6	
3.061	2.61381E+6	3.061	2.61381E+6	
3.062	2.6052E+6	3.062	2.6052E+6	
3.063	2.60855E+6	3.063	2.60855E+6	
3.064	2.60739E+6	3.064	2.60739E+6	
3.065	2.60154E+6	3.065	2.60154E+6	
3.066	2.60768E+6	3.066	2.60768E+6	
3.067	2.60839E+6	3.067	2.60839E+6	
3.068	2.60101E+6	3.068	2.60101E+6	
3.069	2.61466E+6	3.069	2.61466E+6	
3.07	2.61041E+6	3.07	2.61041E+6	
3.071	2.60334E+6	3.071	2.60334E+6	
3.072	2.60563E+6	3.072	2.60563E+6	
3.073	2.61805E+6	3.073	2.61805E+6	
3.074	2.60857E+6	3.074	2.60857E+6	
3.075	2.60807E+6	3.075	2.60807E+6	
3.076	2.61321E+6	3.076	2.61321E+6	
3.077	2.61385E+6	3.077	2.61385E+6	
3.078	2.61039E+6	3.078	2.61039E+6	
3.079	2.61181E+6	3.079	2.61181E+6	
3.08	2.60776E+6	3.08	2.60776E+6	
3.081	2.60104E+6	3.081	2.60104E+6	
3.082	2.6081E+6	3.082	2.6081E+6	
3.083	2.60729E+6	3.083	2.60729E+6	
3.084	2.60263E+6	3.084	2.60263E+6	
3.085	2.61445E+6	3.085	2.61445E+6	
3.086	2.60344E+6	3.086	2.60344E+6	
3.087	2.61277E+6	3.087	2.61277E+6	
3.088	2.60834E+6	3.088	2.60834E+6	
3.089	2.60208E+6	3.089	2.60208E+6	
3.09	2.60362E+6	3.09	2.60362E+6	
3.091	2.58955E+6	3.091	2.58955E+6	
3.092	2.58771E+6	3.092	2.58771E+6	
3.093	2.59004E+6	3.093	2.59004E+6	
3.094	2.58292E+6	3.094	2.58292E+6	
3.095	2.59692E+6	3.095	2.59692E+6	
3.096	2.57512E+6	3.096	2.57512E+6	
3.097	2.59305E+6	3.097	2.59305E+6	
3.098	2.6068E+6	3.098	2.6068E+6	
3.099	2.60532E+6	3.099	2.60532E+6	
3.1	2.60438E+6	3.1	2.60438E+6	
3.101	2.60489E+6	3.101	2.60489E+6	
3.102	2.60499E+6	3.102	2.60499E+6	
3.103	2.60489E+6	3.103	2.60489E+6	
3.104	2.61234E+6	3.104	2.61234E+6	
3.105	2.60618E+6	3.105	2.60618E+6	
3.106	2.60642E+6	3.106	2.60642E+6	
3.107	2.6035E+6	3.107	2.6035E+6	
3.108	2.60964E+6	3.108	2.60964E+6	
3.109	2.60391E+6	3.109	2.60391E+6	
3.11	2.60983E+6	3.11	2.60983E+6	
3.111	2.60554E+6	3.111	2.60554E+6	
3.112	2.60577E+6	3.112	2.60577E+6	
3.113	2.60849E+6	3.113	2.60849E+6	
3.114	2.60762E+6	3.114	2.60762E+6	
3.115	2.61197E+6	3.115	2.61197E+6	
3.116	2.60637E+6	3.116	2.60637E+6	
3.117	2.61028E+6	3.117	2.61028E+6	
3.118	2.60308E+6	3.118	2.60308E+6	
3.119	2.61349E+6	3.119	2.61349E+6	
3.12	2.602E+6	3.12	2.602E+6	
3.121	2.60555E+6	3.121	2.60555E+6	
3.122	2.60842E+6	3.122	2.60842E+6	
3.123	2.60205E+6	3.123	2.60205E+6	
3.124	2.60391E+6	3.124	2.60391E+6	
3.125	2.60782E+6	3.125	2.60782E+6	
3.126	2.61313E+6	3.126	2.61313E+6	
3.127	2.61287E+6	3.127	2.61287E+6	
3.128	2.60648E+6	3.128	2.60648E+6	
3.129	2.61025E+6	3.129	2.61025E+6	
3.13	2.60853E+6	3.13	2.60853E+6	
3.131	2.61184E+6	3.131	2.61184E+6	
3.132	2.60784E+6	3.132	2.60784E+6	
3.133	2.60702E+6	3.133	2.60702E+6	
3.134	2.60691E+6	3.134	2.60691E+6	
3.135	2.60708E+6	3.135	2.60708E+6	
3.136	2.61076E+6	3.136	2.61076E+6	
3.137	2.60726E+6	3.137	2.60726E+6	
3.138	2.60541E+6	3.138	2.60541E+6	
3.139	2.61663E+6	3.139	2.61663E+6	
3.14	2.60927E+6	3.14	2.60927E+6	
3.141	2.61121E+6	3.141	2.61121E+6	
3.142	2.61E+6	3.142	2.61E+6	
3.143	2.60696E+6	3.143	2.60696E+6	
3.144	2.61079E+6	3.144	2.61079E+6	
3.145	2.60776E+6	3.145	2.60776E+6	
3.146	2.61062E+6	3.146	2.61062E+6	
3.147	2.61174E+6	3.147	2.61174E+6	
3.148	2.60806E+6	3.148	2.60806E+6	
3.149	2.60835E+6	3.149	2.60835E+6	
3.15	2.60611E+6	3.15	2.60611E+6	
3.151	2.60797E+6	3.151	2.60797E+6	
3.152	2.60231E+6	3.152	2.60231E+6	
3.153	2.61137E+6	3.153	2.61137E+6	
3.154	2.61086E+6	3.154	2.61086E+6	
3.155	2.6098E+6	3.155	2.6098E+6	
3.156	2.60775E+6	3.156	2.60775E+6	
3.157	2.60551E+6	3.157	2.60551E+6	
3.158	2.59827E+6	3.158	2.59827E+6	
3.159	2.60571E+6	3.159	2.60571E+6	
3.16	2.60647E+6	3.16	2.60647E+6	
3.161	2.61062E+6	3.161	2.61062E+6	
3.162	2.60893E+6	3.162	2.60893E+6	
3.163	2.60877E+6	3.163	2.60877E+6	
3.164	2.60922E+6	3.164	2.60922E+6	
3.165	2.6049E+6	3.165	2.6049E+6	
3.166	2.60303E+6	3.166	2.60303E+6	
3.167	2.60142E+6	3.167	2.60142E+6	
3.168	2.611E+6	3.168	2.611E+6	
3.169	2.61136E+6	3.169	2.61136E+6	
3.17	2.60955E+6	3.17	2.60955E+6	
3.171	2.60997E+6	3.171	2.60997E+6	
3.172	2.6037E+6	3.172	2.6037E+6	
3.173	2.61441E+6	3.173	2.61441E+6	
3.174	2.6096E+6	3.174	2.6096E+6	
3.175	2.60394E+6	3.175	2.60394E+6	
3.176	2.61044E+6	3.176	2.61044E+6	
3.177	2.60343E+6	3.177	2.60343E+6	
3.178	2.60231E+6	3.178	2.60231E+6	
3.179	2.60468E+6	3.179	2.60468E+6	
3.18	2.6077E+6	3.18	2.6077E+6	
3.181	2.61128E+6	3.181	2.61128E+6	
3.182	2.60385E+6	3.182	2.60385E+6	
3.183	2.6099E+6	3.183	2.6099E+6	
3.184	2.60714E+6	3.184	2.60714E+6	
3.185	2.60278E+6	3.185	2.60278E+6	
3.186	2.60667E+6	3.186	2.60667E+6	
3.187	2.60599E+6	3.187	2.60599E+6	
3.188	2.60324E+6	3.188	2.60324E+6	
3.189	2.60388E+6	3.189	2.60388E+6	
3.19	2.60644E+6	3.19	2.60644E+6	
3.191	2.60688E+6	3.191	2.60688E+6	
3.192	2.61127E+6	3.192	2.61127E+6	
3.193	2.60605E+6	3.193	2.60605E+6	
3.194	2.60688E+6	3.194	2.60688E+6	
3.195	2.61034E+6	3.195	2.61034E+6	
3.196	2.60513E+6	3.196	2.60513E+6	
3.197	2.60658E+6	3.197	2.60658E+6	
3.198	2.60118E+6	3.198	2.60118E+6	
3.199	2.60947E+6	3.199	2.60947E+6	
3.2	2.61086E+6	3.2	2.61086E+6	
