Temps - Tracé 0	Amplitude - Tracé 0	Temps - Tracé 1	Amplitude - Tracé 1	
2.8	9.81371E+6	2.8	9.81371E+6	
2.8001	9.81227E+6	2.8001	9.81227E+6	
2.8002	9.81777E+6	2.8002	9.81777E+6	
2.8003	9.8147E+6	2.8003	9.8147E+6	
2.8004	9.81188E+6	2.8004	9.81188E+6	
2.8005	9.81416E+6	2.8005	9.81416E+6	
2.8006	9.81303E+6	2.8006	9.81303E+6	
2.8007	9.81387E+6	2.8007	9.81387E+6	
2.8008	9.81472E+6	2.8008	9.81472E+6	
2.8009	9.81245E+6	2.8009	9.81245E+6	
2.801	9.81454E+6	2.801	9.81454E+6	
2.8011	9.81175E+6	2.8011	9.81175E+6	
2.8012	9.81522E+6	2.8012	9.81522E+6	
2.8013	9.81382E+6	2.8013	9.81382E+6	
2.8014	9.8103E+6	2.8014	9.8103E+6	
2.8015	9.81007E+6	2.8015	9.81007E+6	
2.8016	9.8129E+6	2.8016	9.8129E+6	
2.8017	9.81068E+6	2.8017	9.81068E+6	
2.8018	9.81192E+6	2.8018	9.81192E+6	
2.8019	9.81164E+6	2.8019	9.81164E+6	
2.80201	9.81442E+6	2.80201	9.81442E+6	
2.80211	9.81394E+6	2.80211	9.81394E+6	
2.80221	9.80868E+6	2.80221	9.80868E+6	
2.80231	9.81221E+6	2.80231	9.81221E+6	
2.80241	9.81551E+6	2.80241	9.81551E+6	
2.80251	9.81421E+6	2.80251	9.81421E+6	
2.80261	9.81E+6	2.80261	9.81E+6	
2.80271	9.81267E+6	2.80271	9.81267E+6	
2.80281	9.81573E+6	2.80281	9.81573E+6	
2.80291	9.81035E+6	2.80291	9.81035E+6	
2.80301	9.8142E+6	2.80301	9.8142E+6	
2.80311	9.81622E+6	2.80311	9.81622E+6	
2.80321	9.8103E+6	2.80321	9.8103E+6	
2.80331	9.81301E+6	2.80331	9.81301E+6	
2.80341	9.81282E+6	2.80341	9.81282E+6	
2.80351	9.81587E+6	2.80351	9.81587E+6	
2.80361	9.81171E+6	2.80361	9.81171E+6	
2.80371	9.81215E+6	2.80371	9.81215E+6	
2.80381	9.8108E+6	2.80381	9.8108E+6	
2.80391	9.81583E+6	2.80391	9.81583E+6	
2.80401	9.81382E+6	2.80401	9.81382E+6	
2.80411	9.8141E+6	2.80411	9.8141E+6	
2.80421	9.81387E+6	2.80421	9.81387E+6	
2.80431	9.81029E+6	2.80431	9.81029E+6	
2.80441	9.81581E+6	2.80441	9.81581E+6	
2.80451	9.81585E+6	2.80451	9.81585E+6	
2.80461	9.81297E+6	2.80461	9.81297E+6	
2.80471	9.81045E+6	2.80471	9.81045E+6	
2.80481	9.81207E+6	2.80481	9.81207E+6	
2.80491	9.81511E+6	2.80491	9.81511E+6	
2.80501	9.81315E+6	2.80501	9.81315E+6	
2.80511	9.80904E+6	2.80511	9.80904E+6	
2.80521	9.81173E+6	2.80521	9.81173E+6	
2.80531	9.81352E+6	2.80531	9.81352E+6	
2.80541	9.81471E+6	2.80541	9.81471E+6	
2.80551	9.81143E+6	2.80551	9.81143E+6	
2.80561	9.81354E+6	2.80561	9.81354E+6	
2.80571	9.81E+6	2.80571	9.81E+6	
2.80581	9.81017E+6	2.80581	9.81017E+6	
2.80591	9.81058E+6	2.80591	9.81058E+6	
2.80602	9.81232E+6	2.80602	9.81232E+6	
2.80612	9.8144E+6	2.80612	9.8144E+6	
2.80622	9.80946E+6	2.80622	9.80946E+6	
2.80632	9.81344E+6	2.80632	9.81344E+6	
2.80642	9.81069E+6	2.80642	9.81069E+6	
2.80652	9.81082E+6	2.80652	9.81082E+6	
2.80662	9.80924E+6	2.80662	9.80924E+6	
2.80672	9.81214E+6	2.80672	9.81214E+6	
2.80682	9.80649E+6	2.80682	9.80649E+6	
2.80692	9.8086E+6	2.80692	9.8086E+6	
2.80702	9.80887E+6	2.80702	9.80887E+6	
2.80712	9.80676E+6	2.80712	9.80676E+6	
2.80722	9.81042E+6	2.80722	9.81042E+6	
2.80732	9.8084E+6	2.80732	9.8084E+6	
2.80742	9.80767E+6	2.80742	9.80767E+6	
2.80752	9.806E+6	2.80752	9.806E+6	
2.80762	9.80582E+6	2.80762	9.80582E+6	
2.80772	9.80384E+6	2.80772	9.80384E+6	
2.80782	9.80724E+6	2.80782	9.80724E+6	
2.80792	9.80392E+6	2.80792	9.80392E+6	
2.80802	9.80172E+6	2.80802	9.80172E+6	
2.80812	9.80838E+6	2.80812	9.80838E+6	
2.80822	9.80614E+6	2.80822	9.80614E+6	
2.80832	9.80328E+6	2.80832	9.80328E+6	
2.80842	9.80857E+6	2.80842	9.80857E+6	
2.80852	9.80506E+6	2.80852	9.80506E+6	
2.80862	9.80237E+6	2.80862	9.80237E+6	
2.80872	9.8034E+6	2.80872	9.8034E+6	
2.80882	9.80552E+6	2.80882	9.80552E+6	
2.80892	9.80779E+6	2.80892	9.80779E+6	
2.80902	9.80509E+6	2.80902	9.80509E+6	
2.80912	9.80633E+6	2.80912	9.80633E+6	
2.80922	9.80308E+6	2.80922	9.80308E+6	
2.80932	9.80952E+6	2.80932	9.80952E+6	
2.80942	9.80434E+6	2.80942	9.80434E+6	
2.80952	9.80514E+6	2.80952	9.80514E+6	
2.80962	9.80388E+6	2.80962	9.80388E+6	
2.80972	9.80343E+6	2.80972	9.80343E+6	
2.80982	9.80306E+6	2.80982	9.80306E+6	
2.80992	9.80274E+6	2.80992	9.80274E+6	
2.81003	9.80401E+6	2.81003	9.80401E+6	
2.81013	9.80742E+6	2.81013	9.80742E+6	
2.81023	9.80472E+6	2.81023	9.80472E+6	
2.81033	9.80525E+6	2.81033	9.80525E+6	
2.81043	9.80636E+6	2.81043	9.80636E+6	
2.81053	9.80185E+6	2.81053	9.80185E+6	
2.81063	9.80161E+6	2.81063	9.80161E+6	
2.81073	9.80631E+6	2.81073	9.80631E+6	
2.81083	9.80452E+6	2.81083	9.80452E+6	
2.81093	9.80373E+6	2.81093	9.80373E+6	
2.81103	9.80756E+6	2.81103	9.80756E+6	
2.81113	9.80873E+6	2.81113	9.80873E+6	
2.81123	9.80715E+6	2.81123	9.80715E+6	
2.81133	9.80246E+6	2.81133	9.80246E+6	
2.81143	9.80478E+6	2.81143	9.80478E+6	
2.81153	9.80601E+6	2.81153	9.80601E+6	
2.81163	9.80645E+6	2.81163	9.80645E+6	
2.81173	9.80466E+6	2.81173	9.80466E+6	
2.81183	9.80247E+6	2.81183	9.80247E+6	
2.81193	9.79978E+6	2.81193	9.79978E+6	
2.81203	9.80545E+6	2.81203	9.80545E+6	
2.81213	9.80456E+6	2.81213	9.80456E+6	
2.81223	9.80191E+6	2.81223	9.80191E+6	
2.81233	9.80662E+6	2.81233	9.80662E+6	
2.81243	9.80355E+6	2.81243	9.80355E+6	
2.81253	9.80494E+6	2.81253	9.80494E+6	
2.81263	9.80421E+6	2.81263	9.80421E+6	
2.81273	9.80983E+6	2.81273	9.80983E+6	
2.81283	9.80609E+6	2.81283	9.80609E+6	
2.81293	9.80546E+6	2.81293	9.80546E+6	
2.81303	9.81033E+6	2.81303	9.81033E+6	
2.81313	9.80993E+6	2.81313	9.80993E+6	
2.81323	9.80997E+6	2.81323	9.80997E+6	
2.81333	9.80766E+6	2.81333	9.80766E+6	
2.81343	9.8098E+6	2.81343	9.8098E+6	
2.81353	9.80749E+6	2.81353	9.80749E+6	
2.81363	9.80761E+6	2.81363	9.80761E+6	
2.81373	9.80887E+6	2.81373	9.80887E+6	
2.81383	9.8082E+6	2.81383	9.8082E+6	
2.81393	9.81052E+6	2.81393	9.81052E+6	
2.81404	9.81018E+6	2.81404	9.81018E+6	
2.81414	9.81263E+6	2.81414	9.81263E+6	
2.81424	9.80869E+6	2.81424	9.80869E+6	
2.81434	9.80943E+6	2.81434	9.80943E+6	
2.81444	9.81211E+6	2.81444	9.81211E+6	
2.81454	9.81228E+6	2.81454	9.81228E+6	
2.81464	9.80573E+6	2.81464	9.80573E+6	
2.81474	9.8113E+6	2.81474	9.8113E+6	
2.81484	9.80997E+6	2.81484	9.80997E+6	
2.81494	9.80972E+6	2.81494	9.80972E+6	
2.81504	9.80902E+6	2.81504	9.80902E+6	
2.81514	9.8073E+6	2.81514	9.8073E+6	
2.81524	9.81233E+6	2.81524	9.81233E+6	
2.81534	9.81002E+6	2.81534	9.81002E+6	
2.81544	9.80835E+6	2.81544	9.80835E+6	
2.81554	9.80817E+6	2.81554	9.80817E+6	
2.81564	9.80983E+6	2.81564	9.80983E+6	
2.81574	9.81091E+6	2.81574	9.81091E+6	
2.81584	9.80539E+6	2.81584	9.80539E+6	
2.81594	9.8062E+6	2.81594	9.8062E+6	
2.81604	9.80569E+6	2.81604	9.80569E+6	
2.81614	9.80876E+6	2.81614	9.80876E+6	
2.81624	9.80833E+6	2.81624	9.80833E+6	
2.81634	9.81106E+6	2.81634	9.81106E+6	
2.81644	9.80777E+6	2.81644	9.80777E+6	
2.81654	9.80943E+6	2.81654	9.80943E+6	
2.81664	9.80835E+6	2.81664	9.80835E+6	
2.81674	9.80023E+6	2.81674	9.80023E+6	
2.81684	9.80616E+6	2.81684	9.80616E+6	
2.81694	9.80597E+6	2.81694	9.80597E+6	
2.81704	9.80246E+6	2.81704	9.80246E+6	
2.81714	9.8027E+6	2.81714	9.8027E+6	
2.81724	9.80397E+6	2.81724	9.80397E+6	
2.81734	9.8017E+6	2.81734	9.8017E+6	
2.81744	9.80273E+6	2.81744	9.80273E+6	
2.81754	9.80413E+6	2.81754	9.80413E+6	
2.81764	9.8039E+6	2.81764	9.8039E+6	
2.81774	9.80633E+6	2.81774	9.80633E+6	
2.81784	9.80884E+6	2.81784	9.80884E+6	
2.81794	9.80453E+6	2.81794	9.80453E+6	
2.81805	9.80558E+6	2.81805	9.80558E+6	
2.81815	9.80472E+6	2.81815	9.80472E+6	
2.81825	9.80279E+6	2.81825	9.80279E+6	
2.81835	9.80912E+6	2.81835	9.80912E+6	
2.81845	9.8063E+6	2.81845	9.8063E+6	
2.81855	9.8043E+6	2.81855	9.8043E+6	
2.81865	9.80734E+6	2.81865	9.80734E+6	
2.81875	9.80513E+6	2.81875	9.80513E+6	
2.81885	9.80436E+6	2.81885	9.80436E+6	
2.81895	9.80342E+6	2.81895	9.80342E+6	
2.81905	9.80445E+6	2.81905	9.80445E+6	
2.81915	9.80361E+6	2.81915	9.80361E+6	
2.81925	9.79935E+6	2.81925	9.79935E+6	
2.81935	9.80136E+6	2.81935	9.80136E+6	
2.81945	9.79946E+6	2.81945	9.79946E+6	
2.81955	9.7999E+6	2.81955	9.7999E+6	
2.81965	9.80031E+6	2.81965	9.80031E+6	
2.81975	9.79972E+6	2.81975	9.79972E+6	
2.81985	9.79819E+6	2.81985	9.79819E+6	
2.81995	9.79796E+6	2.81995	9.79796E+6	
2.82005	9.79885E+6	2.82005	9.79885E+6	
2.82015	9.799E+6	2.82015	9.799E+6	
2.82025	9.79838E+6	2.82025	9.79838E+6	
2.82035	9.80269E+6	2.82035	9.80269E+6	
2.82045	9.79389E+6	2.82045	9.79389E+6	
2.82055	9.79775E+6	2.82055	9.79775E+6	
2.82065	9.80265E+6	2.82065	9.80265E+6	
2.82075	9.80099E+6	2.82075	9.80099E+6	
2.82085	9.80337E+6	2.82085	9.80337E+6	
2.82095	9.80374E+6	2.82095	9.80374E+6	
2.82105	9.80382E+6	2.82105	9.80382E+6	
2.82115	9.7966E+6	2.82115	9.7966E+6	
2.82125	9.79773E+6	2.82125	9.79773E+6	
2.82135	9.80051E+6	2.82135	9.80051E+6	
2.82145	9.80225E+6	2.82145	9.80225E+6	
2.82155	9.79696E+6	2.82155	9.79696E+6	
2.82165	9.80167E+6	2.82165	9.80167E+6	
2.82175	9.80276E+6	2.82175	9.80276E+6	
2.82185	9.79686E+6	2.82185	9.79686E+6	
2.82195	9.80177E+6	2.82195	9.80177E+6	
2.82206	9.79949E+6	2.82206	9.79949E+6	
2.82216	9.79849E+6	2.82216	9.79849E+6	
2.82226	9.80051E+6	2.82226	9.80051E+6	
2.82236	9.7977E+6	2.82236	9.7977E+6	
2.82246	9.79891E+6	2.82246	9.79891E+6	
2.82256	9.80292E+6	2.82256	9.80292E+6	
2.82266	9.79881E+6	2.82266	9.79881E+6	
2.82276	9.79962E+6	2.82276	9.79962E+6	
2.82286	9.80508E+6	2.82286	9.80508E+6	
2.82296	9.80642E+6	2.82296	9.80642E+6	
2.82306	9.80922E+6	2.82306	9.80922E+6	
2.82316	9.807E+6	2.82316	9.807E+6	
2.82326	9.80469E+6	2.82326	9.80469E+6	
2.82336	9.80817E+6	2.82336	9.80817E+6	
2.82346	9.80972E+6	2.82346	9.80972E+6	
2.82356	9.80916E+6	2.82356	9.80916E+6	
2.82366	9.80855E+6	2.82366	9.80855E+6	
2.82376	9.80601E+6	2.82376	9.80601E+6	
2.82386	9.80392E+6	2.82386	9.80392E+6	
2.82396	9.80656E+6	2.82396	9.80656E+6	
2.82406	9.80788E+6	2.82406	9.80788E+6	
2.82416	9.7988E+6	2.82416	9.7988E+6	
2.82426	9.80349E+6	2.82426	9.80349E+6	
2.82436	9.80223E+6	2.82436	9.80223E+6	
2.82446	9.80477E+6	2.82446	9.80477E+6	
2.82456	9.80426E+6	2.82456	9.80426E+6	
2.82466	9.80366E+6	2.82466	9.80366E+6	
2.82476	9.80341E+6	2.82476	9.80341E+6	
2.82486	9.8042E+6	2.82486	9.8042E+6	
2.82496	9.80419E+6	2.82496	9.80419E+6	
2.82506	9.80514E+6	2.82506	9.80514E+6	
2.82516	9.811E+6	2.82516	9.811E+6	
2.82526	9.81141E+6	2.82526	9.81141E+6	
2.82536	9.80914E+6	2.82536	9.80914E+6	
2.82546	9.81102E+6	2.82546	9.81102E+6	
2.82556	9.811E+6	2.82556	9.811E+6	
2.82566	9.81298E+6	2.82566	9.81298E+6	
2.82576	9.81062E+6	2.82576	9.81062E+6	
2.82586	9.81338E+6	2.82586	9.81338E+6	
2.82596	9.81317E+6	2.82596	9.81317E+6	
2.82607	9.81325E+6	2.82607	9.81325E+6	
2.82617	9.80858E+6	2.82617	9.80858E+6	
2.82627	9.8119E+6	2.82627	9.8119E+6	
2.82637	9.81198E+6	2.82637	9.81198E+6	
2.82647	9.81184E+6	2.82647	9.81184E+6	
2.82657	9.80995E+6	2.82657	9.80995E+6	
2.82667	9.80803E+6	2.82667	9.80803E+6	
2.82677	9.80859E+6	2.82677	9.80859E+6	
2.82687	9.81117E+6	2.82687	9.81117E+6	
2.82697	9.81338E+6	2.82697	9.81338E+6	
2.82707	9.80952E+6	2.82707	9.80952E+6	
2.82717	9.81083E+6	2.82717	9.81083E+6	
2.82727	9.81334E+6	2.82727	9.81334E+6	
2.82737	9.81078E+6	2.82737	9.81078E+6	
2.82747	9.8108E+6	2.82747	9.8108E+6	
2.82757	9.81353E+6	2.82757	9.81353E+6	
2.82767	9.81101E+6	2.82767	9.81101E+6	
2.82777	9.80827E+6	2.82777	9.80827E+6	
2.82787	9.81078E+6	2.82787	9.81078E+6	
2.82797	9.81042E+6	2.82797	9.81042E+6	
2.82807	9.80945E+6	2.82807	9.80945E+6	
2.82817	9.81043E+6	2.82817	9.81043E+6	
2.82827	9.81567E+6	2.82827	9.81567E+6	
2.82837	9.80908E+6	2.82837	9.80908E+6	
2.82847	9.81377E+6	2.82847	9.81377E+6	
2.82857	9.81081E+6	2.82857	9.81081E+6	
2.82867	9.8107E+6	2.82867	9.8107E+6	
2.82877	9.81363E+6	2.82877	9.81363E+6	
2.82887	9.81356E+6	2.82887	9.81356E+6	
2.82897	9.8115E+6	2.82897	9.8115E+6	
2.82907	9.81148E+6	2.82907	9.81148E+6	
2.82917	9.8106E+6	2.82917	9.8106E+6	
2.82927	9.81142E+6	2.82927	9.81142E+6	
2.82937	9.81171E+6	2.82937	9.81171E+6	
2.82947	9.81025E+6	2.82947	9.81025E+6	
2.82957	9.81265E+6	2.82957	9.81265E+6	
2.82967	9.81304E+6	2.82967	9.81304E+6	
2.82977	9.81074E+6	2.82977	9.81074E+6	
2.82987	9.8146E+6	2.82987	9.8146E+6	
2.82997	9.8157E+6	2.82997	9.8157E+6	
2.83008	9.8122E+6	2.83008	9.8122E+6	
2.83018	9.81247E+6	2.83018	9.81247E+6	
2.83028	9.8141E+6	2.83028	9.8141E+6	
2.83038	9.8131E+6	2.83038	9.8131E+6	
2.83048	9.8133E+6	2.83048	9.8133E+6	
2.83058	9.81155E+6	2.83058	9.81155E+6	
2.83068	9.81563E+6	2.83068	9.81563E+6	
2.83078	9.81624E+6	2.83078	9.81624E+6	
2.83088	9.81151E+6	2.83088	9.81151E+6	
2.83098	9.81295E+6	2.83098	9.81295E+6	
2.83108	9.81165E+6	2.83108	9.81165E+6	
2.83118	9.81095E+6	2.83118	9.81095E+6	
2.83128	9.80991E+6	2.83128	9.80991E+6	
2.83138	9.81138E+6	2.83138	9.81138E+6	
2.83148	9.81179E+6	2.83148	9.81179E+6	
2.83158	9.81324E+6	2.83158	9.81324E+6	
2.83168	9.81167E+6	2.83168	9.81167E+6	
2.83178	9.81491E+6	2.83178	9.81491E+6	
2.83188	9.81063E+6	2.83188	9.81063E+6	
2.83198	9.81015E+6	2.83198	9.81015E+6	
2.83208	9.81281E+6	2.83208	9.81281E+6	
2.83218	9.81041E+6	2.83218	9.81041E+6	
2.83228	9.81219E+6	2.83228	9.81219E+6	
2.83238	9.81044E+6	2.83238	9.81044E+6	
2.83248	9.81099E+6	2.83248	9.81099E+6	
2.83258	9.81523E+6	2.83258	9.81523E+6	
2.83268	9.81232E+6	2.83268	9.81232E+6	
2.83278	9.81139E+6	2.83278	9.81139E+6	
2.83288	9.81598E+6	2.83288	9.81598E+6	
2.83298	9.81239E+6	2.83298	9.81239E+6	
2.83308	9.81445E+6	2.83308	9.81445E+6	
2.83318	9.81148E+6	2.83318	9.81148E+6	
2.83328	9.81319E+6	2.83328	9.81319E+6	
2.83338	9.81181E+6	2.83338	9.81181E+6	
2.83348	9.81493E+6	2.83348	9.81493E+6	
2.83358	9.81171E+6	2.83358	9.81171E+6	
2.83368	9.81352E+6	2.83368	9.81352E+6	
2.83378	9.81041E+6	2.83378	9.81041E+6	
2.83388	9.81058E+6	2.83388	9.81058E+6	
2.83398	9.81231E+6	2.83398	9.81231E+6	
2.83409	9.81264E+6	2.83409	9.81264E+6	
2.83419	9.80914E+6	2.83419	9.80914E+6	
2.83429	9.80977E+6	2.83429	9.80977E+6	
2.83439	9.80838E+6	2.83439	9.80838E+6	
2.83449	9.81173E+6	2.83449	9.81173E+6	
2.83459	9.80884E+6	2.83459	9.80884E+6	
2.83469	9.8152E+6	2.83469	9.8152E+6	
2.83479	9.81513E+6	2.83479	9.81513E+6	
2.83489	9.81335E+6	2.83489	9.81335E+6	
2.83499	9.81415E+6	2.83499	9.81415E+6	
2.83509	9.81448E+6	2.83509	9.81448E+6	
2.83519	9.80935E+6	2.83519	9.80935E+6	
2.83529	9.81258E+6	2.83529	9.81258E+6	
2.83539	9.81643E+6	2.83539	9.81643E+6	
2.83549	9.8095E+6	2.83549	9.8095E+6	
2.83559	9.81011E+6	2.83559	9.81011E+6	
2.83569	9.81211E+6	2.83569	9.81211E+6	
2.83579	9.81453E+6	2.83579	9.81453E+6	
2.83589	9.81198E+6	2.83589	9.81198E+6	
2.83599	9.81292E+6	2.83599	9.81292E+6	
2.83609	9.81317E+6	2.83609	9.81317E+6	
2.83619	9.81217E+6	2.83619	9.81217E+6	
2.83629	9.81387E+6	2.83629	9.81387E+6	
2.83639	9.81247E+6	2.83639	9.81247E+6	
2.83649	9.80747E+6	2.83649	9.80747E+6	
2.83659	9.81313E+6	2.83659	9.81313E+6	
2.83669	9.81182E+6	2.83669	9.81182E+6	
2.83679	9.81042E+6	2.83679	9.81042E+6	
2.83689	9.81133E+6	2.83689	9.81133E+6	
2.83699	9.8107E+6	2.83699	9.8107E+6	
2.83709	9.81224E+6	2.83709	9.81224E+6	
2.83719	9.81315E+6	2.83719	9.81315E+6	
2.83729	9.81354E+6	2.83729	9.81354E+6	
2.83739	9.81331E+6	2.83739	9.81331E+6	
2.83749	9.81244E+6	2.83749	9.81244E+6	
2.83759	9.81243E+6	2.83759	9.81243E+6	
2.83769	9.81084E+6	2.83769	9.81084E+6	
2.83779	9.81146E+6	2.83779	9.81146E+6	
2.83789	9.81686E+6	2.83789	9.81686E+6	
2.83799	9.81203E+6	2.83799	9.81203E+6	
2.8381	9.80803E+6	2.8381	9.80803E+6	
2.8382	9.81476E+6	2.8382	9.81476E+6	
2.8383	9.81114E+6	2.8383	9.81114E+6	
2.8384	9.81378E+6	2.8384	9.81378E+6	
2.8385	9.81317E+6	2.8385	9.81317E+6	
2.8386	9.8159E+6	2.8386	9.8159E+6	
2.8387	9.80977E+6	2.8387	9.80977E+6	
2.8388	9.81425E+6	2.8388	9.81425E+6	
2.8389	9.81166E+6	2.8389	9.81166E+6	
2.839	9.81249E+6	2.839	9.81249E+6	
2.8391	9.81277E+6	2.8391	9.81277E+6	
2.8392	9.81239E+6	2.8392	9.81239E+6	
2.8393	9.81122E+6	2.8393	9.81122E+6	
2.8394	9.81204E+6	2.8394	9.81204E+6	
2.8395	9.81716E+6	2.8395	9.81716E+6	
2.8396	9.81352E+6	2.8396	9.81352E+6	
2.8397	9.81205E+6	2.8397	9.81205E+6	
2.8398	9.81278E+6	2.8398	9.81278E+6	
2.8399	9.8145E+6	2.8399	9.8145E+6	
2.84	9.81234E+6	2.84	9.81234E+6	
