Temps - Tracé 0	Amplitude - Tracé 0	Temps - Tracé 1	Amplitude - Tracé 1	
2.83	4.39604E+6	2.83	4.39604E+6	
2.83093	4.40008E+6	2.83093	4.40008E+6	
2.83187	4.39603E+6	2.83187	4.39603E+6	
2.8328	4.40058E+6	2.8328	4.40058E+6	
2.83373	4.39448E+6	2.83373	4.39448E+6	
2.83467	4.39845E+6	2.83467	4.39845E+6	
2.8356	4.39829E+6	2.8356	4.39829E+6	
2.83653	4.39608E+6	2.83653	4.39608E+6	
2.83747	4.3946E+6	2.83747	4.3946E+6	
2.8384	4.39479E+6	2.8384	4.39479E+6	
2.83933	4.3957E+6	2.83933	4.3957E+6	
2.84027	4.39526E+6	2.84027	4.39526E+6	
2.8412	4.39331E+6	2.8412	4.39331E+6	
2.84213	4.3979E+6	2.84213	4.3979E+6	
2.84307	4.398E+6	2.84307	4.398E+6	
2.844	4.39266E+6	2.844	4.39266E+6	
2.84493	4.39792E+6	2.84493	4.39792E+6	
2.84587	4.3936E+6	2.84587	4.3936E+6	
2.8468	4.39371E+6	2.8468	4.39371E+6	
2.84773	4.39407E+6	2.84773	4.39407E+6	
2.84867	4.39596E+6	2.84867	4.39596E+6	
2.8496	4.39563E+6	2.8496	4.39563E+6	
2.85053	4.39254E+6	2.85053	4.39254E+6	
2.85147	4.39462E+6	2.85147	4.39462E+6	
2.8524	4.39145E+6	2.8524	4.39145E+6	
2.85333	4.39703E+6	2.85333	4.39703E+6	
2.85427	4.39405E+6	2.85427	4.39405E+6	
2.8552	4.39197E+6	2.8552	4.39197E+6	
2.85613	4.39122E+6	2.85613	4.39122E+6	
2.85707	4.38661E+6	2.85707	4.38661E+6	
2.858	4.38725E+6	2.858	4.38725E+6	
2.85893	4.38142E+6	2.85893	4.38142E+6	
2.85987	4.384E+6	2.85987	4.384E+6	
2.8608	4.3797E+6	2.8608	4.3797E+6	
2.86173	4.38169E+6	2.86173	4.38169E+6	
2.86267	4.38204E+6	2.86267	4.38204E+6	
2.8636	4.38677E+6	2.8636	4.38677E+6	
2.86453	4.38495E+6	2.86453	4.38495E+6	
2.86547	4.3832E+6	2.86547	4.3832E+6	
2.8664	4.38527E+6	2.8664	4.38527E+6	
2.86733	4.38426E+6	2.86733	4.38426E+6	
2.86827	4.38781E+6	2.86827	4.38781E+6	
2.8692	4.39038E+6	2.8692	4.39038E+6	
2.87013	4.38517E+6	2.87013	4.38517E+6	
2.87107	4.38559E+6	2.87107	4.38559E+6	
2.872	4.38699E+6	2.872	4.38699E+6	
2.87293	4.38492E+6	2.87293	4.38492E+6	
2.87387	4.38272E+6	2.87387	4.38272E+6	
2.8748	4.38134E+6	2.8748	4.38134E+6	
2.87573	4.37701E+6	2.87573	4.37701E+6	
2.87667	4.3745E+6	2.87667	4.3745E+6	
2.8776	4.37885E+6	2.8776	4.37885E+6	
2.87853	4.37737E+6	2.87853	4.37737E+6	
2.87947	4.38244E+6	2.87947	4.38244E+6	
2.8804	4.38077E+6	2.8804	4.38077E+6	
2.88133	4.38155E+6	2.88133	4.38155E+6	
2.88227	4.38779E+6	2.88227	4.38779E+6	
2.8832	4.39E+6	2.8832	4.39E+6	
2.88413	4.39206E+6	2.88413	4.39206E+6	
2.88507	4.39511E+6	2.88507	4.39511E+6	
2.886	4.3953E+6	2.886	4.3953E+6	
2.88693	4.39496E+6	2.88693	4.39496E+6	
2.88787	4.39297E+6	2.88787	4.39297E+6	
2.8888	4.39666E+6	2.8888	4.39666E+6	
2.88973	4.39552E+6	2.88973	4.39552E+6	
2.89067	4.39398E+6	2.89067	4.39398E+6	
2.8916	4.39254E+6	2.8916	4.39254E+6	
2.89253	4.39467E+6	2.89253	4.39467E+6	
2.89347	4.39339E+6	2.89347	4.39339E+6	
2.8944	4.39748E+6	2.8944	4.39748E+6	
2.89533	4.39586E+6	2.89533	4.39586E+6	
2.89627	4.39567E+6	2.89627	4.39567E+6	
2.8972	4.39634E+6	2.8972	4.39634E+6	
2.89813	4.39664E+6	2.89813	4.39664E+6	
2.89907	4.39852E+6	2.89907	4.39852E+6	
2.9	4.39677E+6	2.9	4.39677E+6	
2.90093	4.39434E+6	2.90093	4.39434E+6	
2.90187	4.39449E+6	2.90187	4.39449E+6	
2.9028	4.39277E+6	2.9028	4.39277E+6	
2.90373	4.39386E+6	2.90373	4.39386E+6	
2.90467	4.39755E+6	2.90467	4.39755E+6	
2.9056	4.39415E+6	2.9056	4.39415E+6	
2.90653	4.39504E+6	2.90653	4.39504E+6	
2.90747	4.39576E+6	2.90747	4.39576E+6	
2.9084	4.39767E+6	2.9084	4.39767E+6	
2.90933	4.39669E+6	2.90933	4.39669E+6	
2.91027	4.39707E+6	2.91027	4.39707E+6	
2.9112	4.39565E+6	2.9112	4.39565E+6	
2.91213	4.39614E+6	2.91213	4.39614E+6	
2.91307	4.39452E+6	2.91307	4.39452E+6	
2.914	4.39271E+6	2.914	4.39271E+6	
2.91493	4.3918E+6	2.91493	4.3918E+6	
2.91587	4.39164E+6	2.91587	4.39164E+6	
2.9168	4.39306E+6	2.9168	4.39306E+6	
2.91773	4.39153E+6	2.91773	4.39153E+6	
2.91867	4.39295E+6	2.91867	4.39295E+6	
2.9196	4.38856E+6	2.9196	4.38856E+6	
2.92053	4.38843E+6	2.92053	4.38843E+6	
2.92147	4.38228E+6	2.92147	4.38228E+6	
2.9224	4.38063E+6	2.9224	4.38063E+6	
2.92333	4.379E+6	2.92333	4.379E+6	
2.92427	4.38108E+6	2.92427	4.38108E+6	
2.9252	4.37663E+6	2.9252	4.37663E+6	
2.92613	4.3817E+6	2.92613	4.3817E+6	
2.92707	4.38458E+6	2.92707	4.38458E+6	
2.928	4.38416E+6	2.928	4.38416E+6	
2.92893	4.38785E+6	2.92893	4.38785E+6	
2.92987	4.38757E+6	2.92987	4.38757E+6	
2.9308	4.38863E+6	2.9308	4.38863E+6	
2.93173	4.39029E+6	2.93173	4.39029E+6	
2.93267	4.38559E+6	2.93267	4.38559E+6	
2.9336	4.38258E+6	2.9336	4.38258E+6	
2.93453	4.38195E+6	2.93453	4.38195E+6	
2.93547	4.38301E+6	2.93547	4.38301E+6	
2.9364	4.3798E+6	2.9364	4.3798E+6	
2.93733	4.37923E+6	2.93733	4.37923E+6	
2.93827	4.37782E+6	2.93827	4.37782E+6	
2.9392	4.3815E+6	2.9392	4.3815E+6	
2.94013	4.38336E+6	2.94013	4.38336E+6	
2.94107	4.37999E+6	2.94107	4.37999E+6	
2.942	4.38098E+6	2.942	4.38098E+6	
2.94293	4.38386E+6	2.94293	4.38386E+6	
2.94387	4.38484E+6	2.94387	4.38484E+6	
2.9448	4.38908E+6	2.9448	4.38908E+6	
2.94573	4.38795E+6	2.94573	4.38795E+6	
2.94667	4.38786E+6	2.94667	4.38786E+6	
2.9476	4.39128E+6	2.9476	4.39128E+6	
2.94853	4.39276E+6	2.94853	4.39276E+6	
2.94947	4.39463E+6	2.94947	4.39463E+6	
2.9504	4.39381E+6	2.9504	4.39381E+6	
2.95133	4.39568E+6	2.95133	4.39568E+6	
2.95227	4.39255E+6	2.95227	4.39255E+6	
2.9532	4.39471E+6	2.9532	4.39471E+6	
2.95413	4.39419E+6	2.95413	4.39419E+6	
2.95507	4.39567E+6	2.95507	4.39567E+6	
2.956	4.39377E+6	2.956	4.39377E+6	
2.95693	4.39513E+6	2.95693	4.39513E+6	
2.95787	4.39401E+6	2.95787	4.39401E+6	
2.9588	4.39372E+6	2.9588	4.39372E+6	
2.95973	4.39515E+6	2.95973	4.39515E+6	
2.96067	4.39335E+6	2.96067	4.39335E+6	
2.9616	4.39308E+6	2.9616	4.39308E+6	
2.96253	4.39573E+6	2.96253	4.39573E+6	
2.96347	4.39547E+6	2.96347	4.39547E+6	
2.9644	4.39562E+6	2.9644	4.39562E+6	
2.96533	4.39805E+6	2.96533	4.39805E+6	
2.96627	4.3976E+6	2.96627	4.3976E+6	
2.9672	4.3953E+6	2.9672	4.3953E+6	
2.96813	4.39832E+6	2.96813	4.39832E+6	
2.96907	4.39499E+6	2.96907	4.39499E+6	
2.97	4.39359E+6	2.97	4.39359E+6	
