0.0000E+00 	8.0394E+06 	0.0000E+00 	-1.0646E+01 	
5.5000E-03 	8.0418E+06 	5.4726E-03 	-1.0646E+01 	
1.1000E-02 	8.0253E+06 	1.0945E-02 	-1.0646E+01 	
1.6500E-02 	8.0331E+06 	1.6418E-02 	-1.0646E+01 	
2.2000E-02 	8.0302E+06 	2.1891E-02 	-1.0646E+01 	
2.7500E-02 	8.0189E+06 	2.7363E-02 	-1.0646E+01 	
3.3000E-02 	8.0395E+06 	3.2836E-02 	-1.0646E+01 	
3.8500E-02 	8.0318E+06 	3.8308E-02 	-1.0646E+01 	
4.4000E-02 	8.0495E+06 	4.3781E-02 	-1.0646E+01 	
4.9500E-02 	8.0311E+06 	4.9254E-02 	-1.0646E+01 	
5.5000E-02 	8.0392E+06 	5.4726E-02 	-1.0646E+01 	
6.0500E-02 	8.0390E+06 	6.0199E-02 	-1.0646E+01 	
6.6000E-02 	8.0280E+06 	6.5672E-02 	-1.0646E+01 	
7.1500E-02 	8.0291E+06 	7.1144E-02 	-1.0646E+01 	
7.7000E-02 	8.0231E+06 	7.6617E-02 	-1.0646E+01 	
8.2500E-02 	8.0381E+06 	8.2090E-02 	-1.0646E+01 	
8.8000E-02 	8.0326E+06 	8.7562E-02 	-1.0646E+01 	
9.3500E-02 	8.0376E+06 	9.3035E-02 	-1.0646E+01 	
9.9000E-02 	8.0359E+06 	9.8507E-02 	-1.0646E+01 	
1.0450E-01 	8.0406E+06 	1.0398E-01 	-1.0646E+01 	
1.1000E-01 	8.0271E+06 	1.0945E-01 	-1.0646E+01 	
1.1550E-01 	8.0152E+06 	1.1493E-01 	-1.0646E+01 	
1.2100E-01 	8.0157E+06 	1.2040E-01 	-1.0646E+01 	
1.2650E-01 	8.0221E+06 	1.2587E-01 	-1.0646E+01 	
1.3200E-01 	8.0407E+06 	1.3134E-01 	-1.0646E+01 	
1.3750E-01 	8.0447E+06 	1.3682E-01 	-1.0646E+01 	
1.4300E-01 	8.0444E+06 	1.4229E-01 	-1.0646E+01 	
1.4850E-01 	8.0280E+06 	1.4776E-01 	-1.0646E+01 	
1.5400E-01 	8.0258E+06 	1.5323E-01 	-1.0646E+01 	
1.5950E-01 	8.0272E+06 	1.5871E-01 	-1.0646E+01 	
1.6500E-01 	8.0203E+06 	1.6418E-01 	-1.0646E+01 	
1.7050E-01 	8.0258E+06 	1.6965E-01 	-1.0646E+01 	
1.7600E-01 	8.0358E+06 	1.7512E-01 	-1.0646E+01 	
1.8150E-01 	8.0421E+06 	1.8060E-01 	-1.0646E+01 	
1.8700E-01 	8.0401E+06 	1.8607E-01 	-1.0646E+01 	
1.9250E-01 	8.0369E+06 	1.9154E-01 	-1.0646E+01 	
1.9800E-01 	8.0384E+06 	1.9701E-01 	-1.0646E+01 	
2.0350E-01 	8.0243E+06 	2.0249E-01 	-1.0646E+01 	
2.0900E-01 	8.0192E+06 	2.0796E-01 	-1.0646E+01 	
2.1450E-01 	8.0097E+06 	2.1343E-01 	-1.0646E+01 	
2.2000E-01 	8.0307E+06 	2.1891E-01 	-1.0646E+01 	
2.2550E-01 	8.0282E+06 	2.2438E-01 	-1.0646E+01 	
2.3100E-01 	8.0253E+06 	2.2985E-01 	-1.0646E+01 	
2.3650E-01 	8.0321E+06 	2.3532E-01 	-1.0646E+01 	
2.4200E-01 	8.0224E+06 	2.4080E-01 	-1.0646E+01 	
2.4750E-01 	8.0195E+06 	2.4627E-01 	-1.0646E+01 	
2.5300E-01 	8.0251E+06 	2.5174E-01 	-1.0646E+01 	
2.5850E-01 	8.0168E+06 	2.5721E-01 	-1.0646E+01 	
2.6400E-01 	8.0329E+06 	2.6269E-01 	-1.0646E+01 	
2.6950E-01 	8.0266E+06 	2.6816E-01 	-1.0646E+01 	
2.7500E-01 	8.0335E+06 	2.7363E-01 	-1.0646E+01 	
2.8050E-01 	8.0293E+06 	2.7910E-01 	-1.0646E+01 	
2.8600E-01 	8.0244E+06 	2.8458E-01 	-1.0646E+01 	
2.9150E-01 	8.0211E+06 	2.9005E-01 	-1.0646E+01 	
2.9700E-01 	8.0320E+06 	2.9552E-01 	-1.0646E+01 	
3.0250E-01 	8.0341E+06 	3.0100E-01 	-1.0646E+01 	
3.0800E-01 	8.0328E+06 	3.0647E-01 	-1.0646E+01 	
3.1350E-01 	8.0311E+06 	3.1194E-01 	-1.0646E+01 	
3.1900E-01 	8.0363E+06 	3.1741E-01 	-1.0646E+01 	
3.2450E-01 	8.0221E+06 	3.2289E-01 	-1.0646E+01 	
3.3000E-01 	8.0330E+06 	3.2836E-01 	-1.0646E+01 	
3.3550E-01 	8.0122E+06 	3.3383E-01 	-1.0646E+01 	
3.4100E-01 	8.0104E+06 	3.3930E-01 	-1.0646E+01 	
3.4650E-01 	8.0234E+06 	3.4478E-01 	-1.0646E+01 	
3.5200E-01 	8.0207E+06 	3.5025E-01 	-1.0646E+01 	
3.5750E-01 	8.0240E+06 	3.5572E-01 	-1.0646E+01 	
3.6300E-01 	8.0211E+06 	3.6119E-01 	-1.0646E+01 	
3.6850E-01 	8.0231E+06 	3.6667E-01 	-1.0646E+01 	
3.7400E-01 	8.0294E+06 	3.7214E-01 	-1.0646E+01 	
3.7950E-01 	8.0102E+06 	3.7761E-01 	-1.0646E+01 	
3.8500E-01 	8.0055E+06 	3.8308E-01 	-1.0646E+01 	
3.9050E-01 	8.0205E+06 	3.8856E-01 	-1.0646E+01 	
3.9600E-01 	8.0090E+06 	3.9403E-01 	-1.0646E+01 	
4.0150E-01 	8.0251E+06 	3.9950E-01 	-1.0646E+01 	
4.0700E-01 	8.0194E+06 	4.0498E-01 	-1.0646E+01 	
4.1250E-01 	8.0069E+06 	4.1045E-01 	-1.0646E+01 	
4.1800E-01 	7.9973E+06 	4.1592E-01 	-1.0646E+01 	
4.2350E-01 	7.9895E+06 	4.2139E-01 	-1.0646E+01 	
4.2900E-01 	7.9852E+06 	4.2687E-01 	-1.0646E+01 	
4.3450E-01 	7.9819E+06 	4.3234E-01 	-1.0646E+01 	
4.4000E-01 	7.9777E+06 	4.3781E-01 	-1.0646E+01 	
4.4550E-01 	7.9883E+06 	4.4328E-01 	-1.0646E+01 	
4.5100E-01 	7.9808E+06 	4.4876E-01 	-1.0646E+01 	
4.5650E-01 	7.9759E+06 	4.5423E-01 	-1.0646E+01 	
4.6200E-01 	7.9738E+06 	4.5970E-01 	-1.0646E+01 	
4.6750E-01 	7.9594E+06 	4.6517E-01 	-1.0646E+01 	
4.7300E-01 	7.9411E+06 	4.7065E-01 	-1.0646E+01 	
4.7850E-01 	7.9479E+06 	4.7612E-01 	-1.0646E+01 	
4.8400E-01 	7.9287E+06 	4.8159E-01 	-1.0646E+01 	
4.8950E-01 	7.9305E+06 	4.8706E-01 	-1.0646E+01 	
4.9500E-01 	7.9485E+06 	4.9254E-01 	-1.0646E+01 	
5.0050E-01 	7.9360E+06 	4.9801E-01 	-1.0646E+01 	
5.0600E-01 	7.9208E+06 	5.0348E-01 	-1.0646E+01 	
5.1150E-01 	7.9126E+06 	5.0896E-01 	-1.0646E+01 	
5.1700E-01 	7.9095E+06 	5.1443E-01 	-1.0646E+01 	
5.2250E-01 	7.8922E+06 	5.1990E-01 	-1.0646E+01 	
5.2800E-01 	7.9012E+06 	5.2537E-01 	-1.0646E+01 	
5.3350E-01 	7.8996E+06 	5.3085E-01 	-1.0646E+01 	
5.3900E-01 	7.9030E+06 	5.3632E-01 	-1.0646E+01 	
5.4450E-01 	7.9043E+06 	5.4179E-01 	-1.0646E+01 	
5.5000E-01 	7.8986E+06 	5.4726E-01 	-1.0646E+01 	
5.5550E-01 	7.9038E+06 	5.5274E-01 	-1.0646E+01 	
5.6100E-01 	7.9070E+06 	5.5821E-01 	-1.0646E+01 	
5.6650E-01 	7.9121E+06 	5.6368E-01 	-1.0646E+01 	
5.7200E-01 	7.9266E+06 	5.6915E-01 	-1.0646E+01 	
5.7750E-01 	7.9387E+06 	5.7463E-01 	-1.0646E+01 	
5.8300E-01 	7.9404E+06 	5.8010E-01 	-1.0646E+01 	
5.8850E-01 	7.9630E+06 	5.8557E-01 	-1.0646E+01 	
5.9400E-01 	7.9471E+06 	5.9104E-01 	-1.0646E+01 	
5.9950E-01 	7.9630E+06 	5.9652E-01 	-1.0646E+01 	
6.0500E-01 	7.9630E+06 	6.0199E-01 	-1.0646E+01 	
6.1050E-01 	7.9672E+06 	6.0746E-01 	-1.0646E+01 	
6.1600E-01 	7.9741E+06 	6.1294E-01 	-1.0646E+01 	
6.2150E-01 	7.9799E+06 	6.1841E-01 	-1.0646E+01 	
6.2700E-01 	8.0036E+06 	6.2388E-01 	-1.0646E+01 	
6.3250E-01 	7.9996E+06 	6.2935E-01 	-1.0646E+01 	
6.3800E-01 	8.0047E+06 	6.3483E-01 	-1.0646E+01 	
6.4350E-01 	7.9982E+06 	6.4030E-01 	-1.0646E+01 	
6.4900E-01 	7.9931E+06 	6.4577E-01 	-1.0646E+01 	
6.5450E-01 	8.0004E+06 	6.5124E-01 	-1.0646E+01 	
6.6000E-01 	8.0087E+06 	6.5672E-01 	-1.0646E+01 	
6.6550E-01 	8.0111E+06 	6.6219E-01 	-1.0646E+01 	
6.7100E-01 	8.0121E+06 	6.6766E-01 	-1.0646E+01 	
6.7650E-01 	8.0077E+06 	6.7313E-01 	-1.0646E+01 	
6.8200E-01 	8.0126E+06 	6.7861E-01 	-1.0646E+01 	
6.8750E-01 	8.0143E+06 	6.8408E-01 	-1.0646E+01 	
6.9300E-01 	8.0042E+06 	6.8955E-01 	-1.0646E+01 	
6.9850E-01 	8.0049E+06 	6.9502E-01 	-1.0646E+01 	
7.0400E-01 	8.0128E+06 	7.0050E-01 	-1.0646E+01 	
7.0950E-01 	8.0204E+06 	7.0597E-01 	-1.0646E+01 	
7.1500E-01 	8.0124E+06 	7.1144E-01 	-1.0646E+01 	
7.2050E-01 	8.0224E+06 	7.1692E-01 	-1.0646E+01 	
7.2600E-01 	8.0133E+06 	7.2239E-01 	-1.0646E+01 	
7.3150E-01 	8.0189E+06 	7.2786E-01 	-1.0646E+01 	
7.3700E-01 	8.0146E+06 	7.3333E-01 	-1.0646E+01 	
7.4250E-01 	8.0043E+06 	7.3881E-01 	-1.0646E+01 	
7.4800E-01 	8.0236E+06 	7.4428E-01 	-1.0646E+01 	
7.5350E-01 	8.0187E+06 	7.4975E-01 	-1.0646E+01 	
7.5900E-01 	8.0206E+06 	7.5522E-01 	-1.0646E+01 	
7.6450E-01 	8.0193E+06 	7.6070E-01 	-1.0646E+01 	
7.7000E-01 	8.0174E+06 	7.6617E-01 	-1.0646E+01 	
7.7550E-01 	8.0069E+06 	7.7164E-01 	-1.0646E+01 	
7.8100E-01 	8.0081E+06 	7.7711E-01 	-1.0646E+01 	
7.8650E-01 	8.0037E+06 	7.8259E-01 	-1.0646E+01 	
7.9200E-01 	7.9976E+06 	7.8806E-01 	-1.0646E+01 	
7.9750E-01 	8.0060E+06 	7.9353E-01 	-1.0646E+01 	
8.0300E-01 	8.0021E+06 	7.9900E-01 	-1.0646E+01 	
8.0850E-01 	8.0080E+06 	8.0448E-01 	-1.0646E+01 	
8.1400E-01 	7.9979E+06 	8.0995E-01 	-1.0646E+01 	
8.1950E-01 	8.0040E+06 	8.1542E-01 	-1.0646E+01 	
8.2500E-01 	7.9853E+06 	8.2090E-01 	-1.0646E+01 	
8.3050E-01 	7.9866E+06 	8.2637E-01 	-1.0646E+01 	
8.3600E-01 	7.9939E+06 	8.3184E-01 	-1.0646E+01 	
8.4150E-01 	7.9828E+06 	8.3731E-01 	-1.0646E+01 	
8.4700E-01 	7.9926E+06 	8.4279E-01 	-1.0646E+01 	
8.5250E-01 	8.0012E+06 	8.4826E-01 	-1.0646E+01 	
8.5800E-01 	8.0090E+06 	8.5373E-01 	-1.0646E+01 	
8.6350E-01 	7.9835E+06 	8.5920E-01 	-1.0646E+01 	
8.6900E-01 	7.9843E+06 	8.6468E-01 	-1.0646E+01 	
8.7450E-01 	8.0015E+06 	8.7015E-01 	-1.0646E+01 	
8.8000E-01 	7.9941E+06 	8.7562E-01 	-1.0646E+01 	
8.8550E-01 	8.0025E+06 	8.8109E-01 	-1.0646E+01 	
8.9100E-01 	8.0036E+06 	8.8657E-01 	-1.0646E+01 	
8.9650E-01 	8.0049E+06 	8.9204E-01 	-1.0646E+01 	
9.0200E-01 	7.9947E+06 	8.9751E-01 	-1.0646E+01 	
9.0750E-01 	7.9973E+06 	9.0299E-01 	-1.0646E+01 	
9.1300E-01 	7.9846E+06 	9.0846E-01 	-1.0646E+01 	
9.1850E-01 	7.9858E+06 	9.1393E-01 	-1.0646E+01 	
9.2400E-01 	7.9939E+06 	9.1940E-01 	-1.0646E+01 	
9.2950E-01 	7.9910E+06 	9.2488E-01 	-1.0646E+01 	
9.3500E-01 	7.9932E+06 	9.3035E-01 	-1.0646E+01 	
9.4050E-01 	7.9954E+06 	9.3582E-01 	-1.0646E+01 	
9.4600E-01 	8.0043E+06 	9.4129E-01 	-1.0646E+01 	
9.5150E-01 	7.9952E+06 	9.4677E-01 	-1.0646E+01 	
9.5700E-01 	7.9941E+06 	9.5224E-01 	-1.0646E+01 	
9.6250E-01 	7.9835E+06 	9.5771E-01 	-1.0646E+01 	
9.6800E-01 	8.0006E+06 	9.6318E-01 	-1.0646E+01 	
9.7350E-01 	8.0035E+06 	9.6866E-01 	-1.0646E+01 	
9.7900E-01 	8.0023E+06 	9.7413E-01 	-1.0646E+01 	
9.8450E-01 	7.9926E+06 	9.7960E-01 	-1.0646E+01 	
9.9000E-01 	8.0030E+06 	9.8507E-01 	-1.0646E+01 	
9.9550E-01 	7.9987E+06 	9.9055E-01 	-1.0646E+01 	
1.0010E+00 	8.0012E+06 	9.9602E-01 	-1.0646E+01 	
1.0065E+00 	7.9805E+06 	1.0015E+00 	-1.0646E+01 	
1.0120E+00 	7.9855E+06 	1.0070E+00 	-1.0646E+01 	
1.0175E+00 	7.9794E+06 	1.0124E+00 	-1.0646E+01 	
1.0230E+00 	7.9843E+06 	1.0179E+00 	-1.0646E+01 	
1.0285E+00 	7.9903E+06 	1.0234E+00 	-1.0646E+01 	
1.0340E+00 	7.9791E+06 	1.0289E+00 	-1.0646E+01 	
1.0395E+00 	7.9884E+06 	1.0343E+00 	-1.0646E+01 	
1.0450E+00 	7.9863E+06 	1.0398E+00 	-1.0646E+01 	
1.0505E+00 	7.9878E+06 	1.0453E+00 	-1.0646E+01 	
1.0560E+00 	7.9703E+06 	1.0507E+00 	-1.0646E+01 	
1.0615E+00 	7.9784E+06 	1.0562E+00 	-1.0646E+01 	
1.0670E+00 	7.9854E+06 	1.0617E+00 	-1.0646E+01 	
1.0725E+00 	7.9790E+06 	1.0672E+00 	-1.0646E+01 	
1.0780E+00 	7.9816E+06 	1.0726E+00 	-1.0646E+01 	
1.0835E+00 	7.9779E+06 	1.0781E+00 	-1.0646E+01 	
1.0890E+00 	7.9755E+06 	1.0836E+00 	-1.0646E+01 	
1.0945E+00 	7.9812E+06 	1.0891E+00 	-1.0646E+01 	
1.1000E+00 	7.9828E+06 	1.0945E+00 	-1.0646E+01 	
