0.0000E+00 	7.7450E+06 	0.0000E+00 	-1.0646E+01 	
1.1011E-03 	7.7453E+06 	1.1000E-03 	-1.0646E+01 	
2.2022E-03 	7.7368E+06 	2.2000E-03 	-1.0646E+01 	
3.3033E-03 	7.7344E+06 	3.3000E-03 	-1.0646E+01 	
4.4044E-03 	7.7418E+06 	4.4000E-03 	-1.0646E+01 	
5.5055E-03 	7.7500E+06 	5.5000E-03 	-1.0646E+01 	
6.6066E-03 	7.7300E+06 	6.6000E-03 	-1.0646E+01 	
7.7077E-03 	7.7346E+06 	7.7000E-03 	-1.0646E+01 	
8.8088E-03 	7.7256E+06 	8.8000E-03 	-1.0646E+01 	
9.9099E-03 	7.7358E+06 	9.9000E-03 	-1.0646E+01 	
1.1011E-02 	7.7368E+06 	1.1000E-02 	-1.0646E+01 	
1.2112E-02 	7.7428E+06 	1.2100E-02 	-1.0646E+01 	
1.3213E-02 	7.7401E+06 	1.3200E-02 	-1.0646E+01 	
1.4314E-02 	7.7363E+06 	1.4300E-02 	-1.0646E+01 	
1.5415E-02 	7.7361E+06 	1.5400E-02 	-1.0646E+01 	
1.6517E-02 	7.7362E+06 	1.6500E-02 	-1.0646E+01 	
1.7618E-02 	7.7447E+06 	1.7600E-02 	-1.0646E+01 	
1.8719E-02 	7.7376E+06 	1.8700E-02 	-1.0646E+01 	
1.9820E-02 	7.7457E+06 	1.9800E-02 	-1.0646E+01 	
2.0921E-02 	7.7350E+06 	2.0900E-02 	-1.0646E+01 	
2.2022E-02 	7.7349E+06 	2.2000E-02 	-1.0646E+01 	
2.3123E-02 	7.7280E+06 	2.3100E-02 	-1.0646E+01 	
2.4224E-02 	7.7484E+06 	2.4200E-02 	-1.0646E+01 	
2.5325E-02 	7.7307E+06 	2.5300E-02 	-1.0646E+01 	
2.6426E-02 	7.7449E+06 	2.6400E-02 	-1.0646E+01 	
2.7528E-02 	7.7534E+06 	2.7500E-02 	-1.0646E+01 	
2.8629E-02 	7.7330E+06 	2.8600E-02 	-1.0646E+01 	
2.9730E-02 	7.7348E+06 	2.9700E-02 	-1.0646E+01 	
3.0831E-02 	7.7329E+06 	3.0800E-02 	-1.0646E+01 	
3.1932E-02 	7.7339E+06 	3.1900E-02 	-1.0646E+01 	
3.3033E-02 	7.7474E+06 	3.3000E-02 	-1.0646E+01 	
3.4134E-02 	7.7458E+06 	3.4100E-02 	-1.0646E+01 	
3.5235E-02 	7.7357E+06 	3.5200E-02 	-1.0646E+01 	
3.6336E-02 	7.7348E+06 	3.6300E-02 	-1.0646E+01 	
3.7437E-02 	7.7347E+06 	3.7400E-02 	-1.0646E+01 	
3.8539E-02 	7.7342E+06 	3.8500E-02 	-1.0646E+01 	
3.9640E-02 	7.7477E+06 	3.9600E-02 	-1.0646E+01 	
4.0741E-02 	7.7329E+06 	4.0700E-02 	-1.0646E+01 	
4.1842E-02 	7.7507E+06 	4.1800E-02 	-1.0646E+01 	
4.2943E-02 	7.7403E+06 	4.2900E-02 	-1.0646E+01 	
4.4044E-02 	7.7397E+06 	4.4000E-02 	-1.0646E+01 	
4.5145E-02 	7.7322E+06 	4.5100E-02 	-1.0646E+01 	
4.6246E-02 	7.7466E+06 	4.6200E-02 	-1.0646E+01 	
4.7347E-02 	7.7476E+06 	4.7300E-02 	-1.0646E+01 	
4.8448E-02 	7.7492E+06 	4.8400E-02 	-1.0646E+01 	
4.9550E-02 	7.7297E+06 	4.9500E-02 	-1.0646E+01 	
5.0651E-02 	7.7356E+06 	5.0600E-02 	-1.0646E+01 	
5.1752E-02 	7.7248E+06 	5.1700E-02 	-1.0646E+01 	
5.2853E-02 	7.7330E+06 	5.2800E-02 	-1.0646E+01 	
5.3954E-02 	7.7457E+06 	5.3900E-02 	-1.0646E+01 	
5.5055E-02 	7.7605E+06 	5.5000E-02 	-1.0646E+01 	
5.6156E-02 	7.7417E+06 	5.6100E-02 	-1.0646E+01 	
5.7257E-02 	7.7548E+06 	5.7200E-02 	-1.0646E+01 	
5.8358E-02 	7.7314E+06 	5.8300E-02 	-1.0646E+01 	
5.9459E-02 	7.7463E+06 	5.9400E-02 	-1.0646E+01 	
6.0561E-02 	7.7436E+06 	6.0500E-02 	-1.0646E+01 	
6.1662E-02 	7.7213E+06 	6.1600E-02 	-1.0646E+01 	
6.2763E-02 	7.7477E+06 	6.2700E-02 	-1.0646E+01 	
6.3864E-02 	7.7462E+06 	6.3800E-02 	-1.0646E+01 	
6.4965E-02 	7.7324E+06 	6.4900E-02 	-1.0646E+01 	
6.6066E-02 	7.7238E+06 	6.6000E-02 	-1.0646E+01 	
6.7167E-02 	7.7325E+06 	6.7100E-02 	-1.0646E+01 	
6.8268E-02 	7.7358E+06 	6.8200E-02 	-1.0646E+01 	
6.9369E-02 	7.7534E+06 	6.9300E-02 	-1.0646E+01 	
7.0470E-02 	7.7522E+06 	7.0400E-02 	-1.0646E+01 	
7.1572E-02 	7.7383E+06 	7.1500E-02 	-1.0646E+01 	
7.2673E-02 	7.7492E+06 	7.2600E-02 	-1.0646E+01 	
7.3774E-02 	7.7501E+06 	7.3700E-02 	-1.0646E+01 	
7.4875E-02 	7.7319E+06 	7.4800E-02 	-1.0646E+01 	
7.5976E-02 	7.7338E+06 	7.5900E-02 	-1.0646E+01 	
7.7077E-02 	7.7327E+06 	7.7000E-02 	-1.0646E+01 	
7.8178E-02 	7.7431E+06 	7.8100E-02 	-1.0646E+01 	
7.9279E-02 	7.7354E+06 	7.9200E-02 	-1.0646E+01 	
8.0380E-02 	7.7378E+06 	8.0300E-02 	-1.0646E+01 	
8.1481E-02 	7.7490E+06 	8.1400E-02 	-1.0646E+01 	
8.2583E-02 	7.7458E+06 	8.2500E-02 	-1.0646E+01 	
8.3684E-02 	7.7452E+06 	8.3600E-02 	-1.0646E+01 	
8.4785E-02 	7.7509E+06 	8.4700E-02 	-1.0646E+01 	
8.5886E-02 	7.7376E+06 	8.5800E-02 	-1.0646E+01 	
8.6987E-02 	7.7430E+06 	8.6900E-02 	-1.0646E+01 	
8.8088E-02 	7.7399E+06 	8.8000E-02 	-1.0646E+01 	
8.9189E-02 	7.7349E+06 	8.9100E-02 	-1.0646E+01 	
9.0290E-02 	7.7338E+06 	9.0200E-02 	-1.0646E+01 	
9.1391E-02 	7.7376E+06 	9.1300E-02 	-1.0646E+01 	
9.2492E-02 	7.7486E+06 	9.2400E-02 	-1.0646E+01 	
9.3594E-02 	7.7389E+06 	9.3500E-02 	-1.0646E+01 	
9.4695E-02 	7.7308E+06 	9.4600E-02 	-1.0646E+01 	
9.5796E-02 	7.7321E+06 	9.5700E-02 	-1.0646E+01 	
9.6897E-02 	7.7425E+06 	9.6800E-02 	-1.0646E+01 	
9.7998E-02 	7.7610E+06 	9.7900E-02 	-1.0646E+01 	
9.9099E-02 	7.7562E+06 	9.9000E-02 	-1.0646E+01 	
1.0020E-01 	7.7467E+06 	1.0010E-01 	-1.0646E+01 	
1.0130E-01 	7.7554E+06 	1.0120E-01 	-1.0646E+01 	
1.0240E-01 	7.7555E+06 	1.0230E-01 	-1.0646E+01 	
1.0350E-01 	7.7398E+06 	1.0340E-01 	-1.0646E+01 	
1.0460E-01 	7.7404E+06 	1.0450E-01 	-1.0646E+01 	
1.0571E-01 	7.7397E+06 	1.0560E-01 	-1.0646E+01 	
1.0681E-01 	7.7431E+06 	1.0670E-01 	-1.0646E+01 	
1.0791E-01 	7.7616E+06 	1.0780E-01 	-1.0646E+01 	
1.0901E-01 	7.7474E+06 	1.0890E-01 	-1.0646E+01 	
1.1011E-01 	7.7502E+06 	1.1000E-01 	-1.0646E+01 	
1.1121E-01 	7.7382E+06 	1.1110E-01 	-1.0646E+01 	
1.1231E-01 	7.7520E+06 	1.1220E-01 	-1.0646E+01 	
1.1341E-01 	7.7611E+06 	1.1330E-01 	-1.0646E+01 	
1.1451E-01 	7.7476E+06 	1.1440E-01 	-1.0646E+01 	
1.1562E-01 	7.7402E+06 	1.1550E-01 	-1.0646E+01 	
1.1672E-01 	7.7353E+06 	1.1660E-01 	-1.0646E+01 	
1.1782E-01 	7.7387E+06 	1.1770E-01 	-1.0646E+01 	
1.1892E-01 	7.7475E+06 	1.1880E-01 	-1.0646E+01 	
1.2002E-01 	7.7461E+06 	1.1990E-01 	-1.0646E+01 	
1.2112E-01 	7.7410E+06 	1.2100E-01 	-1.0646E+01 	
1.2222E-01 	7.7370E+06 	1.2210E-01 	-1.0646E+01 	
1.2332E-01 	7.7455E+06 	1.2320E-01 	-1.0646E+01 	
1.2442E-01 	7.7359E+06 	1.2430E-01 	-1.0646E+01 	
1.2553E-01 	7.7329E+06 	1.2540E-01 	-1.0646E+01 	
1.2663E-01 	7.7603E+06 	1.2650E-01 	-1.0646E+01 	
1.2773E-01 	7.7537E+06 	1.2760E-01 	-1.0646E+01 	
1.2883E-01 	7.7489E+06 	1.2870E-01 	-1.0646E+01 	
1.2993E-01 	7.7350E+06 	1.2980E-01 	-1.0646E+01 	
1.3103E-01 	7.7308E+06 	1.3090E-01 	-1.0646E+01 	
1.3213E-01 	7.7508E+06 	1.3200E-01 	-1.0646E+01 	
1.3323E-01 	7.7562E+06 	1.3310E-01 	-1.0646E+01 	
1.3433E-01 	7.7555E+06 	1.3420E-01 	-1.0646E+01 	
1.3544E-01 	7.7542E+06 	1.3530E-01 	-1.0646E+01 	
1.3654E-01 	7.7425E+06 	1.3640E-01 	-1.0646E+01 	
1.3764E-01 	7.7512E+06 	1.3750E-01 	-1.0646E+01 	
1.3874E-01 	7.7420E+06 	1.3860E-01 	-1.0646E+01 	
1.3984E-01 	7.7463E+06 	1.3970E-01 	-1.0646E+01 	
1.4094E-01 	7.7697E+06 	1.4080E-01 	-1.0646E+01 	
1.4204E-01 	7.7543E+06 	1.4190E-01 	-1.0646E+01 	
1.4314E-01 	7.7434E+06 	1.4300E-01 	-1.0646E+01 	
1.4424E-01 	7.7392E+06 	1.4410E-01 	-1.0646E+01 	
1.4535E-01 	7.7581E+06 	1.4520E-01 	-1.0646E+01 	
1.4645E-01 	7.7605E+06 	1.4630E-01 	-1.0646E+01 	
1.4755E-01 	7.7639E+06 	1.4740E-01 	-1.0646E+01 	
1.4865E-01 	7.7520E+06 	1.4850E-01 	-1.0646E+01 	
1.4975E-01 	7.7605E+06 	1.4960E-01 	-1.0646E+01 	
1.5085E-01 	7.7559E+06 	1.5070E-01 	-1.0646E+01 	
1.5195E-01 	7.7388E+06 	1.5180E-01 	-1.0646E+01 	
1.5305E-01 	7.7488E+06 	1.5290E-01 	-1.0646E+01 	
1.5415E-01 	7.7567E+06 	1.5400E-01 	-1.0646E+01 	
1.5526E-01 	7.7598E+06 	1.5510E-01 	-1.0646E+01 	
1.5636E-01 	7.7603E+06 	1.5620E-01 	-1.0646E+01 	
1.5746E-01 	7.7676E+06 	1.5730E-01 	-1.0646E+01 	
1.5856E-01 	7.7565E+06 	1.5840E-01 	-1.0646E+01 	
1.5966E-01 	7.7498E+06 	1.5950E-01 	-1.0646E+01 	
1.6076E-01 	7.7540E+06 	1.6060E-01 	-1.0646E+01 	
1.6186E-01 	7.7455E+06 	1.6170E-01 	-1.0646E+01 	
1.6296E-01 	7.7613E+06 	1.6280E-01 	-1.0646E+01 	
1.6406E-01 	7.7604E+06 	1.6390E-01 	-1.0646E+01 	
1.6517E-01 	7.7549E+06 	1.6500E-01 	-1.0646E+01 	
1.6627E-01 	7.7424E+06 	1.6610E-01 	-1.0646E+01 	
1.6737E-01 	7.7558E+06 	1.6720E-01 	-1.0646E+01 	
1.6847E-01 	7.7558E+06 	1.6830E-01 	-1.0646E+01 	
1.6957E-01 	7.7606E+06 	1.6940E-01 	-1.0646E+01 	
1.7067E-01 	7.7668E+06 	1.7050E-01 	-1.0646E+01 	
1.7177E-01 	7.7691E+06 	1.7160E-01 	-1.0646E+01 	
1.7287E-01 	7.7605E+06 	1.7270E-01 	-1.0646E+01 	
1.7397E-01 	7.7581E+06 	1.7380E-01 	-1.0646E+01 	
1.7508E-01 	7.7617E+06 	1.7490E-01 	-1.0646E+01 	
1.7618E-01 	7.7559E+06 	1.7600E-01 	-1.0646E+01 	
1.7728E-01 	7.7620E+06 	1.7710E-01 	-1.0646E+01 	
1.7838E-01 	7.7692E+06 	1.7820E-01 	-1.0646E+01 	
1.7948E-01 	7.7638E+06 	1.7930E-01 	-1.0646E+01 	
1.8058E-01 	7.7837E+06 	1.8040E-01 	-1.0646E+01 	
1.8168E-01 	7.7656E+06 	1.8150E-01 	-1.0646E+01 	
1.8278E-01 	7.7527E+06 	1.8260E-01 	-1.0646E+01 	
1.8388E-01 	7.7502E+06 	1.8370E-01 	-1.0646E+01 	
1.8498E-01 	7.7612E+06 	1.8480E-01 	-1.0646E+01 	
1.8609E-01 	7.7683E+06 	1.8590E-01 	-1.0646E+01 	
1.8719E-01 	7.7626E+06 	1.8700E-01 	-1.0646E+01 	
1.8829E-01 	7.7679E+06 	1.8810E-01 	-1.0646E+01 	
1.8939E-01 	7.7559E+06 	1.8920E-01 	-1.0646E+01 	
1.9049E-01 	7.7760E+06 	1.9030E-01 	-1.0646E+01 	
1.9159E-01 	7.7795E+06 	1.9140E-01 	-1.0646E+01 	
1.9269E-01 	7.7668E+06 	1.9250E-01 	-1.0646E+01 	
1.9379E-01 	7.7576E+06 	1.9360E-01 	-1.0646E+01 	
1.9489E-01 	7.7615E+06 	1.9470E-01 	-1.0646E+01 	
1.9600E-01 	7.7576E+06 	1.9580E-01 	-1.0646E+01 	
1.9710E-01 	7.7608E+06 	1.9690E-01 	-1.0646E+01 	
1.9820E-01 	7.7575E+06 	1.9800E-01 	-1.0646E+01 	
1.9930E-01 	7.7616E+06 	1.9910E-01 	-1.0646E+01 	
2.0040E-01 	7.7839E+06 	2.0020E-01 	-1.0646E+01 	
2.0150E-01 	7.7814E+06 	2.0130E-01 	-1.0646E+01 	
2.0260E-01 	7.7746E+06 	2.0240E-01 	-1.0646E+01 	
2.0370E-01 	7.7695E+06 	2.0350E-01 	-1.0646E+01 	
2.0480E-01 	7.7771E+06 	2.0460E-01 	-1.0646E+01 	
2.0591E-01 	7.7846E+06 	2.0570E-01 	-1.0646E+01 	
2.0701E-01 	7.7939E+06 	2.0680E-01 	-1.0646E+01 	
2.0811E-01 	7.7661E+06 	2.0790E-01 	-1.0646E+01 	
2.0921E-01 	7.7844E+06 	2.0900E-01 	-1.0646E+01 	
2.1031E-01 	7.7770E+06 	2.1010E-01 	-1.0646E+01 	
2.1141E-01 	7.7941E+06 	2.1120E-01 	-1.0646E+01 	
2.1251E-01 	7.7941E+06 	2.1230E-01 	-1.0646E+01 	
2.1361E-01 	7.7945E+06 	2.1340E-01 	-1.0646E+01 	
2.1471E-01 	7.7909E+06 	2.1450E-01 	-1.0646E+01 	
2.1582E-01 	7.7933E+06 	2.1560E-01 	-1.0646E+01 	
2.1692E-01 	7.7698E+06 	2.1670E-01 	-1.0646E+01 	
2.1802E-01 	7.7962E+06 	2.1780E-01 	-1.0646E+01 	
2.1912E-01 	7.7812E+06 	2.1890E-01 	-1.0646E+01 	
2.2022E-01 	7.7979E+06 	2.2000E-01 	-1.0646E+01 	
2.2132E-01 	7.7971E+06 	2.2110E-01 	-1.0646E+01 	
2.2242E-01 	7.7947E+06 	2.2220E-01 	-1.0646E+01 	
2.2352E-01 	7.7943E+06 	2.2330E-01 	-1.0646E+01 	
2.2462E-01 	7.8014E+06 	2.2440E-01 	-1.0646E+01 	
2.2573E-01 	7.7884E+06 	2.2550E-01 	-1.0646E+01 	
2.2683E-01 	7.7870E+06 	2.2660E-01 	-1.0646E+01 	
2.2793E-01 	7.7955E+06 	2.2770E-01 	-1.0646E+01 	
2.2903E-01 	7.8033E+06 	2.2880E-01 	-1.0646E+01 	
2.3013E-01 	7.8066E+06 	2.2990E-01 	-1.0646E+01 	
2.3123E-01 	7.7833E+06 	2.3100E-01 	-1.0646E+01 	
2.3233E-01 	7.7951E+06 	2.3210E-01 	-1.0646E+01 	
2.3343E-01 	7.7913E+06 	2.3320E-01 	-1.0646E+01 	
2.3453E-01 	7.8098E+06 	2.3430E-01 	-1.0646E+01 	
2.3564E-01 	7.8054E+06 	2.3540E-01 	-1.0646E+01 	
2.3674E-01 	7.8135E+06 	2.3650E-01 	-1.0646E+01 	
2.3784E-01 	7.8062E+06 	2.3760E-01 	-1.0646E+01 	
2.3894E-01 	7.8103E+06 	2.3870E-01 	-1.0646E+01 	
2.4004E-01 	7.8056E+06 	2.3980E-01 	-1.0646E+01 	
2.4114E-01 	7.8156E+06 	2.4090E-01 	-1.0646E+01 	
2.4224E-01 	7.8021E+06 	2.4200E-01 	-1.0646E+01 	
2.4334E-01 	7.8136E+06 	2.4310E-01 	-1.0646E+01 	
2.4444E-01 	7.8089E+06 	2.4420E-01 	-1.0646E+01 	
2.4555E-01 	7.8018E+06 	2.4530E-01 	-1.0646E+01 	
2.4665E-01 	7.8036E+06 	2.4640E-01 	-1.0646E+01 	
2.4775E-01 	7.8020E+06 	2.4750E-01 	-1.0646E+01 	
2.4885E-01 	7.8121E+06 	2.4860E-01 	-1.0646E+01 	
2.4995E-01 	7.8106E+06 	2.4970E-01 	-1.0646E+01 	
2.5105E-01 	7.8143E+06 	2.5080E-01 	-1.0646E+01 	
2.5215E-01 	7.8164E+06 	2.5190E-01 	-1.0646E+01 	
2.5325E-01 	7.8106E+06 	2.5300E-01 	-1.0646E+01 	
2.5435E-01 	7.8127E+06 	2.5410E-01 	-1.0646E+01 	
2.5546E-01 	7.8213E+06 	2.5520E-01 	-1.0646E+01 	
2.5656E-01 	7.7992E+06 	2.5630E-01 	-1.0646E+01 	
2.5766E-01 	7.8018E+06 	2.5740E-01 	-1.0646E+01 	
2.5876E-01 	7.8056E+06 	2.5850E-01 	-1.0646E+01 	
2.5986E-01 	7.8126E+06 	2.5960E-01 	-1.0646E+01 	
2.6096E-01 	7.8135E+06 	2.6070E-01 	-1.0646E+01 	
2.6206E-01 	7.8214E+06 	2.6180E-01 	-1.0646E+01 	
2.6316E-01 	7.8178E+06 	2.6290E-01 	-1.0646E+01 	
2.6426E-01 	7.8187E+06 	2.6400E-01 	-1.0646E+01 	
2.6537E-01 	7.8242E+06 	2.6510E-01 	-1.0646E+01 	
2.6647E-01 	7.8159E+06 	2.6620E-01 	-1.0646E+01 	
2.6757E-01 	7.8109E+06 	2.6730E-01 	-1.0646E+01 	
2.6867E-01 	7.8192E+06 	2.6840E-01 	-1.0646E+01 	
2.6977E-01 	7.8185E+06 	2.6950E-01 	-1.0646E+01 	
2.7087E-01 	7.8150E+06 	2.7060E-01 	-1.0646E+01 	
2.7197E-01 	7.8147E+06 	2.7170E-01 	-1.0646E+01 	
2.7307E-01 	7.8280E+06 	2.7280E-01 	-1.0646E+01 	
2.7417E-01 	7.7993E+06 	2.7390E-01 	-1.0646E+01 	
2.7528E-01 	7.8185E+06 	2.7500E-01 	-1.0646E+01 	
2.7638E-01 	7.8117E+06 	2.7610E-01 	-1.0646E+01 	
2.7748E-01 	7.8246E+06 	2.7720E-01 	-1.0646E+01 	
2.7858E-01 	7.8360E+06 	2.7830E-01 	-1.0646E+01 	
2.7968E-01 	7.8308E+06 	2.7940E-01 	-1.0646E+01 	
2.8078E-01 	7.8185E+06 	2.8050E-01 	-1.0646E+01 	
2.8188E-01 	7.8258E+06 	2.8160E-01 	-1.0646E+01 	
2.8298E-01 	7.8094E+06 	2.8270E-01 	-1.0646E+01 	
2.8408E-01 	7.8140E+06 	2.8380E-01 	-1.0646E+01 	
2.8519E-01 	7.8196E+06 	2.8490E-01 	-1.0646E+01 	
2.8629E-01 	7.8206E+06 	2.8600E-01 	-1.0646E+01 	
2.8739E-01 	7.8128E+06 	2.8710E-01 	-1.0646E+01 	
2.8849E-01 	7.8111E+06 	2.8820E-01 	-1.0646E+01 	
2.8959E-01 	7.7946E+06 	2.8930E-01 	-1.0646E+01 	
2.9069E-01 	7.8282E+06 	2.9040E-01 	-1.0646E+01 	
2.9179E-01 	7.8284E+06 	2.9150E-01 	-1.0646E+01 	
2.9289E-01 	7.8312E+06 	2.9260E-01 	-1.0646E+01 	
2.9399E-01 	7.8325E+06 	2.9370E-01 	-1.0646E+01 	
2.9510E-01 	7.8129E+06 	2.9480E-01 	-1.0646E+01 	
2.9620E-01 	7.7932E+06 	2.9590E-01 	-1.0646E+01 	
2.9730E-01 	7.8123E+06 	2.9700E-01 	-1.0646E+01 	
2.9840E-01 	7.8072E+06 	2.9810E-01 	-1.0646E+01 	
2.9950E-01 	7.8299E+06 	2.9920E-01 	-1.0646E+01 	
3.0060E-01 	7.8315E+06 	3.0030E-01 	-1.0646E+01 	
3.0170E-01 	7.8196E+06 	3.0140E-01 	-1.0646E+01 	
3.0280E-01 	7.8183E+06 	3.0250E-01 	-1.0646E+01 	
3.0390E-01 	7.8164E+06 	3.0360E-01 	-1.0646E+01 	
3.0501E-01 	7.8239E+06 	3.0470E-01 	-1.0646E+01 	
3.0611E-01 	7.8218E+06 	3.0580E-01 	-1.0646E+01 	
3.0721E-01 	7.8243E+06 	3.0690E-01 	-1.0646E+01 	
3.0831E-01 	7.8103E+06 	3.0800E-01 	-1.0646E+01 	
3.0941E-01 	7.8166E+06 	3.0910E-01 	-1.0646E+01 	
3.1051E-01 	7.8119E+06 	3.1020E-01 	-1.0646E+01 	
3.1161E-01 	7.8197E+06 	3.1130E-01 	-1.0646E+01 	
3.1271E-01 	7.8293E+06 	3.1240E-01 	-1.0646E+01 	
3.1381E-01 	7.8273E+06 	3.1350E-01 	-1.0646E+01 	
3.1491E-01 	7.8245E+06 	3.1460E-01 	-1.0646E+01 	
3.1602E-01 	7.8047E+06 	3.1570E-01 	-1.0646E+01 	
3.1712E-01 	7.8174E+06 	3.1680E-01 	-1.0646E+01 	
3.1822E-01 	7.8130E+06 	3.1790E-01 	-1.0646E+01 	
3.1932E-01 	7.8257E+06 	3.1900E-01 	-1.0646E+01 	
3.2042E-01 	7.8268E+06 	3.2010E-01 	-1.0646E+01 	
3.2152E-01 	7.8323E+06 	3.2120E-01 	-1.0646E+01 	
3.2262E-01 	7.8133E+06 	3.2230E-01 	-1.0646E+01 	
3.2372E-01 	7.8123E+06 	3.2340E-01 	-1.0646E+01 	
3.2482E-01 	7.8036E+06 	3.2450E-01 	-1.0646E+01 	
3.2593E-01 	7.8185E+06 	3.2560E-01 	-1.0646E+01 	
3.2703E-01 	7.8225E+06 	3.2670E-01 	-1.0646E+01 	
3.2813E-01 	7.8041E+06 	3.2780E-01 	-1.0646E+01 	
3.2923E-01 	7.8176E+06 	3.2890E-01 	-1.0646E+01 	
3.3033E-01 	7.8313E+06 	3.3000E-01 	-1.0646E+01 	
3.3143E-01 	7.8057E+06 	3.3110E-01 	-1.0646E+01 	
3.3253E-01 	7.8091E+06 	3.3220E-01 	-1.0646E+01 	
3.3363E-01 	7.8017E+06 	3.3330E-01 	-1.0646E+01 	
3.3473E-01 	7.8186E+06 	3.3440E-01 	-1.0646E+01 	
3.3584E-01 	7.8337E+06 	3.3550E-01 	-1.0646E+01 	
3.3694E-01 	7.8102E+06 	3.3660E-01 	-1.0646E+01 	
3.3804E-01 	7.7978E+06 	3.3770E-01 	-1.0646E+01 	
3.3914E-01 	7.8096E+06 	3.3880E-01 	-1.0646E+01 	
3.4024E-01 	7.8169E+06 	3.3990E-01 	-1.0646E+01 	
3.4134E-01 	7.8224E+06 	3.4100E-01 	-1.0646E+01 	
3.4244E-01 	7.8278E+06 	3.4210E-01 	-1.0646E+01 	
3.4354E-01 	7.8200E+06 	3.4320E-01 	-1.0646E+01 	
3.4464E-01 	7.7970E+06 	3.4430E-01 	-1.0646E+01 	
3.4575E-01 	7.8015E+06 	3.4540E-01 	-1.0646E+01 	
3.4685E-01 	7.8200E+06 	3.4650E-01 	-1.0646E+01 	
3.4795E-01 	7.8106E+06 	3.4760E-01 	-1.0646E+01 	
3.4905E-01 	7.8149E+06 	3.4870E-01 	-1.0646E+01 	
3.5015E-01 	7.8057E+06 	3.4980E-01 	-1.0646E+01 	
3.5125E-01 	7.8091E+06 	3.5090E-01 	-1.0646E+01 	
3.5235E-01 	7.8171E+06 	3.5200E-01 	-1.0646E+01 	
3.5345E-01 	7.8011E+06 	3.5310E-01 	-1.0646E+01 	
3.5455E-01 	7.8150E+06 	3.5420E-01 	-1.0646E+01 	
3.5566E-01 	7.8141E+06 	3.5530E-01 	-1.0646E+01 	
3.5676E-01 	7.8260E+06 	3.5640E-01 	-1.0646E+01 	
3.5786E-01 	7.8188E+06 	3.5750E-01 	-1.0646E+01 	
3.5896E-01 	7.8135E+06 	3.5860E-01 	-1.0646E+01 	
3.6006E-01 	7.7988E+06 	3.5970E-01 	-1.0646E+01 	
3.6116E-01 	7.8155E+06 	3.6080E-01 	-1.0646E+01 	
3.6226E-01 	7.8030E+06 	3.6190E-01 	-1.0646E+01 	
3.6336E-01 	7.8058E+06 	3.6300E-01 	-1.0646E+01 	
3.6446E-01 	7.8071E+06 	3.6410E-01 	-1.0646E+01 	
3.6557E-01 	7.8106E+06 	3.6520E-01 	-1.0646E+01 	
3.6667E-01 	7.8034E+06 	3.6630E-01 	-1.0646E+01 	
3.6777E-01 	7.8013E+06 	3.6740E-01 	-1.0646E+01 	
3.6887E-01 	7.7935E+06 	3.6850E-01 	-1.0646E+01 	
3.6997E-01 	7.8175E+06 	3.6960E-01 	-1.0646E+01 	
3.7107E-01 	7.7934E+06 	3.7070E-01 	-1.0646E+01 	
3.7217E-01 	7.8200E+06 	3.7180E-01 	-1.0646E+01 	
3.7327E-01 	7.8062E+06 	3.7290E-01 	-1.0646E+01 	
3.7437E-01 	7.8071E+06 	3.7400E-01 	-1.0646E+01 	
3.7548E-01 	7.8121E+06 	3.7510E-01 	-1.0646E+01 	
3.7658E-01 	7.7983E+06 	3.7620E-01 	-1.0646E+01 	
3.7768E-01 	7.8068E+06 	3.7730E-01 	-1.0646E+01 	
3.7878E-01 	7.8035E+06 	3.7840E-01 	-1.0646E+01 	
3.7988E-01 	7.7968E+06 	3.7950E-01 	-1.0646E+01 	
3.8098E-01 	7.8116E+06 	3.8060E-01 	-1.0646E+01 	
3.8208E-01 	7.7990E+06 	3.8170E-01 	-1.0646E+01 	
3.8318E-01 	7.7849E+06 	3.8280E-01 	-1.0646E+01 	
3.8428E-01 	7.8026E+06 	3.8390E-01 	-1.0646E+01 	
3.8539E-01 	7.8015E+06 	3.8500E-01 	-1.0646E+01 	
3.8649E-01 	7.8112E+06 	3.8610E-01 	-1.0646E+01 	
3.8759E-01 	7.7967E+06 	3.8720E-01 	-1.0646E+01 	
3.8869E-01 	7.7912E+06 	3.8830E-01 	-1.0646E+01 	
3.8979E-01 	7.7934E+06 	3.8940E-01 	-1.0646E+01 	
3.9089E-01 	7.8067E+06 	3.9050E-01 	-1.0646E+01 	
3.9199E-01 	7.8020E+06 	3.9160E-01 	-1.0646E+01 	
3.9309E-01 	7.8070E+06 	3.9270E-01 	-1.0646E+01 	
3.9419E-01 	7.7960E+06 	3.9380E-01 	-1.0646E+01 	
3.9530E-01 	7.8003E+06 	3.9490E-01 	-1.0646E+01 	
3.9640E-01 	7.7975E+06 	3.9600E-01 	-1.0646E+01 	
3.9750E-01 	7.7814E+06 	3.9710E-01 	-1.0646E+01 	
3.9860E-01 	7.7896E+06 	3.9820E-01 	-1.0646E+01 	
3.9970E-01 	7.7884E+06 	3.9930E-01 	-1.0646E+01 	
4.0080E-01 	7.7969E+06 	4.0040E-01 	-1.0646E+01 	
4.0190E-01 	7.7951E+06 	4.0150E-01 	-1.0646E+01 	
4.0300E-01 	7.7891E+06 	4.0260E-01 	-1.0646E+01 	
4.0410E-01 	7.7968E+06 	4.0370E-01 	-1.0646E+01 	
4.0521E-01 	7.7978E+06 	4.0480E-01 	-1.0646E+01 	
4.0631E-01 	7.7903E+06 	4.0590E-01 	-1.0646E+01 	
4.0741E-01 	7.8055E+06 	4.0700E-01 	-1.0646E+01 	
4.0851E-01 	7.7898E+06 	4.0810E-01 	-1.0646E+01 	
4.0961E-01 	7.7887E+06 	4.0920E-01 	-1.0646E+01 	
4.1071E-01 	7.7714E+06 	4.1030E-01 	-1.0646E+01 	
4.1181E-01 	7.7802E+06 	4.1140E-01 	-1.0646E+01 	
4.1291E-01 	7.7924E+06 	4.1250E-01 	-1.0646E+01 	
4.1401E-01 	7.7913E+06 	4.1360E-01 	-1.0646E+01 	
4.1512E-01 	7.7896E+06 	4.1470E-01 	-1.0646E+01 	
4.1622E-01 	7.7774E+06 	4.1580E-01 	-1.0646E+01 	
4.1732E-01 	7.7913E+06 	4.1690E-01 	-1.0646E+01 	
4.1842E-01 	7.7671E+06 	4.1800E-01 	-1.0646E+01 	
4.1952E-01 	7.7845E+06 	4.1910E-01 	-1.0646E+01 	
4.2062E-01 	7.7960E+06 	4.2020E-01 	-1.0646E+01 	
4.2172E-01 	7.7906E+06 	4.2130E-01 	-1.0646E+01 	
4.2282E-01 	7.7911E+06 	4.2240E-01 	-1.0646E+01 	
4.2392E-01 	7.7739E+06 	4.2350E-01 	-1.0646E+01 	
4.2503E-01 	7.7747E+06 	4.2460E-01 	-1.0646E+01 	
4.2613E-01 	7.7784E+06 	4.2570E-01 	-1.0646E+01 	
4.2723E-01 	7.7852E+06 	4.2680E-01 	-1.0646E+01 	
4.2833E-01 	7.8067E+06 	4.2790E-01 	-1.0646E+01 	
4.2943E-01 	7.7977E+06 	4.2900E-01 	-1.0646E+01 	
4.3053E-01 	7.7885E+06 	4.3010E-01 	-1.0646E+01 	
4.3163E-01 	7.7893E+06 	4.3120E-01 	-1.0646E+01 	
4.3273E-01 	7.7967E+06 	4.3230E-01 	-1.0646E+01 	
4.3383E-01 	7.7876E+06 	4.3340E-01 	-1.0646E+01 	
4.3493E-01 	7.7814E+06 	4.3450E-01 	-1.0646E+01 	
4.3604E-01 	7.7968E+06 	4.3560E-01 	-1.0646E+01 	
4.3714E-01 	7.7724E+06 	4.3670E-01 	-1.0646E+01 	
4.3824E-01 	7.7834E+06 	4.3780E-01 	-1.0646E+01 	
4.3934E-01 	7.7855E+06 	4.3890E-01 	-1.0646E+01 	
4.4044E-01 	7.7841E+06 	4.4000E-01 	-1.0646E+01 	
4.4154E-01 	7.7994E+06 	4.4110E-01 	-1.0646E+01 	
4.4264E-01 	7.7867E+06 	4.4220E-01 	-1.0646E+01 	
4.4374E-01 	7.7869E+06 	4.4330E-01 	-1.0646E+01 	
4.4484E-01 	7.7953E+06 	4.4440E-01 	-1.0646E+01 	
4.4595E-01 	7.7693E+06 	4.4550E-01 	-1.0646E+01 	
4.4705E-01 	7.7929E+06 	4.4660E-01 	-1.0646E+01 	
4.4815E-01 	7.7700E+06 	4.4770E-01 	-1.0646E+01 	
4.4925E-01 	7.7801E+06 	4.4880E-01 	-1.0646E+01 	
4.5035E-01 	7.7912E+06 	4.4990E-01 	-1.0646E+01 	
4.5145E-01 	7.7813E+06 	4.5100E-01 	-1.0646E+01 	
4.5255E-01 	7.7771E+06 	4.5210E-01 	-1.0646E+01 	
4.5365E-01 	7.7789E+06 	4.5320E-01 	-1.0646E+01 	
4.5475E-01 	7.7639E+06 	4.5430E-01 	-1.0646E+01 	
4.5586E-01 	7.7737E+06 	4.5540E-01 	-1.0646E+01 	
4.5696E-01 	7.7868E+06 	4.5650E-01 	-1.0646E+01 	
4.5806E-01 	7.7945E+06 	4.5760E-01 	-1.0646E+01 	
4.5916E-01 	7.7690E+06 	4.5870E-01 	-1.0646E+01 	
4.6026E-01 	7.7743E+06 	4.5980E-01 	-1.0646E+01 	
4.6136E-01 	7.7855E+06 	4.6090E-01 	-1.0646E+01 	
4.6246E-01 	7.7733E+06 	4.6200E-01 	-1.0646E+01 	
4.6356E-01 	7.7814E+06 	4.6310E-01 	-1.0646E+01 	
4.6466E-01 	7.7877E+06 	4.6420E-01 	-1.0646E+01 	
4.6577E-01 	7.7807E+06 	4.6530E-01 	-1.0646E+01 	
4.6687E-01 	7.7789E+06 	4.6640E-01 	-1.0646E+01 	
4.6797E-01 	7.7445E+06 	4.6750E-01 	-1.0646E+01 	
4.6907E-01 	7.7653E+06 	4.6860E-01 	-1.0646E+01 	
4.7017E-01 	7.7741E+06 	4.6970E-01 	-1.0646E+01 	
4.7127E-01 	7.7723E+06 	4.7080E-01 	-1.0646E+01 	
4.7237E-01 	7.7904E+06 	4.7190E-01 	-1.0646E+01 	
4.7347E-01 	7.7709E+06 	4.7300E-01 	-1.0646E+01 	
4.7457E-01 	7.7685E+06 	4.7410E-01 	-1.0646E+01 	
4.7568E-01 	7.7742E+06 	4.7520E-01 	-1.0646E+01 	
4.7678E-01 	7.7566E+06 	4.7630E-01 	-1.0646E+01 	
4.7788E-01 	7.7644E+06 	4.7740E-01 	-1.0646E+01 	
4.7898E-01 	7.7818E+06 	4.7850E-01 	-1.0646E+01 	
4.8008E-01 	7.7872E+06 	4.7960E-01 	-1.0646E+01 	
4.8118E-01 	7.7832E+06 	4.8070E-01 	-1.0646E+01 	
4.8228E-01 	7.7679E+06 	4.8180E-01 	-1.0646E+01 	
4.8338E-01 	7.7657E+06 	4.8290E-01 	-1.0646E+01 	
4.8448E-01 	7.7589E+06 	4.8400E-01 	-1.0646E+01 	
4.8559E-01 	7.7633E+06 	4.8510E-01 	-1.0646E+01 	
4.8669E-01 	7.7697E+06 	4.8620E-01 	-1.0646E+01 	
4.8779E-01 	7.7659E+06 	4.8730E-01 	-1.0646E+01 	
4.8889E-01 	7.7808E+06 	4.8840E-01 	-1.0646E+01 	
4.8999E-01 	7.7766E+06 	4.8950E-01 	-1.0646E+01 	
4.9109E-01 	7.7776E+06 	4.9060E-01 	-1.0646E+01 	
4.9219E-01 	7.7731E+06 	4.9170E-01 	-1.0646E+01 	
4.9329E-01 	7.7798E+06 	4.9280E-01 	-1.0646E+01 	
4.9439E-01 	7.7819E+06 	4.9390E-01 	-1.0646E+01 	
4.9550E-01 	7.7690E+06 	4.9500E-01 	-1.0646E+01 	
4.9660E-01 	7.7674E+06 	4.9610E-01 	-1.0646E+01 	
4.9770E-01 	7.7819E+06 	4.9720E-01 	-1.0646E+01 	
4.9880E-01 	7.7870E+06 	4.9830E-01 	-1.0646E+01 	
4.9990E-01 	7.7768E+06 	4.9940E-01 	-1.0646E+01 	
5.0100E-01 	7.7739E+06 	5.0050E-01 	-1.0646E+01 	
5.0210E-01 	7.7689E+06 	5.0160E-01 	-1.0646E+01 	
5.0320E-01 	7.7544E+06 	5.0270E-01 	-1.0646E+01 	
5.0430E-01 	7.7678E+06 	5.0380E-01 	-1.0646E+01 	
5.0541E-01 	7.7733E+06 	5.0490E-01 	-1.0646E+01 	
5.0651E-01 	7.7720E+06 	5.0600E-01 	-1.0646E+01 	
5.0761E-01 	7.7685E+06 	5.0710E-01 	-1.0646E+01 	
5.0871E-01 	7.7630E+06 	5.0820E-01 	-1.0646E+01 	
5.0981E-01 	7.7525E+06 	5.0930E-01 	-1.0646E+01 	
5.1091E-01 	7.7511E+06 	5.1040E-01 	-1.0646E+01 	
5.1201E-01 	7.7702E+06 	5.1150E-01 	-1.0646E+01 	
5.1311E-01 	7.7625E+06 	5.1260E-01 	-1.0646E+01 	
5.1421E-01 	7.7793E+06 	5.1370E-01 	-1.0646E+01 	
5.1532E-01 	7.7661E+06 	5.1480E-01 	-1.0646E+01 	
5.1642E-01 	7.7745E+06 	5.1590E-01 	-1.0646E+01 	
5.1752E-01 	7.7544E+06 	5.1700E-01 	-1.0646E+01 	
5.1862E-01 	7.7587E+06 	5.1810E-01 	-1.0646E+01 	
5.1972E-01 	7.7601E+06 	5.1920E-01 	-1.0646E+01 	
5.2082E-01 	7.7867E+06 	5.2030E-01 	-1.0646E+01 	
5.2192E-01 	7.7773E+06 	5.2140E-01 	-1.0646E+01 	
5.2302E-01 	7.7715E+06 	5.2250E-01 	-1.0646E+01 	
5.2412E-01 	7.7659E+06 	5.2360E-01 	-1.0646E+01 	
5.2523E-01 	7.7619E+06 	5.2470E-01 	-1.0646E+01 	
5.2633E-01 	7.7509E+06 	5.2580E-01 	-1.0646E+01 	
5.2743E-01 	7.7649E+06 	5.2690E-01 	-1.0646E+01 	
5.2853E-01 	7.7724E+06 	5.2800E-01 	-1.0646E+01 	
5.2963E-01 	7.7695E+06 	5.2910E-01 	-1.0646E+01 	
5.3073E-01 	7.7633E+06 	5.3020E-01 	-1.0646E+01 	
5.3183E-01 	7.7664E+06 	5.3130E-01 	-1.0646E+01 	
5.3293E-01 	7.7701E+06 	5.3240E-01 	-1.0646E+01 	
5.3403E-01 	7.7570E+06 	5.3350E-01 	-1.0646E+01 	
5.3514E-01 	7.7739E+06 	5.3460E-01 	-1.0646E+01 	
5.3624E-01 	7.7704E+06 	5.3570E-01 	-1.0646E+01 	
5.3734E-01 	7.7786E+06 	5.3680E-01 	-1.0646E+01 	
5.3844E-01 	7.7676E+06 	5.3790E-01 	-1.0646E+01 	
5.3954E-01 	7.7732E+06 	5.3900E-01 	-1.0646E+01 	
5.4064E-01 	7.7701E+06 	5.4010E-01 	-1.0646E+01 	
5.4174E-01 	7.7690E+06 	5.4120E-01 	-1.0646E+01 	
5.4284E-01 	7.7748E+06 	5.4230E-01 	-1.0646E+01 	
5.4394E-01 	7.7519E+06 	5.4340E-01 	-1.0646E+01 	
5.4505E-01 	7.7827E+06 	5.4450E-01 	-1.0646E+01 	
5.4615E-01 	7.7535E+06 	5.4560E-01 	-1.0646E+01 	
5.4725E-01 	7.7734E+06 	5.4670E-01 	-1.0646E+01 	
5.4835E-01 	7.7644E+06 	5.4780E-01 	-1.0646E+01 	
5.4945E-01 	7.7576E+06 	5.4890E-01 	-1.0646E+01 	
5.5055E-01 	7.7832E+06 	5.5000E-01 	-1.0646E+01 	
5.5165E-01 	7.7717E+06 	5.5110E-01 	-1.0646E+01 	
5.5275E-01 	7.7613E+06 	5.5220E-01 	-1.0646E+01 	
5.5385E-01 	7.7706E+06 	5.5330E-01 	-1.0646E+01 	
5.5495E-01 	7.7676E+06 	5.5440E-01 	-1.0646E+01 	
5.5606E-01 	7.7723E+06 	5.5550E-01 	-1.0646E+01 	
5.5716E-01 	7.7665E+06 	5.5660E-01 	-1.0646E+01 	
5.5826E-01 	7.7713E+06 	5.5770E-01 	-1.0646E+01 	
5.5936E-01 	7.7533E+06 	5.5880E-01 	-1.0646E+01 	
5.6046E-01 	7.7678E+06 	5.5990E-01 	-1.0646E+01 	
5.6156E-01 	7.7799E+06 	5.6100E-01 	-1.0646E+01 	
5.6266E-01 	7.7724E+06 	5.6210E-01 	-1.0646E+01 	
5.6376E-01 	7.7663E+06 	5.6320E-01 	-1.0646E+01 	
5.6486E-01 	7.7797E+06 	5.6430E-01 	-1.0646E+01 	
5.6597E-01 	7.7591E+06 	5.6540E-01 	-1.0646E+01 	
5.6707E-01 	7.7661E+06 	5.6650E-01 	-1.0646E+01 	
5.6817E-01 	7.7554E+06 	5.6760E-01 	-1.0646E+01 	
5.6927E-01 	7.7587E+06 	5.6870E-01 	-1.0646E+01 	
5.7037E-01 	7.7627E+06 	5.6980E-01 	-1.0646E+01 	
5.7147E-01 	7.7731E+06 	5.7090E-01 	-1.0646E+01 	
5.7257E-01 	7.7703E+06 	5.7200E-01 	-1.0646E+01 	
5.7367E-01 	7.7510E+06 	5.7310E-01 	-1.0646E+01 	
5.7477E-01 	7.7659E+06 	5.7420E-01 	-1.0646E+01 	
5.7588E-01 	7.7609E+06 	5.7530E-01 	-1.0646E+01 	
5.7698E-01 	7.7615E+06 	5.7640E-01 	-1.0646E+01 	
5.7808E-01 	7.7682E+06 	5.7750E-01 	-1.0646E+01 	
5.7918E-01 	7.7611E+06 	5.7860E-01 	-1.0646E+01 	
5.8028E-01 	7.7624E+06 	5.7970E-01 	-1.0646E+01 	
5.8138E-01 	7.7683E+06 	5.8080E-01 	-1.0646E+01 	
5.8248E-01 	7.7559E+06 	5.8190E-01 	-1.0646E+01 	
5.8358E-01 	7.7686E+06 	5.8300E-01 	-1.0646E+01 	
5.8468E-01 	7.7629E+06 	5.8410E-01 	-1.0646E+01 	
5.8579E-01 	7.7799E+06 	5.8520E-01 	-1.0646E+01 	
5.8689E-01 	7.7666E+06 	5.8630E-01 	-1.0646E+01 	
5.8799E-01 	7.7656E+06 	5.8740E-01 	-1.0646E+01 	
5.8909E-01 	7.7494E+06 	5.8850E-01 	-1.0646E+01 	
5.9019E-01 	7.7579E+06 	5.8960E-01 	-1.0646E+01 	
5.9129E-01 	7.7721E+06 	5.9070E-01 	-1.0646E+01 	
5.9239E-01 	7.7853E+06 	5.9180E-01 	-1.0646E+01 	
5.9349E-01 	7.7793E+06 	5.9290E-01 	-1.0646E+01 	
5.9459E-01 	7.7812E+06 	5.9400E-01 	-1.0646E+01 	
5.9570E-01 	7.7786E+06 	5.9510E-01 	-1.0646E+01 	
5.9680E-01 	7.7700E+06 	5.9620E-01 	-1.0646E+01 	
5.9790E-01 	7.7681E+06 	5.9730E-01 	-1.0646E+01 	
5.9900E-01 	7.7710E+06 	5.9840E-01 	-1.0646E+01 	
6.0010E-01 	7.7641E+06 	5.9950E-01 	-1.0646E+01 	
6.0120E-01 	7.7782E+06 	6.0060E-01 	-1.0646E+01 	
6.0230E-01 	7.7661E+06 	6.0170E-01 	-1.0646E+01 	
6.0340E-01 	7.7743E+06 	6.0280E-01 	-1.0646E+01 	
6.0450E-01 	7.7642E+06 	6.0390E-01 	-1.0646E+01 	
6.0561E-01 	7.7759E+06 	6.0500E-01 	-1.0646E+01 	
6.0671E-01 	7.7726E+06 	6.0610E-01 	-1.0646E+01 	
6.0781E-01 	7.7825E+06 	6.0720E-01 	-1.0646E+01 	
6.0891E-01 	7.7670E+06 	6.0830E-01 	-1.0646E+01 	
6.1001E-01 	7.7663E+06 	6.0940E-01 	-1.0646E+01 	
6.1111E-01 	7.7650E+06 	6.1050E-01 	-1.0646E+01 	
6.1221E-01 	7.7805E+06 	6.1160E-01 	-1.0646E+01 	
6.1331E-01 	7.7695E+06 	6.1270E-01 	-1.0646E+01 	
6.1441E-01 	7.7809E+06 	6.1380E-01 	-1.0646E+01 	
6.1552E-01 	7.7840E+06 	6.1490E-01 	-1.0646E+01 	
6.1662E-01 	7.7792E+06 	6.1600E-01 	-1.0646E+01 	
6.1772E-01 	7.7854E+06 	6.1710E-01 	-1.0646E+01 	
6.1882E-01 	7.7846E+06 	6.1820E-01 	-1.0646E+01 	
6.1992E-01 	7.7870E+06 	6.1930E-01 	-1.0646E+01 	
6.2102E-01 	7.7942E+06 	6.2040E-01 	-1.0646E+01 	
6.2212E-01 	7.7925E+06 	6.2150E-01 	-1.0646E+01 	
6.2322E-01 	7.7917E+06 	6.2260E-01 	-1.0646E+01 	
6.2432E-01 	7.7896E+06 	6.2370E-01 	-1.0646E+01 	
6.2543E-01 	7.7849E+06 	6.2480E-01 	-1.0646E+01 	
6.2653E-01 	7.7831E+06 	6.2590E-01 	-1.0646E+01 	
6.2763E-01 	7.7682E+06 	6.2700E-01 	-1.0646E+01 	
6.2873E-01 	7.7846E+06 	6.2810E-01 	-1.0646E+01 	
6.2983E-01 	7.7743E+06 	6.2920E-01 	-1.0646E+01 	
6.3093E-01 	7.7628E+06 	6.3030E-01 	-1.0646E+01 	
6.3203E-01 	7.7726E+06 	6.3140E-01 	-1.0646E+01 	
6.3313E-01 	7.7680E+06 	6.3250E-01 	-1.0646E+01 	
6.3423E-01 	7.7772E+06 	6.3360E-01 	-1.0646E+01 	
6.3534E-01 	7.7739E+06 	6.3470E-01 	-1.0646E+01 	
6.3644E-01 	7.7839E+06 	6.3580E-01 	-1.0646E+01 	
6.3754E-01 	7.7792E+06 	6.3690E-01 	-1.0646E+01 	
6.3864E-01 	7.7823E+06 	6.3800E-01 	-1.0646E+01 	
6.3974E-01 	7.7680E+06 	6.3910E-01 	-1.0646E+01 	
6.4084E-01 	7.7652E+06 	6.4020E-01 	-1.0646E+01 	
6.4194E-01 	7.7775E+06 	6.4130E-01 	-1.0646E+01 	
6.4304E-01 	7.7848E+06 	6.4240E-01 	-1.0646E+01 	
6.4414E-01 	7.7743E+06 	6.4350E-01 	-1.0646E+01 	
6.4525E-01 	7.7740E+06 	6.4460E-01 	-1.0646E+01 	
6.4635E-01 	7.7735E+06 	6.4570E-01 	-1.0646E+01 	
6.4745E-01 	7.7833E+06 	6.4680E-01 	-1.0646E+01 	
6.4855E-01 	7.7819E+06 	6.4790E-01 	-1.0646E+01 	
6.4965E-01 	7.7889E+06 	6.4900E-01 	-1.0646E+01 	
6.5075E-01 	7.7924E+06 	6.5010E-01 	-1.0646E+01 	
6.5185E-01 	7.7942E+06 	6.5120E-01 	-1.0646E+01 	
6.5295E-01 	7.7776E+06 	6.5230E-01 	-1.0646E+01 	
6.5405E-01 	7.7775E+06 	6.5340E-01 	-1.0646E+01 	
6.5516E-01 	7.7890E+06 	6.5450E-01 	-1.0646E+01 	
6.5626E-01 	7.7724E+06 	6.5560E-01 	-1.0646E+01 	
6.5736E-01 	7.7852E+06 	6.5670E-01 	-1.0646E+01 	
6.5846E-01 	7.7933E+06 	6.5780E-01 	-1.0646E+01 	
6.5956E-01 	7.7908E+06 	6.5890E-01 	-1.0646E+01 	
6.6066E-01 	7.7957E+06 	6.6000E-01 	-1.0646E+01 	
6.6176E-01 	7.7787E+06 	6.6110E-01 	-1.0646E+01 	
6.6286E-01 	7.7790E+06 	6.6220E-01 	-1.0646E+01 	
6.6396E-01 	7.7818E+06 	6.6330E-01 	-1.0646E+01 	
6.6507E-01 	7.7806E+06 	6.6440E-01 	-1.0646E+01 	
6.6617E-01 	7.7853E+06 	6.6550E-01 	-1.0646E+01 	
6.6727E-01 	7.7859E+06 	6.6660E-01 	-1.0646E+01 	
6.6837E-01 	7.7895E+06 	6.6770E-01 	-1.0646E+01 	
6.6947E-01 	7.7829E+06 	6.6880E-01 	-1.0646E+01 	
6.7057E-01 	7.7704E+06 	6.6990E-01 	-1.0646E+01 	
6.7167E-01 	7.7922E+06 	6.7100E-01 	-1.0646E+01 	
6.7277E-01 	7.7944E+06 	6.7210E-01 	-1.0646E+01 	
6.7387E-01 	7.7817E+06 	6.7320E-01 	-1.0646E+01 	
6.7497E-01 	7.7871E+06 	6.7430E-01 	-1.0646E+01 	
6.7608E-01 	7.7638E+06 	6.7540E-01 	-1.0646E+01 	
6.7718E-01 	7.7900E+06 	6.7650E-01 	-1.0646E+01 	
6.7828E-01 	7.7818E+06 	6.7760E-01 	-1.0646E+01 	
6.7938E-01 	7.7894E+06 	6.7870E-01 	-1.0646E+01 	
6.8048E-01 	7.7922E+06 	6.7980E-01 	-1.0646E+01 	
6.8158E-01 	7.7935E+06 	6.8090E-01 	-1.0646E+01 	
6.8268E-01 	7.7875E+06 	6.8200E-01 	-1.0646E+01 	
6.8378E-01 	7.7892E+06 	6.8310E-01 	-1.0646E+01 	
6.8488E-01 	7.7805E+06 	6.8420E-01 	-1.0646E+01 	
6.8599E-01 	7.8034E+06 	6.8530E-01 	-1.0646E+01 	
6.8709E-01 	7.7890E+06 	6.8640E-01 	-1.0646E+01 	
6.8819E-01 	7.7745E+06 	6.8750E-01 	-1.0646E+01 	
6.8929E-01 	7.7882E+06 	6.8860E-01 	-1.0646E+01 	
6.9039E-01 	7.7743E+06 	6.8970E-01 	-1.0646E+01 	
6.9149E-01 	7.7849E+06 	6.9080E-01 	-1.0646E+01 	
6.9259E-01 	7.7854E+06 	6.9190E-01 	-1.0646E+01 	
6.9369E-01 	7.7854E+06 	6.9300E-01 	-1.0646E+01 	
6.9479E-01 	7.7890E+06 	6.9410E-01 	-1.0646E+01 	
6.9590E-01 	7.7756E+06 	6.9520E-01 	-1.0646E+01 	
6.9700E-01 	7.7751E+06 	6.9630E-01 	-1.0646E+01 	
6.9810E-01 	7.7818E+06 	6.9740E-01 	-1.0646E+01 	
6.9920E-01 	7.7831E+06 	6.9850E-01 	-1.0646E+01 	
7.0030E-01 	7.7894E+06 	6.9960E-01 	-1.0646E+01 	
7.0140E-01 	7.8061E+06 	7.0070E-01 	-1.0646E+01 	
7.0250E-01 	7.8047E+06 	7.0180E-01 	-1.0646E+01 	
7.0360E-01 	7.8025E+06 	7.0290E-01 	-1.0646E+01 	
7.0470E-01 	7.7828E+06 	7.0400E-01 	-1.0646E+01 	
7.0581E-01 	7.7817E+06 	7.0510E-01 	-1.0646E+01 	
7.0691E-01 	7.7978E+06 	7.0620E-01 	-1.0646E+01 	
7.0801E-01 	7.7951E+06 	7.0730E-01 	-1.0646E+01 	
7.0911E-01 	7.7863E+06 	7.0840E-01 	-1.0646E+01 	
7.1021E-01 	7.7990E+06 	7.0950E-01 	-1.0646E+01 	
7.1131E-01 	7.8019E+06 	7.1060E-01 	-1.0646E+01 	
7.1241E-01 	7.8069E+06 	7.1170E-01 	-1.0646E+01 	
7.1351E-01 	7.8036E+06 	7.1280E-01 	-1.0646E+01 	
7.1461E-01 	7.8020E+06 	7.1390E-01 	-1.0646E+01 	
7.1572E-01 	7.7971E+06 	7.1500E-01 	-1.0646E+01 	
7.1682E-01 	7.7983E+06 	7.1610E-01 	-1.0646E+01 	
7.1792E-01 	7.8071E+06 	7.1720E-01 	-1.0646E+01 	
7.1902E-01 	7.8047E+06 	7.1830E-01 	-1.0646E+01 	
7.2012E-01 	7.8047E+06 	7.1940E-01 	-1.0646E+01 	
7.2122E-01 	7.8054E+06 	7.2050E-01 	-1.0646E+01 	
7.2232E-01 	7.8016E+06 	7.2160E-01 	-1.0646E+01 	
7.2342E-01 	7.7866E+06 	7.2270E-01 	-1.0646E+01 	
7.2452E-01 	7.7879E+06 	7.2380E-01 	-1.0646E+01 	
7.2563E-01 	7.7977E+06 	7.2490E-01 	-1.0646E+01 	
7.2673E-01 	7.7881E+06 	7.2600E-01 	-1.0646E+01 	
7.2783E-01 	7.7971E+06 	7.2710E-01 	-1.0646E+01 	
7.2893E-01 	7.7970E+06 	7.2820E-01 	-1.0646E+01 	
7.3003E-01 	7.7831E+06 	7.2930E-01 	-1.0646E+01 	
7.3113E-01 	7.8046E+06 	7.3040E-01 	-1.0646E+01 	
7.3223E-01 	7.8130E+06 	7.3150E-01 	-1.0646E+01 	
7.3333E-01 	7.7963E+06 	7.3260E-01 	-1.0646E+01 	
7.3443E-01 	7.7993E+06 	7.3370E-01 	-1.0646E+01 	
7.3554E-01 	7.8158E+06 	7.3480E-01 	-1.0646E+01 	
7.3664E-01 	7.8035E+06 	7.3590E-01 	-1.0646E+01 	
7.3774E-01 	7.8164E+06 	7.3700E-01 	-1.0646E+01 	
7.3884E-01 	7.7961E+06 	7.3810E-01 	-1.0646E+01 	
7.3994E-01 	7.7962E+06 	7.3920E-01 	-1.0646E+01 	
7.4104E-01 	7.8135E+06 	7.4030E-01 	-1.0646E+01 	
7.4214E-01 	7.8052E+06 	7.4140E-01 	-1.0646E+01 	
7.4324E-01 	7.8076E+06 	7.4250E-01 	-1.0646E+01 	
7.4434E-01 	7.8054E+06 	7.4360E-01 	-1.0646E+01 	
7.4545E-01 	7.8202E+06 	7.4470E-01 	-1.0646E+01 	
7.4655E-01 	7.8078E+06 	7.4580E-01 	-1.0646E+01 	
7.4765E-01 	7.8094E+06 	7.4690E-01 	-1.0646E+01 	
7.4875E-01 	7.7989E+06 	7.4800E-01 	-1.0646E+01 	
7.4985E-01 	7.7941E+06 	7.4910E-01 	-1.0646E+01 	
7.5095E-01 	7.8181E+06 	7.5020E-01 	-1.0646E+01 	
7.5205E-01 	7.8040E+06 	7.5130E-01 	-1.0646E+01 	
7.5315E-01 	7.8069E+06 	7.5240E-01 	-1.0646E+01 	
7.5425E-01 	7.8059E+06 	7.5350E-01 	-1.0646E+01 	
7.5536E-01 	7.8146E+06 	7.5460E-01 	-1.0646E+01 	
7.5646E-01 	7.7937E+06 	7.5570E-01 	-1.0646E+01 	
7.5756E-01 	7.8120E+06 	7.5680E-01 	-1.0646E+01 	
7.5866E-01 	7.8023E+06 	7.5790E-01 	-1.0646E+01 	
7.5976E-01 	7.7999E+06 	7.5900E-01 	-1.0646E+01 	
7.6086E-01 	7.8088E+06 	7.6010E-01 	-1.0646E+01 	
7.6196E-01 	7.8094E+06 	7.6120E-01 	-1.0646E+01 	
7.6306E-01 	7.8037E+06 	7.6230E-01 	-1.0646E+01 	
7.6416E-01 	7.8061E+06 	7.6340E-01 	-1.0646E+01 	
7.6527E-01 	7.8092E+06 	7.6450E-01 	-1.0646E+01 	
7.6637E-01 	7.8122E+06 	7.6560E-01 	-1.0646E+01 	
7.6747E-01 	7.7962E+06 	7.6670E-01 	-1.0646E+01 	
7.6857E-01 	7.7784E+06 	7.6780E-01 	-1.0646E+01 	
7.6967E-01 	7.7963E+06 	7.6890E-01 	-1.0646E+01 	
7.7077E-01 	7.7936E+06 	7.7000E-01 	-1.0646E+01 	
7.7187E-01 	7.8158E+06 	7.7110E-01 	-1.0646E+01 	
7.7297E-01 	7.8131E+06 	7.7220E-01 	-1.0646E+01 	
7.7407E-01 	7.8107E+06 	7.7330E-01 	-1.0646E+01 	
7.7518E-01 	7.8052E+06 	7.7440E-01 	-1.0646E+01 	
7.7628E-01 	7.8226E+06 	7.7550E-01 	-1.0646E+01 	
7.7738E-01 	7.7959E+06 	7.7660E-01 	-1.0646E+01 	
7.7848E-01 	7.7948E+06 	7.7770E-01 	-1.0646E+01 	
7.7958E-01 	7.8126E+06 	7.7880E-01 	-1.0646E+01 	
7.8068E-01 	7.8222E+06 	7.7990E-01 	-1.0646E+01 	
7.8178E-01 	7.8065E+06 	7.8100E-01 	-1.0646E+01 	
7.8288E-01 	7.8204E+06 	7.8210E-01 	-1.0646E+01 	
7.8398E-01 	7.8148E+06 	7.8320E-01 	-1.0646E+01 	
7.8509E-01 	7.8109E+06 	7.8430E-01 	-1.0646E+01 	
7.8619E-01 	7.8149E+06 	7.8540E-01 	-1.0646E+01 	
7.8729E-01 	7.7965E+06 	7.8650E-01 	-1.0646E+01 	
7.8839E-01 	7.8105E+06 	7.8760E-01 	-1.0646E+01 	
7.8949E-01 	7.8059E+06 	7.8870E-01 	-1.0646E+01 	
7.9059E-01 	7.8036E+06 	7.8980E-01 	-1.0646E+01 	
7.9169E-01 	7.8256E+06 	7.9090E-01 	-1.0646E+01 	
7.9279E-01 	7.8167E+06 	7.9200E-01 	-1.0646E+01 	
7.9389E-01 	7.8116E+06 	7.9310E-01 	-1.0646E+01 	
7.9499E-01 	7.8134E+06 	7.9420E-01 	-1.0646E+01 	
7.9610E-01 	7.8117E+06 	7.9530E-01 	-1.0646E+01 	
7.9720E-01 	7.8016E+06 	7.9640E-01 	-1.0646E+01 	
7.9830E-01 	7.8124E+06 	7.9750E-01 	-1.0646E+01 	
7.9940E-01 	7.8071E+06 	7.9860E-01 	-1.0646E+01 	
8.0050E-01 	7.8392E+06 	7.9970E-01 	-1.0646E+01 	
8.0160E-01 	7.8323E+06 	8.0080E-01 	-1.0646E+01 	
8.0270E-01 	7.8251E+06 	8.0190E-01 	-1.0646E+01 	
8.0380E-01 	7.8056E+06 	8.0300E-01 	-1.0646E+01 	
8.0490E-01 	7.8262E+06 	8.0410E-01 	-1.0646E+01 	
8.0601E-01 	7.8110E+06 	8.0520E-01 	-1.0646E+01 	
8.0711E-01 	7.8243E+06 	8.0630E-01 	-1.0646E+01 	
8.0821E-01 	7.8303E+06 	8.0740E-01 	-1.0646E+01 	
8.0931E-01 	7.8181E+06 	8.0850E-01 	-1.0646E+01 	
8.1041E-01 	7.8070E+06 	8.0960E-01 	-1.0646E+01 	
8.1151E-01 	7.8243E+06 	8.1070E-01 	-1.0646E+01 	
8.1261E-01 	7.8230E+06 	8.1180E-01 	-1.0646E+01 	
8.1371E-01 	7.8247E+06 	8.1290E-01 	-1.0646E+01 	
8.1481E-01 	7.8192E+06 	8.1400E-01 	-1.0646E+01 	
8.1592E-01 	7.8276E+06 	8.1510E-01 	-1.0646E+01 	
8.1702E-01 	7.8061E+06 	8.1620E-01 	-1.0646E+01 	
8.1812E-01 	7.7911E+06 	8.1730E-01 	-1.0646E+01 	
8.1922E-01 	7.8104E+06 	8.1840E-01 	-1.0646E+01 	
8.2032E-01 	7.8152E+06 	8.1950E-01 	-1.0646E+01 	
8.2142E-01 	7.8097E+06 	8.2060E-01 	-1.0646E+01 	
8.2252E-01 	7.8126E+06 	8.2170E-01 	-1.0646E+01 	
8.2362E-01 	7.8208E+06 	8.2280E-01 	-1.0646E+01 	
8.2472E-01 	7.8192E+06 	8.2390E-01 	-1.0646E+01 	
8.2583E-01 	7.8130E+06 	8.2500E-01 	-1.0646E+01 	
8.2693E-01 	7.8247E+06 	8.2610E-01 	-1.0646E+01 	
8.2803E-01 	7.8234E+06 	8.2720E-01 	-1.0646E+01 	
8.2913E-01 	7.8091E+06 	8.2830E-01 	-1.0646E+01 	
8.3023E-01 	7.8050E+06 	8.2940E-01 	-1.0646E+01 	
8.3133E-01 	7.8073E+06 	8.3050E-01 	-1.0646E+01 	
8.3243E-01 	7.8247E+06 	8.3160E-01 	-1.0646E+01 	
8.3353E-01 	7.8063E+06 	8.3270E-01 	-1.0646E+01 	
8.3463E-01 	7.8150E+06 	8.3380E-01 	-1.0646E+01 	
8.3574E-01 	7.8109E+06 	8.3490E-01 	-1.0646E+01 	
8.3684E-01 	7.8269E+06 	8.3600E-01 	-1.0646E+01 	
8.3794E-01 	7.8062E+06 	8.3710E-01 	-1.0646E+01 	
8.3904E-01 	7.8324E+06 	8.3820E-01 	-1.0646E+01 	
8.4014E-01 	7.8023E+06 	8.3930E-01 	-1.0646E+01 	
8.4124E-01 	7.8254E+06 	8.4040E-01 	-1.0646E+01 	
8.4234E-01 	7.8270E+06 	8.4150E-01 	-1.0646E+01 	
8.4344E-01 	7.8448E+06 	8.4260E-01 	-1.0646E+01 	
8.4454E-01 	7.8498E+06 	8.4370E-01 	-1.0646E+01 	
8.4565E-01 	7.8270E+06 	8.4480E-01 	-1.0646E+01 	
8.4675E-01 	7.8098E+06 	8.4590E-01 	-1.0646E+01 	
8.4785E-01 	7.8197E+06 	8.4700E-01 	-1.0646E+01 	
8.4895E-01 	7.8218E+06 	8.4810E-01 	-1.0646E+01 	
8.5005E-01 	7.8201E+06 	8.4920E-01 	-1.0646E+01 	
8.5115E-01 	7.8326E+06 	8.5030E-01 	-1.0646E+01 	
8.5225E-01 	7.8182E+06 	8.5140E-01 	-1.0646E+01 	
8.5335E-01 	7.8229E+06 	8.5250E-01 	-1.0646E+01 	
8.5445E-01 	7.8139E+06 	8.5360E-01 	-1.0646E+01 	
8.5556E-01 	7.8249E+06 	8.5470E-01 	-1.0646E+01 	
8.5666E-01 	7.8121E+06 	8.5580E-01 	-1.0646E+01 	
8.5776E-01 	7.8389E+06 	8.5690E-01 	-1.0646E+01 	
8.5886E-01 	7.8427E+06 	8.5800E-01 	-1.0646E+01 	
8.5996E-01 	7.8491E+06 	8.5910E-01 	-1.0646E+01 	
8.6106E-01 	7.8292E+06 	8.6020E-01 	-1.0646E+01 	
8.6216E-01 	7.8343E+06 	8.6130E-01 	-1.0646E+01 	
8.6326E-01 	7.8365E+06 	8.6240E-01 	-1.0646E+01 	
8.6436E-01 	7.8292E+06 	8.6350E-01 	-1.0646E+01 	
8.6547E-01 	7.8353E+06 	8.6460E-01 	-1.0646E+01 	
8.6657E-01 	7.8254E+06 	8.6570E-01 	-1.0646E+01 	
8.6767E-01 	7.8234E+06 	8.6680E-01 	-1.0646E+01 	
8.6877E-01 	7.8130E+06 	8.6790E-01 	-1.0646E+01 	
8.6987E-01 	7.8404E+06 	8.6900E-01 	-1.0646E+01 	
8.7097E-01 	7.8236E+06 	8.7010E-01 	-1.0646E+01 	
8.7207E-01 	7.8291E+06 	8.7120E-01 	-1.0646E+01 	
8.7317E-01 	7.8341E+06 	8.7230E-01 	-1.0646E+01 	
8.7427E-01 	7.8341E+06 	8.7340E-01 	-1.0646E+01 	
8.7538E-01 	7.8388E+06 	8.7450E-01 	-1.0646E+01 	
8.7648E-01 	7.8156E+06 	8.7560E-01 	-1.0646E+01 	
8.7758E-01 	7.8391E+06 	8.7670E-01 	-1.0646E+01 	
8.7868E-01 	7.8290E+06 	8.7780E-01 	-1.0646E+01 	
8.7978E-01 	7.8532E+06 	8.7890E-01 	-1.0646E+01 	
8.8088E-01 	7.8483E+06 	8.8000E-01 	-1.0646E+01 	
8.8198E-01 	7.8397E+06 	8.8110E-01 	-1.0646E+01 	
8.8308E-01 	7.8424E+06 	8.8220E-01 	-1.0646E+01 	
8.8418E-01 	7.8389E+06 	8.8330E-01 	-1.0646E+01 	
8.8529E-01 	7.8467E+06 	8.8440E-01 	-1.0646E+01 	
8.8639E-01 	7.8337E+06 	8.8550E-01 	-1.0646E+01 	
8.8749E-01 	7.8311E+06 	8.8660E-01 	-1.0646E+01 	
8.8859E-01 	7.8311E+06 	8.8770E-01 	-1.0646E+01 	
8.8969E-01 	7.8297E+06 	8.8880E-01 	-1.0646E+01 	
8.9079E-01 	7.8231E+06 	8.8990E-01 	-1.0646E+01 	
8.9189E-01 	7.8335E+06 	8.9100E-01 	-1.0646E+01 	
8.9299E-01 	7.8345E+06 	8.9210E-01 	-1.0646E+01 	
8.9409E-01 	7.8318E+06 	8.9320E-01 	-1.0646E+01 	
8.9520E-01 	7.8481E+06 	8.9430E-01 	-1.0646E+01 	
8.9630E-01 	7.8265E+06 	8.9540E-01 	-1.0646E+01 	
8.9740E-01 	7.8269E+06 	8.9650E-01 	-1.0646E+01 	
8.9850E-01 	7.8241E+06 	8.9760E-01 	-1.0646E+01 	
8.9960E-01 	7.8327E+06 	8.9870E-01 	-1.0646E+01 	
9.0070E-01 	7.8301E+06 	8.9980E-01 	-1.0646E+01 	
9.0180E-01 	7.8451E+06 	9.0090E-01 	-1.0646E+01 	
9.0290E-01 	7.8498E+06 	9.0200E-01 	-1.0646E+01 	
9.0400E-01 	7.8473E+06 	9.0310E-01 	-1.0646E+01 	
9.0511E-01 	7.8319E+06 	9.0420E-01 	-1.0646E+01 	
9.0621E-01 	7.8414E+06 	9.0530E-01 	-1.0646E+01 	
9.0731E-01 	7.8331E+06 	9.0640E-01 	-1.0646E+01 	
9.0841E-01 	7.8413E+06 	9.0750E-01 	-1.0646E+01 	
9.0951E-01 	7.8243E+06 	9.0860E-01 	-1.0646E+01 	
9.1061E-01 	7.8543E+06 	9.0970E-01 	-1.0646E+01 	
9.1171E-01 	7.8318E+06 	9.1080E-01 	-1.0646E+01 	
9.1281E-01 	7.8322E+06 	9.1190E-01 	-1.0646E+01 	
9.1391E-01 	7.8411E+06 	9.1300E-01 	-1.0646E+01 	
9.1502E-01 	7.8306E+06 	9.1410E-01 	-1.0646E+01 	
9.1612E-01 	7.8413E+06 	9.1520E-01 	-1.0646E+01 	
9.1722E-01 	7.8338E+06 	9.1630E-01 	-1.0646E+01 	
9.1832E-01 	7.8293E+06 	9.1740E-01 	-1.0646E+01 	
9.1942E-01 	7.8389E+06 	9.1850E-01 	-1.0646E+01 	
9.2052E-01 	7.8359E+06 	9.1960E-01 	-1.0646E+01 	
9.2162E-01 	7.8568E+06 	9.2070E-01 	-1.0646E+01 	
9.2272E-01 	7.8412E+06 	9.2180E-01 	-1.0646E+01 	
9.2382E-01 	7.8342E+06 	9.2290E-01 	-1.0646E+01 	
9.2492E-01 	7.8322E+06 	9.2400E-01 	-1.0646E+01 	
9.2603E-01 	7.8400E+06 	9.2510E-01 	-1.0646E+01 	
9.2713E-01 	7.8374E+06 	9.2620E-01 	-1.0646E+01 	
9.2823E-01 	7.8245E+06 	9.2730E-01 	-1.0646E+01 	
9.2933E-01 	7.8364E+06 	9.2840E-01 	-1.0646E+01 	
9.3043E-01 	7.8352E+06 	9.2950E-01 	-1.0646E+01 	
9.3153E-01 	7.8447E+06 	9.3060E-01 	-1.0646E+01 	
9.3263E-01 	7.8391E+06 	9.3170E-01 	-1.0646E+01 	
9.3373E-01 	7.8353E+06 	9.3280E-01 	-1.0646E+01 	
9.3483E-01 	7.8379E+06 	9.3390E-01 	-1.0646E+01 	
9.3594E-01 	7.8399E+06 	9.3500E-01 	-1.0646E+01 	
9.3704E-01 	7.8263E+06 	9.3610E-01 	-1.0646E+01 	
9.3814E-01 	7.8309E+06 	9.3720E-01 	-1.0646E+01 	
9.3924E-01 	7.8354E+06 	9.3830E-01 	-1.0646E+01 	
9.4034E-01 	7.8369E+06 	9.3940E-01 	-1.0646E+01 	
9.4144E-01 	7.8367E+06 	9.4050E-01 	-1.0646E+01 	
9.4254E-01 	7.8323E+06 	9.4160E-01 	-1.0646E+01 	
9.4364E-01 	7.8342E+06 	9.4270E-01 	-1.0646E+01 	
9.4474E-01 	7.8311E+06 	9.4380E-01 	-1.0646E+01 	
9.4585E-01 	7.8526E+06 	9.4490E-01 	-1.0646E+01 	
9.4695E-01 	7.8120E+06 	9.4600E-01 	-1.0646E+01 	
9.4805E-01 	7.8379E+06 	9.4710E-01 	-1.0646E+01 	
9.4915E-01 	7.8406E+06 	9.4820E-01 	-1.0646E+01 	
9.5025E-01 	7.8140E+06 	9.4930E-01 	-1.0646E+01 	
9.5135E-01 	7.8246E+06 	9.5040E-01 	-1.0646E+01 	
9.5245E-01 	7.8305E+06 	9.5150E-01 	-1.0646E+01 	
9.5355E-01 	7.8282E+06 	9.5260E-01 	-1.0646E+01 	
9.5465E-01 	7.8056E+06 	9.5370E-01 	-1.0646E+01 	
9.5576E-01 	7.8213E+06 	9.5480E-01 	-1.0646E+01 	
9.5686E-01 	7.8318E+06 	9.5590E-01 	-1.0646E+01 	
9.5796E-01 	7.8351E+06 	9.5700E-01 	-1.0646E+01 	
9.5906E-01 	7.8215E+06 	9.5810E-01 	-1.0646E+01 	
9.6016E-01 	7.8322E+06 	9.5920E-01 	-1.0646E+01 	
9.6126E-01 	7.8396E+06 	9.6030E-01 	-1.0646E+01 	
9.6236E-01 	7.8248E+06 	9.6140E-01 	-1.0646E+01 	
9.6346E-01 	7.8340E+06 	9.6250E-01 	-1.0646E+01 	
9.6456E-01 	7.8310E+06 	9.6360E-01 	-1.0646E+01 	
9.6567E-01 	7.8490E+06 	9.6470E-01 	-1.0646E+01 	
9.6677E-01 	7.8233E+06 	9.6580E-01 	-1.0646E+01 	
9.6787E-01 	7.8312E+06 	9.6690E-01 	-1.0646E+01 	
9.6897E-01 	7.8108E+06 	9.6800E-01 	-1.0646E+01 	
9.7007E-01 	7.8163E+06 	9.6910E-01 	-1.0646E+01 	
9.7117E-01 	7.8173E+06 	9.7020E-01 	-1.0646E+01 	
9.7227E-01 	7.8337E+06 	9.7130E-01 	-1.0646E+01 	
9.7337E-01 	7.8209E+06 	9.7240E-01 	-1.0646E+01 	
9.7447E-01 	7.8199E+06 	9.7350E-01 	-1.0646E+01 	
9.7558E-01 	7.8200E+06 	9.7460E-01 	-1.0646E+01 	
9.7668E-01 	7.8159E+06 	9.7570E-01 	-1.0646E+01 	
9.7778E-01 	7.8163E+06 	9.7680E-01 	-1.0646E+01 	
9.7888E-01 	7.8190E+06 	9.7790E-01 	-1.0646E+01 	
9.7998E-01 	7.8340E+06 	9.7900E-01 	-1.0646E+01 	
9.8108E-01 	7.8315E+06 	9.8010E-01 	-1.0646E+01 	
9.8218E-01 	7.8133E+06 	9.8120E-01 	-1.0646E+01 	
9.8328E-01 	7.8273E+06 	9.8230E-01 	-1.0646E+01 	
9.8438E-01 	7.8161E+06 	9.8340E-01 	-1.0646E+01 	
9.8549E-01 	7.8267E+06 	9.8450E-01 	-1.0646E+01 	
9.8659E-01 	7.8263E+06 	9.8560E-01 	-1.0646E+01 	
9.8769E-01 	7.8160E+06 	9.8670E-01 	-1.0646E+01 	
9.8879E-01 	7.8217E+06 	9.8780E-01 	-1.0646E+01 	
9.8989E-01 	7.8058E+06 	9.8890E-01 	-1.0646E+01 	
9.9099E-01 	7.8188E+06 	9.9000E-01 	-1.0646E+01 	
9.9209E-01 	7.8226E+06 	9.9110E-01 	-1.0646E+01 	
9.9319E-01 	7.8102E+06 	9.9220E-01 	-1.0646E+01 	
9.9429E-01 	7.8225E+06 	9.9330E-01 	-1.0646E+01 	
9.9540E-01 	7.8315E+06 	9.9440E-01 	-1.0646E+01 	
9.9650E-01 	7.8106E+06 	9.9550E-01 	-1.0646E+01 	
9.9760E-01 	7.7992E+06 	9.9660E-01 	-1.0646E+01 	
9.9870E-01 	7.8132E+06 	9.9770E-01 	-1.0646E+01 	
9.9980E-01 	7.8297E+06 	9.9880E-01 	-1.0646E+01 	
1.0009E+00 	7.8203E+06 	9.9990E-01 	-1.0646E+01 	
1.0020E+00 	7.8165E+06 	1.0010E+00 	-1.0646E+01 	
1.0031E+00 	7.8174E+06 	1.0021E+00 	-1.0646E+01 	
1.0042E+00 	7.8180E+06 	1.0032E+00 	-1.0646E+01 	
1.0053E+00 	7.8057E+06 	1.0043E+00 	-1.0646E+01 	
1.0064E+00 	7.8033E+06 	1.0054E+00 	-1.0646E+01 	
1.0075E+00 	7.8052E+06 	1.0065E+00 	-1.0646E+01 	
1.0086E+00 	7.8184E+06 	1.0076E+00 	-1.0646E+01 	
1.0097E+00 	7.8163E+06 	1.0087E+00 	-1.0646E+01 	
1.0108E+00 	7.7986E+06 	1.0098E+00 	-1.0646E+01 	
1.0119E+00 	7.8084E+06 	1.0109E+00 	-1.0646E+01 	
1.0130E+00 	7.7978E+06 	1.0120E+00 	-1.0646E+01 	
1.0141E+00 	7.8229E+06 	1.0131E+00 	-1.0646E+01 	
1.0152E+00 	7.8213E+06 	1.0142E+00 	-1.0646E+01 	
1.0163E+00 	7.7968E+06 	1.0153E+00 	-1.0646E+01 	
1.0174E+00 	7.8025E+06 	1.0164E+00 	-1.0646E+01 	
1.0185E+00 	7.8094E+06 	1.0175E+00 	-1.0646E+01 	
1.0196E+00 	7.7926E+06 	1.0186E+00 	-1.0646E+01 	
1.0207E+00 	7.8051E+06 	1.0197E+00 	-1.0646E+01 	
1.0218E+00 	7.8133E+06 	1.0208E+00 	-1.0646E+01 	
1.0229E+00 	7.8239E+06 	1.0219E+00 	-1.0646E+01 	
1.0240E+00 	7.8030E+06 	1.0230E+00 	-1.0646E+01 	
1.0251E+00 	7.8138E+06 	1.0241E+00 	-1.0646E+01 	
1.0262E+00 	7.8013E+06 	1.0252E+00 	-1.0646E+01 	
1.0273E+00 	7.8126E+06 	1.0263E+00 	-1.0646E+01 	
1.0284E+00 	7.8096E+06 	1.0274E+00 	-1.0646E+01 	
1.0295E+00 	7.8061E+06 	1.0285E+00 	-1.0646E+01 	
1.0306E+00 	7.8158E+06 	1.0296E+00 	-1.0646E+01 	
1.0317E+00 	7.8070E+06 	1.0307E+00 	-1.0646E+01 	
1.0328E+00 	7.8087E+06 	1.0318E+00 	-1.0646E+01 	
1.0339E+00 	7.8034E+06 	1.0329E+00 	-1.0646E+01 	
1.0350E+00 	7.8120E+06 	1.0340E+00 	-1.0646E+01 	
1.0361E+00 	7.8032E+06 	1.0351E+00 	-1.0646E+01 	
1.0372E+00 	7.8145E+06 	1.0362E+00 	-1.0646E+01 	
1.0383E+00 	7.8208E+06 	1.0373E+00 	-1.0646E+01 	
1.0394E+00 	7.8073E+06 	1.0384E+00 	-1.0646E+01 	
1.0405E+00 	7.8076E+06 	1.0395E+00 	-1.0646E+01 	
1.0416E+00 	7.8074E+06 	1.0406E+00 	-1.0646E+01 	
1.0427E+00 	7.8058E+06 	1.0417E+00 	-1.0646E+01 	
1.0438E+00 	7.8030E+06 	1.0428E+00 	-1.0646E+01 	
1.0449E+00 	7.8190E+06 	1.0439E+00 	-1.0646E+01 	
1.0460E+00 	7.8097E+06 	1.0450E+00 	-1.0646E+01 	
1.0471E+00 	7.7994E+06 	1.0461E+00 	-1.0646E+01 	
1.0482E+00 	7.8146E+06 	1.0472E+00 	-1.0646E+01 	
1.0493E+00 	7.8045E+06 	1.0483E+00 	-1.0646E+01 	
1.0505E+00 	7.7921E+06 	1.0494E+00 	-1.0646E+01 	
1.0516E+00 	7.8451E+06 	1.0505E+00 	-1.0646E+01 	
1.0527E+00 	7.8115E+06 	1.0516E+00 	-1.0646E+01 	
1.0538E+00 	7.8056E+06 	1.0527E+00 	-1.0646E+01 	
1.0549E+00 	7.8133E+06 	1.0538E+00 	-1.0646E+01 	
1.0560E+00 	7.8144E+06 	1.0549E+00 	-1.0646E+01 	
1.0571E+00 	7.8046E+06 	1.0560E+00 	-1.0646E+01 	
1.0582E+00 	7.8071E+06 	1.0571E+00 	-1.0646E+01 	
1.0593E+00 	7.8149E+06 	1.0582E+00 	-1.0646E+01 	
1.0604E+00 	7.8130E+06 	1.0593E+00 	-1.0646E+01 	
1.0615E+00 	7.8114E+06 	1.0604E+00 	-1.0646E+01 	
1.0626E+00 	7.8107E+06 	1.0615E+00 	-1.0646E+01 	
1.0637E+00 	7.8224E+06 	1.0626E+00 	-1.0646E+01 	
1.0648E+00 	7.8057E+06 	1.0637E+00 	-1.0646E+01 	
1.0659E+00 	7.8041E+06 	1.0648E+00 	-1.0646E+01 	
1.0670E+00 	7.8077E+06 	1.0659E+00 	-1.0646E+01 	
1.0681E+00 	7.8117E+06 	1.0670E+00 	-1.0646E+01 	
1.0692E+00 	7.8134E+06 	1.0681E+00 	-1.0646E+01 	
1.0703E+00 	7.8153E+06 	1.0692E+00 	-1.0646E+01 	
1.0714E+00 	7.8097E+06 	1.0703E+00 	-1.0646E+01 	
1.0725E+00 	7.8157E+06 	1.0714E+00 	-1.0646E+01 	
1.0736E+00 	7.8208E+06 	1.0725E+00 	-1.0646E+01 	
1.0747E+00 	7.8141E+06 	1.0736E+00 	-1.0646E+01 	
1.0758E+00 	7.8115E+06 	1.0747E+00 	-1.0646E+01 	
1.0769E+00 	7.8215E+06 	1.0758E+00 	-1.0646E+01 	
1.0780E+00 	7.8063E+06 	1.0769E+00 	-1.0646E+01 	
1.0791E+00 	7.8025E+06 	1.0780E+00 	-1.0646E+01 	
1.0802E+00 	7.8007E+06 	1.0791E+00 	-1.0646E+01 	
1.0813E+00 	7.8224E+06 	1.0802E+00 	-1.0646E+01 	
1.0824E+00 	7.8273E+06 	1.0813E+00 	-1.0646E+01 	
1.0835E+00 	7.8177E+06 	1.0824E+00 	-1.0646E+01 	
1.0846E+00 	7.8198E+06 	1.0835E+00 	-1.0646E+01 	
1.0857E+00 	7.8232E+06 	1.0846E+00 	-1.0646E+01 	
1.0868E+00 	7.8109E+06 	1.0857E+00 	-1.0646E+01 	
1.0879E+00 	7.8134E+06 	1.0868E+00 	-1.0646E+01 	
1.0890E+00 	7.8245E+06 	1.0879E+00 	-1.0646E+01 	
1.0901E+00 	7.8117E+06 	1.0890E+00 	-1.0646E+01 	
1.0912E+00 	7.8057E+06 	1.0901E+00 	-1.0646E+01 	
1.0923E+00 	7.8235E+06 	1.0912E+00 	-1.0646E+01 	
1.0934E+00 	7.8136E+06 	1.0923E+00 	-1.0646E+01 	
1.0945E+00 	7.8202E+06 	1.0934E+00 	-1.0646E+01 	
1.0956E+00 	7.8245E+06 	1.0945E+00 	-1.0646E+01 	
1.0967E+00 	7.8171E+06 	1.0956E+00 	-1.0646E+01 	
1.0978E+00 	7.7970E+06 	1.0967E+00 	-1.0646E+01 	
1.0989E+00 	7.8069E+06 	1.0978E+00 	-1.0646E+01 	
1.1000E+00 	7.8123E+06 	1.0989E+00 	-1.0646E+01 	
