0.000000	6161031.000000
0.001001	6163800.000000
0.002002	6164117.000000
0.003003	6163508.000000
0.004004	6163672.000000
0.005005	6164480.000000
0.006006	6165673.000000
0.007007	6164900.000000
0.008008	6165417.000000
0.009009	6163634.000000
0.010010	6166991.000000
0.011011	6164914.000000
0.012012	6162558.000000
0.013013	6163443.000000
0.014014	6162729.000000
0.015015	6165522.000000
0.016016	6164487.000000
0.017017	6161088.000000
0.018018	6164250.000000
0.019019	6163308.000000
0.020020	6163253.000000
0.021021	6162625.000000
0.022022	6165118.000000
0.023023	6163695.000000
0.024024	6158916.000000
0.025025	6160190.000000
0.026026	6165009.000000
0.027027	6160254.000000
0.028028	6159512.000000
0.029029	6159504.000000
0.030030	6158723.000000
0.031031	6157220.000000
0.032032	6157136.000000
0.033033	6157543.000000
0.034034	6155353.000000
0.035035	6156096.000000
0.036036	6154342.000000
0.037037	6151913.000000
0.038038	6153735.000000
0.039039	6152405.000000
0.040040	6150283.000000
0.041041	6152560.000000
0.042042	6153293.000000
0.043043	6149964.000000
0.044044	6148618.000000
0.045045	6150230.000000
0.046046	6148432.000000
0.047047	6150581.000000
0.048048	6151418.000000
0.049049	6153248.000000
0.050050	6151791.000000
0.051051	6149191.000000
0.052052	6153564.000000
0.053053	6148884.000000
0.054054	6151819.000000
0.055055	6149453.000000
0.056056	6152816.000000
0.057057	6151115.000000
0.058058	6148272.000000
0.059059	6150588.000000
0.060060	6149889.000000
0.061061	6146287.000000
0.062062	6150496.000000
0.063063	6151117.000000
0.064064	6147836.000000
0.065065	6146954.000000
0.066066	6149799.000000
0.067067	6147079.000000
0.068068	6152901.000000
0.069069	6150264.000000
0.070070	6147740.000000
0.071071	6145660.000000
0.072072	6143022.000000
0.073073	6147542.000000
0.074074	6148435.000000
0.075075	6147330.000000
0.076076	6145225.000000
0.077077	6148027.000000
0.078078	6146392.000000
0.079079	6148352.000000
0.080080	6147487.000000
0.081081	6144768.000000
0.082082	6144924.000000
0.083083	6146458.000000
0.084084	6145620.000000
0.085085	6142222.000000
0.086086	6140881.000000
0.087087	6138553.000000
0.088088	6142403.000000
0.089089	6137699.000000
0.090090	6140635.000000
0.091091	6138881.000000
0.092092	6140141.000000
0.093093	6143937.000000
0.094094	6140628.000000
0.095095	6138615.000000
0.096096	6133891.000000
0.097097	6135606.000000
0.098098	6135116.000000
0.099099	6136382.000000
0.100100	6138302.000000
0.101101	6137177.000000
0.102102	6136243.000000
0.103103	6137611.000000
0.104104	6136390.000000
0.105105	6135785.000000
0.106106	6136300.000000
0.107107	6136433.000000
0.108108	6134452.000000
0.109109	6133682.000000
0.110110	6129077.000000
0.111111	6128273.000000
0.112112	6125644.000000
0.113113	6124711.000000
0.114114	6121703.000000
0.115115	6118081.000000
0.116116	6115385.000000
0.117117	6108008.000000
0.118118	6105794.000000
0.119119	6103289.000000
0.120120	6103813.000000
0.121121	6105844.000000
0.122122	6113381.000000
0.123123	6117245.000000
0.124124	6120635.000000
0.125125	6125922.000000
0.126126	6126478.000000
0.127127	6129318.000000
0.128128	6130035.000000
0.129129	6126104.000000
0.130130	6130739.000000
0.131131	6131096.000000
0.132132	6130463.000000
0.133133	6130527.000000
0.134134	6131209.000000
0.135135	6131471.000000
0.136136	6128614.000000
0.137137	6126320.000000
0.138138	6130590.000000
0.139139	6126931.000000
0.140140	6126855.000000
0.141141	6128937.000000
0.142142	6127421.000000
0.143143	6129001.000000
0.144144	6128118.000000
0.145145	6127773.000000
0.146146	6129917.000000
0.147147	6127827.000000
0.148148	6127171.000000
0.149149	6127773.000000
0.150150	6127220.000000
0.151151	6128216.000000
0.152152	6123363.000000
0.153153	6123933.000000
0.154154	6123528.000000
0.155155	6121737.000000
0.156156	6121942.000000
0.157157	6122048.000000
0.158158	6125946.000000
0.159159	6125025.000000
0.160160	6123461.000000
0.161161	6123286.000000
0.162162	6121065.000000
0.163163	6127522.000000
0.164164	6124476.000000
0.165165	6118289.000000
0.166166	6125310.000000
0.167167	6116916.000000
0.168168	6121185.000000
0.169169	6119944.000000
0.170170	6120275.000000
0.171171	6119337.000000
0.172172	6117875.000000
0.173173	6117013.000000
0.174174	6118740.000000
0.175175	6119903.000000
0.176176	6115900.000000
0.177177	6117736.000000
0.178178	6117454.000000
0.179179	6120449.000000
0.180180	6120058.000000
0.181181	6118084.000000
0.182182	6118027.000000
0.183183	6116413.000000
0.184184	6116290.000000
0.185185	6118931.000000
0.186186	6117071.000000
0.187187	6115749.000000
0.188188	6112797.000000
0.189189	6112765.000000
0.190190	6115894.000000
0.191191	6116100.000000
0.192192	6115660.000000
0.193193	6117124.000000
0.194194	6114346.000000
0.195195	6115280.000000
0.196196	6113933.000000
0.197197	6114911.000000
0.198198	6114384.000000
0.199199	6112141.000000
0.200200	6114473.000000
0.201201	6116266.000000
0.202202	6113375.000000
0.203203	6110419.000000
0.204204	6112157.000000
0.205205	6110381.000000
0.206206	6110429.000000
0.207207	6113245.000000
0.208208	6108395.000000
0.209209	6109114.000000
0.210210	6108596.000000
0.211211	6110810.000000
0.212212	6110108.000000
0.213213	6111928.000000
0.214214	6111425.000000
0.215215	6108026.000000
0.216216	6107604.000000
0.217217	6106825.000000
0.218218	6111404.000000
0.219219	6111487.000000
0.220220	6108089.000000
0.221221	6105851.000000
0.222222	6109142.000000
0.223223	6106649.000000
0.224224	6105847.000000
0.225225	6113662.000000
0.226226	6103705.000000
0.227227	6106812.000000
0.228228	6106271.000000
0.229229	6104590.000000
0.230230	6106304.000000
0.231231	6103823.000000
0.232232	6107092.000000
0.233233	6102295.000000
0.234234	6105561.000000
0.235235	6102532.000000
0.236236	6104959.000000
0.237237	6102174.000000
0.238238	6104332.000000
0.239239	6100345.000000
0.240240	6102099.000000
0.241241	6104861.000000
0.242242	6101484.000000
0.243243	6102093.000000
0.244244	6100849.000000
0.245245	6102818.000000
0.246246	6104393.000000
0.247247	6106617.000000
0.248248	6105533.000000
0.249249	6105214.000000
0.250250	6103293.000000
0.251251	6101416.000000
0.252252	6102061.000000
0.253253	6101829.000000
0.254254	6108283.000000
0.255255	6103556.000000
0.256256	6107830.000000
0.257257	6106827.000000
0.258258	6106781.000000
0.259259	6107495.000000
0.260260	6107098.000000
0.261261	6106875.000000
0.262262	6104118.000000
0.263263	6108959.000000
0.264264	6108427.000000
0.265265	6106253.000000
0.266266	6109351.000000
0.267267	6108428.000000
0.268268	6107645.000000
0.269269	6106836.000000
0.270270	6109009.000000
0.271271	6106081.000000
0.272272	6107392.000000
0.273273	6114416.000000
0.274274	6113217.000000
0.275275	6108585.000000
0.276276	6107411.000000
0.277277	6109831.000000
0.278278	6112722.000000
0.279279	6110989.000000
0.280280	6110418.000000
0.281281	6113324.000000
0.282282	6113173.000000
0.283283	6109978.000000
0.284284	6111830.000000
0.285285	6111896.000000
0.286286	6110518.000000
0.287287	6110624.000000
0.288288	6112436.000000
0.289289	6110596.000000
0.290290	6113113.000000
0.291291	6112420.000000
0.292292	6115485.000000
0.293293	6113279.000000
0.294294	6114152.000000
0.295295	6116245.000000
0.296296	6112683.000000
0.297297	6116122.000000
0.298298	6112775.000000
0.299299	6116854.000000
0.300300	6119784.000000
0.301301	6116753.000000
0.302302	6116311.000000
0.303303	6117533.000000
0.304304	6121046.000000
0.305305	6116944.000000
0.306306	6116593.000000
0.307307	6117364.000000
0.308308	6123209.000000
0.309309	6121301.000000
0.310310	6119176.000000
0.311311	6118477.000000
0.312312	6118457.000000
0.313313	6125091.000000
0.314314	6121283.000000
0.315315	6119046.000000
0.316316	6119512.000000
0.317317	6122634.000000
0.318318	6119885.000000
0.319319	6119938.000000
0.320320	6122150.000000
0.321321	6123073.000000
0.322322	6121735.000000
0.323323	6121286.000000
0.324324	6122645.000000
0.325325	6123089.000000
0.326326	6121375.000000
0.327327	6126315.000000
0.328328	6124949.000000
0.329329	6121911.000000
0.330330	6125491.000000
0.331331	6126358.000000
0.332332	6123276.000000
0.333333	6122675.000000
0.334334	6122189.000000
0.335335	6127237.000000
0.336336	6123214.000000
0.337337	6122340.000000
0.338338	6124840.000000
0.339339	6127034.000000
0.340340	6125251.000000
0.341341	6128560.000000
0.342342	6129512.000000
0.343343	6127285.000000
0.344344	6124054.000000
0.345345	6128362.000000
0.346346	6126801.000000
0.347347	6129597.000000
0.348348	6128060.000000
0.349349	6129233.000000
0.350350	6128837.000000
0.351351	6130023.000000
0.352352	6132246.000000
0.353353	6130744.000000
0.354354	6131220.000000
0.355355	6131183.000000
0.356356	6130511.000000
0.357357	6132710.000000
0.358358	6134617.000000
0.359359	6135453.000000
0.360360	6132976.000000
0.361361	6131480.000000
0.362362	6134224.000000
0.363363	6132160.000000
0.364364	6131430.000000
0.365365	6135742.000000
0.366366	6138491.000000
0.367367	6135402.000000
0.368368	6137662.000000
0.369369	6133054.000000
0.370370	6136333.000000
0.371371	6134424.000000
0.372372	6131101.000000
0.373373	6133016.000000
0.374374	6133102.000000
0.375375	6133519.000000
0.376376	6129293.000000
0.377377	6131881.000000
0.378378	6128640.000000
0.379379	6122221.000000
0.380380	6122447.000000
0.381381	6115376.000000
0.382382	6114898.000000
0.383383	6112561.000000
0.384384	6111369.000000
0.385385	6113905.000000
0.386386	6113535.000000
0.387387	6118651.000000
0.388388	6125172.000000
0.389389	6127856.000000
0.390390	6130724.000000
0.391391	6133146.000000
0.392392	6136216.000000
0.393393	6138991.000000
0.394394	6138201.000000
0.395395	6140236.000000
0.396396	6141099.000000
0.397397	6136950.000000
0.398398	6142943.000000
0.399399	6139091.000000
0.400400	6144111.000000
0.401401	6144468.000000
0.402402	6143985.000000
0.403403	6141704.000000
0.404404	6143138.000000
0.405405	6142730.000000
0.406406	6140484.000000
0.407407	6143077.000000
0.408408	6140091.000000
0.409409	6142841.000000
0.410410	6143624.000000
0.411411	6143363.000000
0.412412	6141535.000000
0.413413	6145624.000000
0.414414	6143134.000000
0.415415	6150102.000000
0.416416	6147579.000000
0.417417	6149847.000000
0.418418	6147085.000000
0.419419	6150045.000000
0.420420	6151513.000000
0.421421	6152422.000000
0.422422	6152716.000000
0.423423	6152943.000000
0.424424	6150154.000000
0.425425	6147355.000000
0.426426	6151065.000000
0.427427	6151068.000000
0.428428	6148177.000000
0.429429	6150840.000000
0.430430	6150526.000000
0.431431	6150676.000000
0.432432	6149923.000000
0.433433	6151648.000000
0.434434	6152174.000000
0.435435	6154543.000000
0.436436	6156581.000000
0.437437	6152563.000000
0.438438	6154536.000000
0.439439	6149683.000000
0.440440	6154434.000000
0.441441	6153274.000000
0.442442	6151442.000000
0.443443	6150664.000000
0.444444	6150469.000000
0.445445	6153143.000000
0.446446	6153864.000000
0.447447	6157086.000000
0.448448	6154172.000000
0.449449	6153765.000000
0.450450	6154475.000000
0.451451	6154374.000000
0.452452	6156058.000000
0.453453	6155334.000000
0.454454	6153296.000000
0.455455	6152424.000000
0.456456	6154891.000000
0.457457	6153889.000000
0.458458	6148915.000000
0.459459	6157105.000000
0.460460	6152620.000000
0.461461	6153902.000000
0.462462	6153864.000000
0.463463	6153599.000000
0.464464	6156259.000000
0.465465	6156319.000000
0.466466	6157191.000000
0.467467	6154547.000000
0.468468	6160322.000000
0.469469	6161476.000000
0.470470	6160595.000000
0.471471	6156454.000000
0.472472	6157434.000000
0.473473	6160775.000000
0.474474	6162510.000000
0.475475	6159504.000000
0.476476	6164129.000000
0.477477	6156293.000000
0.478478	6161371.000000
0.479479	6164760.000000
0.480480	6163910.000000
0.481481	6166471.000000
0.482482	6162982.000000
0.483483	6165555.000000
0.484484	6165730.000000
0.485485	6162427.000000
0.486486	6161475.000000
0.487487	6167556.000000
0.488488	6163214.000000
0.489489	6164563.000000
0.490490	6166374.000000
0.491491	6160437.000000
0.492492	6163672.000000
0.493493	6163290.000000
0.494494	6166462.000000
0.495495	6163638.000000
0.496496	6164685.000000
0.497497	6163108.000000
0.498498	6165853.000000
0.499499	6164921.000000
0.500501	6167057.000000
0.501502	6164996.000000
0.502503	6162945.000000
0.503504	6165369.000000
0.504505	6158666.000000
0.505506	6161237.000000
0.506507	6161610.000000
0.507508	6162162.000000
0.508509	6159745.000000
0.509510	6165932.000000
0.510511	6161939.000000
0.511512	6163916.000000
0.512513	6160466.000000
0.513514	6161936.000000
0.514515	6160392.000000
0.515516	6159613.000000
0.516517	6156461.000000
0.517518	6157722.000000
0.518519	6155841.000000
0.519520	6157263.000000
0.520521	6155179.000000
0.521522	6159378.000000
0.522523	6156458.000000
0.523524	6154989.000000
0.524525	6155633.000000
0.525526	6149723.000000
0.526527	6157557.000000
0.527528	6157526.000000
0.528529	6157332.000000
0.529530	6158060.000000
0.530531	6156566.000000
0.531532	6155068.000000
0.532533	6154749.000000
0.533534	6157597.000000
0.534535	6157099.000000
0.535536	6157836.000000
0.536537	6157839.000000
0.537538	6151885.000000
0.538539	6158781.000000
0.539540	6158971.000000
0.540541	6155488.000000
0.541542	6155742.000000
0.542543	6153710.000000
0.543544	6155696.000000
0.544545	6155491.000000
0.545546	6155131.000000
0.546547	6156237.000000
0.547548	6154433.000000
0.548549	6156239.000000
0.549550	6157029.000000
0.550551	6157683.000000
0.551552	6153459.000000
0.552553	6153408.000000
0.553554	6154377.000000
0.554555	6155857.000000
0.555556	6151943.000000
0.556557	6153368.000000
0.557558	6155480.000000
0.558559	6152990.000000
0.559560	6154439.000000
0.560561	6153495.000000
0.561562	6151705.000000
0.562563	6152376.000000
0.563564	6150380.000000
0.564565	6150138.000000
0.565566	6148157.000000
0.566567	6151432.000000
0.567568	6150064.000000
0.568569	6151598.000000
0.569570	6149564.000000
0.570571	6149492.000000
0.571572	6144809.000000
0.572573	6147128.000000
0.573574	6146465.000000
0.574575	6143753.000000
0.575576	6145494.000000
0.576577	6143472.000000
0.577578	6142170.000000
0.578579	6147168.000000
0.579580	6143468.000000
0.580581	6145326.000000
0.581582	6145911.000000
0.582583	6146217.000000
0.583584	6145059.000000
0.584585	6145820.000000
0.585586	6141534.000000
0.586587	6142558.000000
0.587588	6141144.000000
0.588589	6141962.000000
0.589590	6137299.000000
0.590591	6140005.000000
0.591592	6131134.000000
0.592593	6132766.000000
0.593594	6128358.000000
0.594595	6123413.000000
0.595596	6122765.000000
0.596597	6119429.000000
0.597598	6117688.000000
0.598599	6115400.000000
0.599600	6111745.000000
0.600601	6117413.000000
0.601602	6121090.000000
0.602603	6121306.000000
0.603604	6125026.000000
0.604605	6128085.000000
0.605606	6132269.000000
0.606607	6133122.000000
0.607608	6137254.000000
0.608609	6136278.000000
0.609610	6140564.000000
0.610611	6138199.000000
0.611612	6136606.000000
0.612613	6139034.000000
0.613614	6138471.000000
0.614615	6138898.000000
0.615616	6140008.000000
0.616617	6138366.000000
0.617618	6136587.000000
0.618619	6135117.000000
0.619620	6135362.000000
0.620621	6137174.000000
0.621622	6134555.000000
0.622623	6136121.000000
0.623624	6136399.000000
0.624625	6134357.000000
0.625626	6135158.000000
0.626627	6132568.000000
0.627628	6133803.000000
0.628629	6134931.000000
0.629630	6131932.000000
0.630631	6132775.000000
0.631632	6133185.000000
0.632633	6134008.000000
0.633634	6129891.000000
0.634635	6129001.000000
0.635636	6129427.000000
0.636637	6129307.000000
0.637638	6128462.000000
0.638639	6132774.000000
0.639640	6131575.000000
0.640641	6132478.000000
0.641642	6130007.000000
0.642643	6130182.000000
0.643644	6129526.000000
0.644645	6133324.000000
0.645646	6133868.000000
0.646647	6131443.000000
0.647648	6129312.000000
0.648649	6129077.000000
0.649650	6128958.000000
0.650651	6128157.000000
0.651652	6127291.000000
0.652653	6126232.000000
0.653654	6124395.000000
0.654655	6128409.000000
0.655656	6127800.000000
0.656657	6126980.000000
0.657658	6128184.000000
0.658659	6122950.000000
0.659660	6123873.000000
0.660661	6124910.000000
0.661662	6127807.000000
0.662663	6124807.000000
0.663664	6124962.000000
0.664665	6124942.000000
0.665666	6124605.000000
0.666667	6125017.000000
0.667668	6122649.000000
0.668669	6122332.000000
0.669670	6125138.000000
0.670671	6122199.000000
0.671672	6119221.000000
0.672673	6121807.000000
0.673674	6120939.000000
0.674675	6120468.000000
0.675676	6120209.000000
0.676677	6123033.000000
0.677678	6126122.000000
0.678679	6125313.000000
0.679680	6121288.000000
0.680681	6122491.000000
0.681682	6119752.000000
0.682683	6118792.000000
0.683684	6119700.000000
0.684685	6121560.000000
0.685686	6121726.000000
0.686687	6122015.000000
0.687688	6118550.000000
0.688689	6119634.000000
0.689690	6121728.000000
0.690691	6116148.000000
0.691692	6117709.000000
0.692693	6116722.000000
0.693694	6115501.000000
0.694695	6118071.000000
0.695696	6118437.000000
0.696697	6118534.000000
0.697698	6120221.000000
0.698699	6118530.000000
0.699700	6118679.000000
0.700701	6121287.000000
0.701702	6112262.000000
0.702703	6117615.000000
0.703704	6113574.000000
0.704705	6116296.000000
0.705706	6112937.000000
0.706707	6114360.000000
0.707708	6113158.000000
0.708709	6113882.000000
0.709710	6114646.000000
0.710711	6113883.000000
0.711712	6117276.000000
0.712713	6109620.000000
0.713714	6111937.000000
0.714715	6111656.000000
0.715716	6115750.000000
0.716717	6113196.000000
0.717718	6113192.000000
0.718719	6111950.000000
0.719720	6114074.000000
0.720721	6113340.000000
0.721722	6116869.000000
0.722723	6112872.000000
0.723724	6115296.000000
0.724725	6115427.000000
0.725726	6114439.000000
0.726727	6116766.000000
0.727728	6114539.000000
0.728729	6118826.000000
0.729730	6116318.000000
0.730731	6116694.000000
0.731732	6117517.000000
0.732733	6114922.000000
0.733734	6115429.000000
0.734735	6116879.000000
0.735736	6115064.000000
0.736737	6116130.000000
0.737738	6115051.000000
0.738739	6117996.000000
0.739740	6121703.000000
0.740741	6120165.000000
0.741742	6117988.000000
0.742743	6116742.000000
0.743744	6116751.000000
0.744745	6116122.000000
0.745746	6116202.000000
0.746747	6118689.000000
0.747748	6120505.000000
0.748749	6119966.000000
0.749750	6115639.000000
0.750751	6119818.000000
0.751752	6117860.000000
0.752753	6122655.000000
0.753754	6118090.000000
0.754755	6121193.000000
0.755756	6120008.000000
0.756757	6121733.000000
0.757758	6120783.000000
0.758759	6120718.000000
0.759760	6121304.000000
0.760761	6120558.000000
0.761762	6124128.000000
0.762763	6121586.000000
0.763764	6119379.000000
0.764765	6124649.000000
0.765766	6118974.000000
0.766767	6121901.000000
0.767768	6122600.000000
0.768769	6124512.000000
0.769770	6122264.000000
0.770771	6122196.000000
0.771772	6123099.000000
0.772773	6120624.000000
0.773774	6124000.000000
0.774775	6126196.000000
0.775776	6121304.000000
0.776777	6122638.000000
0.777778	6124621.000000
0.778779	6123400.000000
0.779780	6125200.000000
0.780781	6126835.000000
0.781782	6126849.000000
0.782783	6127370.000000
0.783784	6128946.000000
0.784785	6123408.000000
0.785786	6129299.000000
0.786787	6125514.000000
0.787788	6127377.000000
0.788789	6125810.000000
0.789790	6128752.000000
0.790791	6127053.000000
0.791792	6129900.000000
0.792793	6125696.000000
0.793794	6128821.000000
0.794795	6130717.000000
0.795796	6128101.000000
0.796797	6131725.000000
0.797798	6127602.000000
0.798799	6127553.000000
0.799800	6128467.000000
0.800801	6129061.000000
0.801802	6128949.000000
0.802803	6130981.000000
0.803804	6127812.000000
0.804805	6128218.000000
0.805806	6132113.000000
0.806807	6130628.000000
0.807808	6131033.000000
0.808809	6131065.000000
0.809810	6135439.000000
0.810811	6130127.000000
0.811812	6132424.000000
0.812813	6134593.000000
0.813814	6133546.000000
0.814815	6136238.000000
0.815816	6135973.000000
0.816817	6130344.000000
0.817818	6132724.000000
0.818819	6131456.000000
0.819820	6130949.000000
0.820821	6135142.000000
0.821822	6135014.000000
0.822823	6135024.000000
0.823824	6135497.000000
0.824825	6136393.000000
0.825826	6133532.000000
0.826827	6133920.000000
0.827828	6133572.000000
0.828829	6137253.000000
0.829830	6136665.000000
0.830831	6137504.000000
0.831832	6133396.000000
0.832833	6132318.000000
0.833834	6135419.000000
0.834835	6142563.000000
0.835836	6136202.000000
0.836837	6136610.000000
0.837838	6137920.000000
0.838839	6138730.000000
0.839840	6139260.000000
0.840841	6141250.000000
0.841842	6137747.000000
0.842843	6139338.000000
0.843844	6140347.000000
0.844845	6142462.000000
0.845846	6137547.000000
0.846847	6135633.000000
0.847848	6139049.000000
0.848849	6137572.000000
0.849850	6131299.000000
0.850851	6130482.000000
0.851852	6130425.000000
0.852853	6123004.000000
0.853854	6121412.000000
0.854855	6119219.000000
0.855856	6112466.000000
0.856857	6115835.000000
0.857858	6113839.000000
0.858859	6116471.000000
0.859860	6117044.000000
0.860861	6122190.000000
0.861862	6126262.000000
0.862863	6129891.000000
0.863864	6132605.000000
0.864865	6139526.000000
0.865866	6137766.000000
0.866867	6141846.000000
0.867868	6139895.000000
0.868869	6143015.000000
0.869870	6141879.000000
0.870871	6142790.000000
0.871872	6147747.000000
0.872873	6144361.000000
0.873874	6147855.000000
0.874875	6145005.000000
0.875876	6142175.000000
0.876877	6143669.000000
0.877878	6142554.000000
0.878879	6143791.000000
0.879880	6145435.000000
0.880881	6141139.000000
0.881882	6144270.000000
0.882883	6145073.000000
0.883884	6148105.000000
0.884885	6145124.000000
0.885886	6146046.000000
0.886887	6147387.000000
0.887888	6150810.000000
0.888889	6146133.000000
0.889890	6149754.000000
0.890891	6150004.000000
0.891892	6149928.000000
0.892893	6151418.000000
0.893894	6150582.000000
0.894895	6150785.000000
0.895896	6151145.000000
0.896897	6149996.000000
0.897898	6151972.000000
0.898899	6154947.000000
0.899900	6151392.000000
0.900901	6151805.000000
0.901902	6151826.000000
0.902903	6152331.000000
0.903904	6152226.000000
0.904905	6152363.000000
0.905906	6153490.000000
0.906907	6152117.000000
0.907908	6150843.000000
0.908909	6153161.000000
0.909910	6150550.000000
0.910911	6151335.000000
0.911912	6153752.000000
0.912913	6149567.000000
0.913914	6152891.000000
0.914915	6153465.000000
0.915916	6154419.000000
0.916917	6153951.000000
0.917918	6153819.000000
0.918919	6149831.000000
0.919920	6152444.000000
0.920921	6154285.000000
0.921922	6148282.000000
0.922923	6153492.000000
0.923924	6152420.000000
0.924925	6150254.000000
0.925926	6153653.000000
0.926927	6154094.000000
0.927928	6151364.000000
0.928929	6154858.000000
0.929930	6149622.000000
0.930931	6155062.000000
0.931932	6150161.000000
0.932933	6153321.000000
0.933934	6152824.000000
0.934935	6156627.000000
0.935936	6151046.000000
0.936937	6155253.000000
0.937938	6154042.000000
0.938939	6159335.000000
0.939940	6154830.000000
0.940941	6156526.000000
0.941942	6157144.000000
0.942943	6160452.000000
0.943944	6161959.000000
0.944945	6161379.000000
0.945946	6157030.000000
0.946947	6161397.000000
0.947948	6158458.000000
0.948949	6157949.000000
0.949950	6162173.000000
0.950951	6161014.000000
0.951952	6163485.000000
0.952953	6164014.000000
0.953954	6162894.000000
0.954955	6162638.000000
0.955956	6159474.000000
0.956957	6161266.000000
0.957958	6162253.000000
0.958959	6161366.000000
0.959960	6162777.000000
0.960961	6162244.000000
0.961962	6162658.000000
0.962963	6161831.000000
0.963964	6164625.000000
0.964965	6162679.000000
0.965966	6159004.000000
0.966967	6164663.000000
0.967968	6162081.000000
0.968969	6165635.000000
0.969970	6166866.000000
0.970971	6164619.000000
0.971972	6162512.000000
0.972973	6164564.000000
0.973974	6163305.000000
0.974975	6162247.000000
0.975976	6162621.000000
0.976977	6163193.000000
0.977978	6162663.000000
0.978979	6162864.000000
0.979980	6162100.000000
0.980981	6165878.000000
0.981982	6165306.000000
0.982983	6162191.000000
0.983984	6160862.000000
0.984985	6161812.000000
0.985986	6161634.000000
0.986987	6159393.000000
0.987988	6164185.000000
0.988989	6162438.000000
0.989990	6161849.000000
0.990991	6161953.000000
0.991992	6161881.000000
0.992993	6162043.000000
0.993994	6167812.000000
0.994995	6163942.000000
0.995996	6162392.000000
0.996997	6158760.000000
0.997998	6164668.000000
0.998999	6164110.000000
