Temps - Tracé 0	Amplitude - Tracé 0	Temps - Tracé 1	Amplitude - Tracé 1	
2.5	9.51495E+6	2.5	9.51495E+6	
2.502	9.4638E+6	2.502	9.4638E+6	
2.504	9.51947E+6	2.504	9.51947E+6	
2.506	9.49207E+6	2.506	9.49207E+6	
2.508	9.5442E+6	2.508	9.5442E+6	
2.51	9.49677E+6	2.51	9.49677E+6	
2.512	9.54074E+6	2.512	9.54074E+6	
2.514	9.54508E+6	2.514	9.54508E+6	
2.516	9.52549E+6	2.516	9.52549E+6	
2.518	9.49815E+6	2.518	9.49815E+6	
2.52	9.49897E+6	2.52	9.49897E+6	
2.522	9.51616E+6	2.522	9.51616E+6	
2.524	9.55109E+6	2.524	9.55109E+6	
2.526	9.51037E+6	2.526	9.51037E+6	
2.528	9.5458E+6	2.528	9.5458E+6	
2.53	9.57574E+6	2.53	9.57574E+6	
2.532	9.52624E+6	2.532	9.52624E+6	
2.534	9.53417E+6	2.534	9.53417E+6	
2.536	9.5135E+6	2.536	9.5135E+6	
2.538	9.48337E+6	2.538	9.48337E+6	
2.54	9.53352E+6	2.54	9.53352E+6	
2.542	9.52212E+6	2.542	9.52212E+6	
2.544	9.51935E+6	2.544	9.51935E+6	
2.546	9.52917E+6	2.546	9.52917E+6	
2.548	9.5167E+6	2.548	9.5167E+6	
2.55	9.49941E+6	2.55	9.49941E+6	
2.552	9.53527E+6	2.552	9.53527E+6	
2.554	9.44029E+6	2.554	9.44029E+6	
2.556	9.4903E+6	2.556	9.4903E+6	
2.558	9.52671E+6	2.558	9.52671E+6	
2.56	9.48114E+6	2.56	9.48114E+6	
2.562	9.43039E+6	2.562	9.43039E+6	
2.564	9.3202E+6	2.564	9.3202E+6	
2.566	9.22928E+6	2.566	9.22928E+6	
2.568	9.02694E+6	2.568	9.02694E+6	
2.57	8.74881E+6	2.57	8.74881E+6	
2.572	8.70678E+6	2.572	8.70678E+6	
2.574	8.73462E+6	2.574	8.73462E+6	
2.576	8.80958E+6	2.576	8.80958E+6	
2.578	8.9912E+6	2.578	8.9912E+6	
2.58	9.21244E+6	2.58	9.21244E+6	
2.582	9.37178E+6	2.582	9.37178E+6	
2.584	9.45292E+6	2.584	9.45292E+6	
2.586	9.49229E+6	2.586	9.49229E+6	
2.588	9.55162E+6	2.588	9.55162E+6	
2.59	9.55603E+6	2.59	9.55603E+6	
2.592	9.54703E+6	2.592	9.54703E+6	
2.594	9.58252E+6	2.594	9.58252E+6	
2.596	9.59334E+6	2.596	9.59334E+6	
2.598	9.55754E+6	2.598	9.55754E+6	
2.6	9.5415E+6	2.6	9.5415E+6	
2.602	9.5469E+6	2.602	9.5469E+6	
2.604	9.58739E+6	2.604	9.58739E+6	
2.606	9.53862E+6	2.606	9.53862E+6	
2.608	9.61624E+6	2.608	9.61624E+6	
2.61	9.55883E+6	2.61	9.55883E+6	
2.612	9.52077E+6	2.612	9.52077E+6	
2.614	9.56634E+6	2.614	9.56634E+6	
2.616	9.54262E+6	2.616	9.54262E+6	
2.618	9.55454E+6	2.618	9.55454E+6	
2.62	9.55869E+6	2.62	9.55869E+6	
2.622	9.55426E+6	2.622	9.55426E+6	
2.624	9.55437E+6	2.624	9.55437E+6	
2.626	9.59346E+6	2.626	9.59346E+6	
2.628	9.52278E+6	2.628	9.52278E+6	
2.63	9.55258E+6	2.63	9.55258E+6	
2.632	9.54074E+6	2.632	9.54074E+6	
2.634	9.53104E+6	2.634	9.53104E+6	
2.636	9.4869E+6	2.636	9.4869E+6	
2.638	9.51017E+6	2.638	9.51017E+6	
2.64	9.54638E+6	2.64	9.54638E+6	
2.642	9.57765E+6	2.642	9.57765E+6	
2.644	9.51571E+6	2.644	9.51571E+6	
2.646	9.51079E+6	2.646	9.51079E+6	
2.648	9.56171E+6	2.648	9.56171E+6	
2.65	9.50904E+6	2.65	9.50904E+6	
2.652	9.54446E+6	2.652	9.54446E+6	
2.654	9.54347E+6	2.654	9.54347E+6	
2.656	9.52712E+6	2.656	9.52712E+6	
2.658	9.56472E+6	2.658	9.56472E+6	
2.66	9.54813E+6	2.66	9.54813E+6	
2.662	9.57616E+6	2.662	9.57616E+6	
2.664	9.5361E+6	2.664	9.5361E+6	
2.666	9.54644E+6	2.666	9.54644E+6	
2.668	9.53271E+6	2.668	9.53271E+6	
2.67	9.52209E+6	2.67	9.52209E+6	
2.672	9.57623E+6	2.672	9.57623E+6	
2.674	9.55765E+6	2.674	9.55765E+6	
2.676	9.52528E+6	2.676	9.52528E+6	
2.678	9.59636E+6	2.678	9.59636E+6	
2.68	9.59877E+6	2.68	9.59877E+6	
2.682	9.6396E+6	2.682	9.6396E+6	
2.684	9.78321E+6	2.684	9.78321E+6	
2.686	9.94556E+6	2.686	9.94556E+6	
2.688	1.00089E+7	2.688	1.00089E+7	
2.69	1.00499E+7	2.69	1.00499E+7	
2.692	1.00934E+7	2.692	1.00934E+7	
2.694	1.0107E+7	2.694	1.0107E+7	
2.696	1.00918E+7	2.696	1.00918E+7	
2.698	1.00439E+7	2.698	1.00439E+7	
2.7	9.98807E+6	2.7	9.98807E+6	
2.702	9.88669E+6	2.702	9.88669E+6	
2.704	9.76355E+6	2.704	9.76355E+6	
2.706	9.66806E+6	2.706	9.66806E+6	
2.708	9.63117E+6	2.708	9.63117E+6	
2.71	9.55743E+6	2.71	9.55743E+6	
2.712	9.4633E+6	2.712	9.4633E+6	
2.714	9.47092E+6	2.714	9.47092E+6	
2.716	9.47508E+6	2.716	9.47508E+6	
2.718	9.51479E+6	2.718	9.51479E+6	
2.72	9.4833E+6	2.72	9.4833E+6	
2.722	9.508E+6	2.722	9.508E+6	
2.724	9.4819E+6	2.724	9.4819E+6	
2.726	9.56574E+6	2.726	9.56574E+6	
2.728	9.51114E+6	2.728	9.51114E+6	
2.73	9.54614E+6	2.73	9.54614E+6	
2.732	9.49498E+6	2.732	9.49498E+6	
2.734	9.50244E+6	2.734	9.50244E+6	
2.736	9.50926E+6	2.736	9.50926E+6	
2.738	9.59057E+6	2.738	9.59057E+6	
2.74	9.53714E+6	2.74	9.53714E+6	
2.742	9.58597E+6	2.742	9.58597E+6	
2.744	9.55538E+6	2.744	9.55538E+6	
2.746	9.53595E+6	2.746	9.53595E+6	
2.748	9.55995E+6	2.748	9.55995E+6	
2.75	9.53646E+6	2.75	9.53646E+6	
2.752	9.52756E+6	2.752	9.52756E+6	
2.754	9.49909E+6	2.754	9.49909E+6	
2.756	9.56294E+6	2.756	9.56294E+6	
2.758	9.56085E+6	2.758	9.56085E+6	
2.76	9.56792E+6	2.76	9.56792E+6	
2.762	9.5237E+6	2.762	9.5237E+6	
2.764	9.52776E+6	2.764	9.52776E+6	
2.766	9.5176E+6	2.766	9.5176E+6	
2.768	9.49953E+6	2.768	9.49953E+6	
2.77	9.57082E+6	2.77	9.57082E+6	
2.772	9.52421E+6	2.772	9.52421E+6	
2.774	9.49232E+6	2.774	9.49232E+6	
2.776	9.52814E+6	2.776	9.52814E+6	
2.778	9.55257E+6	2.778	9.55257E+6	
2.78	9.53956E+6	2.78	9.53956E+6	
2.782	9.54982E+6	2.782	9.54982E+6	
2.784	9.58355E+6	2.784	9.58355E+6	
2.786	9.56619E+6	2.786	9.56619E+6	
2.788	9.54261E+6	2.788	9.54261E+6	
2.79	9.56678E+6	2.79	9.56678E+6	
2.792	9.50958E+6	2.792	9.50958E+6	
2.794	9.49794E+6	2.794	9.49794E+6	
2.796	9.56808E+6	2.796	9.56808E+6	
2.798	9.51095E+6	2.798	9.51095E+6	
2.8	9.5374E+6	2.8	9.5374E+6	
2.802	9.53757E+6	2.802	9.53757E+6	
2.804	9.48729E+6	2.804	9.48729E+6	
2.806	9.54858E+6	2.806	9.54858E+6	
2.808	9.50799E+6	2.808	9.50799E+6	
2.81	9.52164E+6	2.81	9.52164E+6	
2.812	9.48863E+6	2.812	9.48863E+6	
2.814	9.51118E+6	2.814	9.51118E+6	
2.816	9.49095E+6	2.816	9.49095E+6	
2.818	9.47544E+6	2.818	9.47544E+6	
2.82	9.46001E+6	2.82	9.46001E+6	
2.822	9.51245E+6	2.822	9.51245E+6	
2.824	9.51526E+6	2.824	9.51526E+6	
2.826	9.50203E+6	2.826	9.50203E+6	
2.828	9.53859E+6	2.828	9.53859E+6	
2.83	9.52369E+6	2.83	9.52369E+6	
2.832	9.50377E+6	2.832	9.50377E+6	
2.834	9.46049E+6	2.834	9.46049E+6	
2.836	9.40007E+6	2.836	9.40007E+6	
2.838	9.23495E+6	2.838	9.23495E+6	
2.84	8.978E+6	2.84	8.978E+6	
2.842	8.62731E+6	2.842	8.62731E+6	
2.844	8.49013E+6	2.844	8.49013E+6	
2.846	8.5018E+6	2.846	8.5018E+6	
2.848	8.57269E+6	2.848	8.57269E+6	
2.85	8.69097E+6	2.85	8.69097E+6	
2.852	8.79942E+6	2.852	8.79942E+6	
2.854	8.97119E+6	2.854	8.97119E+6	
2.856	9.14194E+6	2.856	9.14194E+6	
2.858	9.30561E+6	2.858	9.30561E+6	
2.86	9.42375E+6	2.86	9.42375E+6	
2.862	9.49005E+6	2.862	9.49005E+6	
2.864	9.50751E+6	2.864	9.50751E+6	
2.866	9.59964E+6	2.866	9.59964E+6	
2.868	9.56001E+6	2.868	9.56001E+6	
2.87	9.56837E+6	2.87	9.56837E+6	
2.872	9.51606E+6	2.872	9.51606E+6	
2.874	9.51003E+6	2.874	9.51003E+6	
2.876	9.50429E+6	2.876	9.50429E+6	
2.878	9.48203E+6	2.878	9.48203E+6	
2.88	9.43836E+6	2.88	9.43836E+6	
2.882	9.48067E+6	2.882	9.48067E+6	
2.884	9.409E+6	2.884	9.409E+6	
2.886	9.3853E+6	2.886	9.3853E+6	
2.888	9.30439E+6	2.888	9.30439E+6	
2.89	9.34101E+6	2.89	9.34101E+6	
2.892	9.35318E+6	2.892	9.35318E+6	
2.894	9.36061E+6	2.894	9.36061E+6	
2.896	9.3892E+6	2.896	9.3892E+6	
2.898	9.46138E+6	2.898	9.46138E+6	
2.9	9.53023E+6	2.9	9.53023E+6	
2.902	9.49501E+6	2.902	9.49501E+6	
2.904	9.53545E+6	2.904	9.53545E+6	
2.906	9.54834E+6	2.906	9.54834E+6	
2.908	9.55732E+6	2.908	9.55732E+6	
2.91	9.51704E+6	2.91	9.51704E+6	
2.912	9.56045E+6	2.912	9.56045E+6	
2.914	9.51309E+6	2.914	9.51309E+6	
2.916	9.56591E+6	2.916	9.56591E+6	
2.918	9.5362E+6	2.918	9.5362E+6	
2.92	9.51905E+6	2.92	9.51905E+6	
2.922	9.4884E+6	2.922	9.4884E+6	
2.924	9.47738E+6	2.924	9.47738E+6	
2.926	9.5351E+6	2.926	9.5351E+6	
2.928	9.50498E+6	2.928	9.50498E+6	
2.93	9.53355E+6	2.93	9.53355E+6	
2.932	9.50858E+6	2.932	9.50858E+6	
2.934	9.57371E+6	2.934	9.57371E+6	
2.936	9.49267E+6	2.936	9.49267E+6	
2.938	9.55645E+6	2.938	9.55645E+6	
2.94	9.5531E+6	2.94	9.5531E+6	
2.942	9.56732E+6	2.942	9.56732E+6	
2.944	9.51826E+6	2.944	9.51826E+6	
2.946	9.54674E+6	2.946	9.54674E+6	
2.948	9.56856E+6	2.948	9.56856E+6	
2.95	9.55694E+6	2.95	9.55694E+6	
2.952	9.59925E+6	2.952	9.59925E+6	
2.954	9.58066E+6	2.954	9.58066E+6	
2.956	9.63736E+6	2.956	9.63736E+6	
2.958	9.64082E+6	2.958	9.64082E+6	
2.96	9.63501E+6	2.96	9.63501E+6	
2.962	9.62231E+6	2.962	9.62231E+6	
2.964	9.60146E+6	2.964	9.60146E+6	
2.966	9.61646E+6	2.966	9.61646E+6	
2.968	9.57559E+6	2.968	9.57559E+6	
2.97	9.56525E+6	2.97	9.56525E+6	
2.972	9.55692E+6	2.972	9.55692E+6	
2.974	9.53009E+6	2.974	9.53009E+6	
2.976	9.5392E+6	2.976	9.5392E+6	
2.978	9.58003E+6	2.978	9.58003E+6	
2.98	9.58589E+6	2.98	9.58589E+6	
2.982	9.64645E+6	2.982	9.64645E+6	
2.984	9.72391E+6	2.984	9.72391E+6	
2.986	9.90016E+6	2.986	9.90016E+6	
2.988	1.0001E+7	2.988	1.0001E+7	
2.99	1.00288E+7	2.99	1.00288E+7	
2.992	1.00384E+7	2.992	1.00384E+7	
2.994	1.00605E+7	2.994	1.00605E+7	
2.996	1.00151E+7	2.996	1.00151E+7	
2.998	9.96465E+6	2.998	9.96465E+6	
3	9.88292E+6	3	9.88292E+6	
3.002	9.78992E+6	3.002	9.78992E+6	
3.004	9.68948E+6	3.004	9.68948E+6	
3.006	9.617E+6	3.006	9.617E+6	
3.008	9.56828E+6	3.008	9.56828E+6	
3.01	9.57576E+6	3.01	9.57576E+6	
3.012	9.5088E+6	3.012	9.5088E+6	
3.014	9.49715E+6	3.014	9.49715E+6	
3.016	9.49626E+6	3.016	9.49626E+6	
3.018	9.49304E+6	3.018	9.49304E+6	
3.02	9.52672E+6	3.02	9.52672E+6	
3.022	9.45017E+6	3.022	9.45017E+6	
3.024	9.51827E+6	3.024	9.51827E+6	
3.026	9.50279E+6	3.026	9.50279E+6	
3.028	9.51492E+6	3.028	9.51492E+6	
3.03	9.51211E+6	3.03	9.51211E+6	
3.032	9.50964E+6	3.032	9.50964E+6	
3.034	9.53806E+6	3.034	9.53806E+6	
3.036	9.5654E+6	3.036	9.5654E+6	
3.038	9.58317E+6	3.038	9.58317E+6	
3.04	9.50583E+6	3.04	9.50583E+6	
3.042	9.51172E+6	3.042	9.51172E+6	
3.044	9.56365E+6	3.044	9.56365E+6	
3.046	9.57971E+6	3.046	9.57971E+6	
3.048	9.58909E+6	3.048	9.58909E+6	
3.05	9.61168E+6	3.05	9.61168E+6	
3.052	9.51123E+6	3.052	9.51123E+6	
3.054	9.53651E+6	3.054	9.53651E+6	
3.056	9.5306E+6	3.056	9.5306E+6	
3.058	9.58962E+6	3.058	9.58962E+6	
3.06	9.5132E+6	3.06	9.5132E+6	
3.062	9.54077E+6	3.062	9.54077E+6	
3.064	9.52636E+6	3.064	9.52636E+6	
3.066	9.47352E+6	3.066	9.47352E+6	
3.068	9.48396E+6	3.068	9.48396E+6	
3.07	9.56628E+6	3.07	9.56628E+6	
3.072	9.55101E+6	3.072	9.55101E+6	
3.074	9.55111E+6	3.074	9.55111E+6	
3.076	9.55435E+6	3.076	9.55435E+6	
3.078	9.54763E+6	3.078	9.54763E+6	
3.08	9.56012E+6	3.08	9.56012E+6	
3.082	9.55084E+6	3.082	9.55084E+6	
3.084	9.5692E+6	3.084	9.5692E+6	
3.086	9.51552E+6	3.086	9.51552E+6	
3.088	9.52689E+6	3.088	9.52689E+6	
3.09	9.49017E+6	3.09	9.49017E+6	
3.092	9.55696E+6	3.092	9.55696E+6	
3.094	9.52038E+6	3.094	9.52038E+6	
3.096	9.52212E+6	3.096	9.52212E+6	
3.098	9.41358E+6	3.098	9.41358E+6	
3.1	9.37903E+6	3.1	9.37903E+6	
3.102	9.20792E+6	3.102	9.20792E+6	
3.104	8.94471E+6	3.104	8.94471E+6	
3.106	8.74622E+6	3.106	8.74622E+6	
3.108	8.75993E+6	3.108	8.75993E+6	
3.11	8.85883E+6	3.11	8.85883E+6	
3.112	9.08784E+6	3.112	9.08784E+6	
3.114	9.28602E+6	3.114	9.28602E+6	
3.116	9.39297E+6	3.116	9.39297E+6	
3.118	9.51055E+6	3.118	9.51055E+6	
3.12	9.51332E+6	3.12	9.51332E+6	
3.122	9.57968E+6	3.122	9.57968E+6	
3.124	9.57146E+6	3.124	9.57146E+6	
3.126	9.59334E+6	3.126	9.59334E+6	
3.128	9.54636E+6	3.128	9.54636E+6	
3.13	9.57074E+6	3.13	9.57074E+6	
3.132	9.58596E+6	3.132	9.58596E+6	
3.134	9.55877E+6	3.134	9.55877E+6	
3.136	9.52546E+6	3.136	9.52546E+6	
3.138	9.53756E+6	3.138	9.53756E+6	
3.14	9.53216E+6	3.14	9.53216E+6	
3.142	9.56529E+6	3.142	9.56529E+6	
3.144	9.55958E+6	3.144	9.55958E+6	
3.146	9.53395E+6	3.146	9.53395E+6	
3.148	9.53537E+6	3.148	9.53537E+6	
3.15	9.54426E+6	3.15	9.54426E+6	
3.152	9.59511E+6	3.152	9.59511E+6	
3.154	9.53983E+6	3.154	9.53983E+6	
3.156	9.52274E+6	3.156	9.52274E+6	
3.158	9.53964E+6	3.158	9.53964E+6	
3.16	9.50931E+6	3.16	9.50931E+6	
3.162	9.52765E+6	3.162	9.52765E+6	
3.164	9.51633E+6	3.164	9.51633E+6	
3.166	9.55378E+6	3.166	9.55378E+6	
3.168	9.5607E+6	3.168	9.5607E+6	
3.17	9.61547E+6	3.17	9.61547E+6	
3.172	9.62999E+6	3.172	9.62999E+6	
3.174	9.76287E+6	3.174	9.76287E+6	
3.176	9.92078E+6	3.176	9.92078E+6	
3.178	1.00066E+7	3.178	1.00066E+7	
3.18	1.00433E+7	3.18	1.00433E+7	
3.182	1.00015E+7	3.182	1.00015E+7	
3.184	9.94493E+6	3.184	9.94493E+6	
3.186	9.81103E+6	3.186	9.81103E+6	
3.188	9.66997E+6	3.188	9.66997E+6	
3.19	9.61399E+6	3.19	9.61399E+6	
3.192	9.5537E+6	3.192	9.5537E+6	
3.194	9.52675E+6	3.194	9.52675E+6	
3.196	9.52583E+6	3.196	9.52583E+6	
3.198	9.52144E+6	3.198	9.52144E+6	
3.2	9.49637E+6	3.2	9.49637E+6	
