-2.4128E+00 	8.1353E+06 	0.0000E+00 	-2.9253E-03 	
-2.3797E+00 	8.1358E+06 	1.0010E-03 	-2.2024E-02 	
-2.3560E+00 	8.1307E+06 	2.0020E-03 	-3.8982E-02 	
-2.3366E+00 	8.1348E+06 	3.0030E-03 	-5.0671E-02 	
-2.3257E+00 	8.1397E+06 	4.0040E-03 	-6.7958E-02 	
-2.3125E+00 	8.1396E+06 	5.0050E-03 	-8.3435E-02 	
-2.3036E+00 	8.1342E+06 	6.0060E-03 	-9.3149E-02 	
-2.2906E+00 	8.1365E+06 	7.0070E-03 	-1.0764E-01 	
-2.2826E+00 	8.1339E+06 	8.0080E-03 	-1.1587E-01 	
-2.2699E+00 	8.1346E+06 	9.0090E-03 	-1.2756E-01 	
-2.2580E+00 	8.1334E+06 	1.0010E-02 	-1.4040E-01 	
-2.2501E+00 	8.1312E+06 	1.1011E-02 	-1.4797E-01 	
-2.2373E+00 	8.1410E+06 	1.2012E-02 	-1.5950E-01 	
-2.2253E+00 	8.1352E+06 	1.3013E-02 	-1.6724E-01 	
-2.2185E+00 	8.1303E+06 	1.4014E-02 	-1.7860E-01 	
-2.2042E+00 	8.1313E+06 	1.5015E-02 	-1.9078E-01 	
-2.1979E+00 	8.1334E+06 	1.6016E-02 	-1.9770E-01 	
-2.1854E+00 	8.1298E+06 	1.7017E-02 	-2.0938E-01 	
-2.1780E+00 	8.1381E+06 	1.8018E-02 	-2.1630E-01 	
-2.1662E+00 	8.1343E+06 	1.9019E-02 	-2.2881E-01 	
-2.1538E+00 	8.1435E+06 	2.0020E-02 	-2.4034E-01 	
-2.1462E+00 	8.1389E+06 	2.1021E-02 	-2.4725E-01 	
-2.1334E+00 	8.1357E+06 	2.2022E-02 	-2.6009E-01 	
-2.1232E+00 	8.1432E+06 	2.3023E-02 	-2.6668E-01 	
-2.1146E+00 	8.1437E+06 	2.4024E-02 	-2.7820E-01 	
-2.1016E+00 	8.1358E+06 	2.5025E-02 	-2.9055E-01 	
-2.0947E+00 	8.1418E+06 	2.6026E-02 	-2.9714E-01 	
-2.0830E+00 	8.1358E+06 	2.7027E-02 	-3.0916E-01 	
-2.0708E+00 	8.1370E+06 	2.8028E-02 	-3.1640E-01 	
-2.0634E+00 	8.1320E+06 	2.9029E-02 	-3.2776E-01 	
-2.0504E+00 	8.1423E+06 	3.0030E-02 	-3.3995E-01 	
-2.0430E+00 	8.1404E+06 	3.1031E-02 	-3.4768E-01 	
-2.0320E+00 	8.1417E+06 	3.2032E-02 	-3.5954E-01 	
-2.0203E+00 	8.1493E+06 	3.3033E-02 	-3.6662E-01 	
-2.0124E+00 	8.1422E+06 	3.4034E-02 	-3.7864E-01 	
-2.0007E+00 	8.1468E+06 	3.5035E-02 	-3.9016E-01 	
-1.9938E+00 	8.1433E+06 	3.6036E-02 	-3.9773E-01 	
-1.9809E+00 	8.1508E+06 	3.7037E-02 	-4.0893E-01 	
-1.9687E+00 	8.1461E+06 	3.8038E-02 	-4.1634E-01 	
-1.9625E+00 	8.1486E+06 	3.9039E-02 	-4.2770E-01 	
-1.9500E+00 	8.1469E+06 	4.0040E-02 	-4.4005E-01 	
-1.9424E+00 	8.1478E+06 	4.1041E-02 	-4.4762E-01 	
-1.9314E+00 	8.1517E+06 	4.2042E-02 	-4.5816E-01 	
-1.9185E+00 	8.1541E+06 	4.3043E-02 	-4.6655E-01 	
-1.9116E+00 	8.1503E+06 	4.4044E-02 	-4.7726E-01 	
-1.8996E+00 	8.1546E+06 	4.5045E-02 	-4.9010E-01 	
-1.8927E+00 	8.1476E+06 	4.6046E-02 	-4.9701E-01 	
-1.8813E+00 	8.1457E+06 	4.7047E-02 	-5.0920E-01 	
-1.8686E+00 	8.1472E+06 	4.8048E-02 	-5.1545E-01 	
-1.8616E+00 	8.1483E+06 	4.9049E-02 	-5.2813E-01 	
-1.8484E+00 	8.1442E+06 	5.0050E-02 	-5.3916E-01 	
-1.8423E+00 	8.1516E+06 	5.1051E-02 	-5.4805E-01 	
-1.8306E+00 	8.1496E+06 	5.2052E-02 	-5.5925E-01 	
-1.8183E+00 	8.1513E+06 	5.3053E-02 	-5.6452E-01 	
-1.8113E+00 	8.1492E+06 	5.4054E-02 	-5.7851E-01 	
-1.8003E+00 	8.1476E+06 	5.5055E-02 	-5.9053E-01 	
-1.7918E+00 	8.1558E+06 	5.6056E-02 	-5.9662E-01 	
-1.7806E+00 	8.1527E+06 	5.7057E-02 	-6.0782E-01 	
-1.7685E+00 	8.1542E+06 	5.8058E-02 	-6.1523E-01 	
-1.7611E+00 	8.1507E+06 	5.9059E-02 	-6.2741E-01 	
-1.7491E+00 	8.1490E+06 	6.0060E-02 	-6.3943E-01 	
-1.7415E+00 	8.1608E+06 	6.1061E-02 	-6.4618E-01 	
-1.7292E+00 	8.1562E+06 	6.2062E-02 	-6.5820E-01 	
-1.7173E+00 	8.1605E+06 	6.3063E-02 	-6.6544E-01 	
-1.7104E+00 	8.1585E+06 	6.4064E-02 	-6.7746E-01 	
-1.6992E+00 	8.1496E+06 	6.5065E-02 	-6.8915E-01 	
-1.6921E+00 	8.1583E+06 	6.6066E-02 	-6.9524E-01 	
-1.6795E+00 	8.1562E+06 	6.7067E-02 	-7.0825E-01 	
-1.6676E+00 	8.1523E+06 	6.8068E-02 	-7.1566E-01 	
-1.6609E+00 	8.1538E+06 	6.9069E-02 	-7.2718E-01 	
-1.6487E+00 	8.1647E+06 	7.0070E-02 	-7.3854E-01 	
-1.6418E+00 	8.1524E+06 	7.1071E-02 	-7.4579E-01 	
-1.6286E+00 	8.1619E+06 	7.2072E-02 	-7.5764E-01 	
-1.6177E+00 	8.1537E+06 	7.3073E-02 	-7.6538E-01 	
-1.6093E+00 	8.1636E+06 	7.4074E-02 	-7.7641E-01 	
-1.5988E+00 	8.1589E+06 	7.5075E-02 	-7.8859E-01 	
-1.5911E+00 	8.1603E+06 	7.6076E-02 	-7.9617E-01 	
-1.5795E+00 	8.1615E+06 	7.7077E-02 	-8.0786E-01 	
-1.5675E+00 	8.1555E+06 	7.8078E-02 	-8.1411E-01 	
-1.5598E+00 	8.1557E+06 	7.9079E-02 	-8.2679E-01 	
-1.5481E+00 	8.1553E+06 	8.0080E-02 	-8.3848E-01 	
-1.5400E+00 	8.1466E+06 	8.1081E-02 	-8.4506E-01 	
-1.5290E+00 	8.1515E+06 	8.2082E-02 	-8.5741E-01 	
-1.5161E+00 	8.1495E+06 	8.3083E-02 	-8.6482E-01 	
-1.5099E+00 	8.1442E+06 	8.4084E-02 	-8.7602E-01 	
-1.4977E+00 	8.1313E+06 	8.5085E-02 	-8.8738E-01 	
-1.4911E+00 	8.1360E+06 	8.6086E-02 	-8.9577E-01 	
-1.4788E+00 	8.1279E+06 	8.7087E-02 	-9.0779E-01 	
-1.4671E+00 	8.1282E+06 	8.8088E-02 	-9.1421E-01 	
-1.4598E+00 	8.1175E+06 	8.9089E-02 	-9.2673E-01 	
-1.4483E+00 	8.1177E+06 	9.0090E-02 	-9.3809E-01 	
-1.4407E+00 	8.1141E+06 	9.1091E-02 	-9.4467E-01 	
-1.4290E+00 	8.1110E+06 	9.2092E-02 	-9.5686E-01 	
-1.4179E+00 	8.1081E+06 	9.3093E-02 	-9.6394E-01 	
-1.4101E+00 	8.1115E+06 	9.4094E-02 	-9.7595E-01 	
-1.3984E+00 	8.1188E+06 	9.5095E-02 	-9.8814E-01 	
-1.3907E+00 	8.1227E+06 	9.6096E-02 	-9.9472E-01 	
-1.3792E+00 	8.1185E+06 	9.7097E-02 	-1.0062E+00 	
-1.3668E+00 	8.1268E+06 	9.8098E-02 	-1.0189E+00 	
-1.3606E+00 	8.1315E+06 	9.9099E-02 	-1.0263E+00 	
-1.3479E+00 	8.1378E+06 	1.0010E-01 	-1.0370E+00 	
-1.3406E+00 	8.1436E+06 	1.0110E-01 	-1.0448E+00 	
-1.3294E+00 	8.1471E+06 	1.0210E-01 	-1.0566E+00 	
-1.3168E+00 	8.1520E+06 	1.0310E-01 	-1.0645E+00 	
-1.3094E+00 	8.1615E+06 	1.0410E-01 	-1.0754E+00 	
-1.2977E+00 	8.1671E+06 	1.0511E-01 	-1.0879E+00 	
-1.2909E+00 	8.1609E+06 	1.0611E-01 	-1.0943E+00 	
-1.2784E+00 	8.1657E+06 	1.0711E-01 	-1.1057E+00 	
-1.2670E+00 	8.1764E+06 	1.0811E-01 	-1.1179E+00 	
-1.2603E+00 	8.1711E+06 	1.0911E-01 	-1.1253E+00 	
-1.2478E+00 	8.1774E+06 	1.1011E-01 	-1.1370E+00 	
-1.2409E+00 	8.1807E+06 	1.1111E-01 	-1.1439E+00 	
-1.2293E+00 	8.1796E+06 	1.1211E-01 	-1.1561E+00 	
-1.2176E+00 	8.1802E+06 	1.1311E-01 	-1.1635E+00 	
-1.2097E+00 	8.1811E+06 	1.1411E-01 	-1.1750E+00 	
-1.1979E+00 	8.1827E+06 	1.1512E-01 	-1.1875E+00 	
-1.1862E+00 	8.1822E+06 	1.1612E-01 	-1.1939E+00 	
-1.1790E+00 	8.1820E+06 	1.1712E-01 	-1.2060E+00 	
-1.1666E+00 	8.1829E+06 	1.1812E-01 	-1.2170E+00 	
-1.1599E+00 	8.1865E+06 	1.1912E-01 	-1.2247E+00 	
-1.1477E+00 	8.1899E+06 	1.2012E-01 	-1.2364E+00 	
-1.1404E+00 	8.1895E+06 	1.2112E-01 	-1.2435E+00 	
-1.1299E+00 	8.1875E+06 	1.2212E-01 	-1.2554E+00 	
-1.1154E+00 	8.1841E+06 	1.2312E-01 	-1.2626E+00 	
-1.1098E+00 	8.1904E+06 	1.2412E-01 	-1.2746E+00 	
-1.0983E+00 	8.1920E+06 	1.2513E-01 	-1.2852E+00 	
-1.0861E+00 	8.1974E+06 	1.2613E-01 	-1.2935E+00 	
-1.0790E+00 	8.1951E+06 	1.2713E-01 	-1.3051E+00 	
-1.0670E+00 	8.1969E+06 	1.2813E-01 	-1.3169E+00 	
-1.0598E+00 	8.1959E+06 	1.2913E-01 	-1.3240E+00 	
-1.0482E+00 	8.1909E+06 	1.3013E-01 	-1.3355E+00 	
-1.0403E+00 	8.1908E+06 	1.3113E-01 	-1.3431E+00 	
-1.0290E+00 	8.1934E+06 	1.3213E-01 	-1.3543E+00 	
-1.0161E+00 	8.1972E+06 	1.3313E-01 	-1.3630E+00 	
-1.0095E+00 	8.1866E+06 	1.3413E-01 	-1.3739E+00 	
-9.9835E-01 	8.1960E+06 	1.3514E-01 	-1.3854E+00 	
-9.8534E-01 	8.1968E+06 	1.3614E-01 	-1.3925E+00 	
-9.7875E-01 	8.1933E+06 	1.3714E-01 	-1.4044E+00 	
-9.6706E-01 	8.1876E+06 	1.3814E-01 	-1.4159E+00 	
-9.5933E-01 	8.1971E+06 	1.3914E-01 	-1.4239E+00 	
-9.4747E-01 	8.1945E+06 	1.4014E-01 	-1.4350E+00 	
-9.4056E-01 	8.2019E+06 	1.4114E-01 	-1.4421E+00 	
-9.2903E-01 	8.1932E+06 	1.4214E-01 	-1.4537E+00 	
-9.1652E-01 	8.1935E+06 	1.4314E-01 	-1.4679E+00 	
-9.0928E-01 	8.1982E+06 	1.4414E-01 	-1.4730E+00 	
-8.9940E-01 	8.1921E+06 	1.4515E-01 	-1.4849E+00 	
-8.8590E-01 	8.2040E+06 	1.4615E-01 	-1.4921E+00 	
-8.7865E-01 	8.1881E+06 	1.4715E-01 	-1.5036E+00 	
-8.6647E-01 	8.1924E+06 	1.4815E-01 	-1.5148E+00 	
-8.5758E-01 	8.1942E+06 	1.4915E-01 	-1.5226E+00 	
-8.4737E-01 	8.1995E+06 	1.5015E-01 	-1.5343E+00 	
-8.3947E-01 	8.1952E+06 	1.5115E-01 	-1.5423E+00 	
-8.2877E-01 	8.1929E+06 	1.5215E-01 	-1.5535E+00 	
-8.1658E-01 	8.2006E+06 	1.5315E-01 	-1.5660E+00 	
-8.0950E-01 	8.1974E+06 	1.5415E-01 	-1.5723E+00 	
-7.9748E-01 	8.2005E+06 	1.5516E-01 	-1.5843E+00 	
-7.8563E-01 	8.1952E+06 	1.5616E-01 	-1.5916E+00 	
-7.7773E-01 	8.1978E+06 	1.5716E-01 	-1.6031E+00 	
-7.6686E-01 	8.1981E+06 	1.5816E-01 	-1.6149E+00 	
-7.5813E-01 	8.1923E+06 	1.5916E-01 	-1.6228E+00 	
-7.4661E-01 	8.1965E+06 	1.6016E-01 	-1.6345E+00 	
-7.3591E-01 	8.2040E+06 	1.6116E-01 	-1.6408E+00 	
-7.2866E-01 	8.1992E+06 	1.6216E-01 	-1.6536E+00 	
-7.1681E-01 	8.1967E+06 	1.6316E-01 	-1.6653E+00 	
-7.0841E-01 	8.2030E+06 	1.6416E-01 	-1.6727E+00 	
-6.9738E-01 	8.1969E+06 	1.6517E-01 	-1.6838E+00 	
-6.8536E-01 	8.1965E+06 	1.6617E-01 	-1.6900E+00 	
-6.7828E-01 	8.2048E+06 	1.6717E-01 	-1.7025E+00 	
-6.6659E-01 	8.2080E+06 	1.6817E-01 	-1.7149E+00 	
-6.5902E-01 	8.2025E+06 	1.6917E-01 	-1.7215E+00 	
-6.4684E-01 	8.1935E+06 	1.7017E-01 	-1.7327E+00 	
-6.3449E-01 	8.2019E+06 	1.7117E-01 	-1.7399E+00 	
-6.2774E-01 	8.2030E+06 	1.7217E-01 	-1.7517E+00 	
-6.1572E-01 	8.2014E+06 	1.7317E-01 	-1.7634E+00 	
-6.0897E-01 	8.1987E+06 	1.7417E-01 	-1.7707E+00 	
-5.9711E-01 	8.1924E+06 	1.7518E-01 	-1.7830E+00 	
-5.8510E-01 	8.1889E+06 	1.7618E-01 	-1.7893E+00 	
-5.7884E-01 	8.1767E+06 	1.7718E-01 	-1.8013E+00 	
-5.6616E-01 	8.1677E+06 	1.7818E-01 	-1.8140E+00 	
-5.5892E-01 	8.1600E+06 	1.7918E-01 	-1.8207E+00 	
-5.4756E-01 	8.1549E+06 	1.8018E-01 	-1.8323E+00 	
-5.3488E-01 	8.1588E+06 	1.8118E-01 	-1.8395E+00 	
-5.2747E-01 	8.1694E+06 	1.8218E-01 	-1.8522E+00 	
-5.1644E-01 	8.1733E+06 	1.8318E-01 	-1.8629E+00 	
-5.0903E-01 	8.1897E+06 	1.8418E-01 	-1.8701E+00 	
-4.9685E-01 	8.1846E+06 	1.8519E-01 	-1.8813E+00 	
-4.8483E-01 	8.1954E+06 	1.8619E-01 	-1.8897E+00 	
-4.7841E-01 	8.1921E+06 	1.8719E-01 	-1.9009E+00 	
-4.6573E-01 	8.1954E+06 	1.8819E-01 	-1.9121E+00 	
-4.5865E-01 	8.1985E+06 	1.8919E-01 	-1.9195E+00 	
-4.4762E-01 	8.1948E+06 	1.9019E-01 	-1.9312E+00 	
-4.3527E-01 	8.2003E+06 	1.9119E-01 	-1.9381E+00 	
-4.2836E-01 	8.1883E+06 	1.9219E-01 	-1.9501E+00 	
-4.1584E-01 	8.1949E+06 	1.9319E-01 	-1.9620E+00 	
-4.0761E-01 	8.1928E+06 	1.9419E-01 	-1.9696E+00 	
-3.9741E-01 	8.1866E+06 	1.9520E-01 	-1.9806E+00 	
-3.8473E-01 	8.1944E+06 	1.9620E-01 	-1.9882E+00 	
-3.7781E-01 	8.1948E+06 	1.9720E-01 	-2.0002E+00 	
-3.6596E-01 	8.1898E+06 	1.9820E-01 	-2.0127E+00 	
-3.5871E-01 	8.1917E+06 	1.9920E-01 	-2.0186E+00 	
-3.4752E-01 	8.1983E+06 	2.0020E-01 	-2.0303E+00 	
-3.3534E-01 	8.1925E+06 	2.0120E-01 	-2.0379E+00 	
-3.2793E-01 	8.1932E+06 	2.0220E-01 	-2.0498E+00 	
-3.1690E-01 	8.1982E+06 	2.0320E-01 	-2.0609E+00 	
-3.0899E-01 	8.1905E+06 	2.0420E-01 	-2.0677E+00 	
-2.9747E-01 	8.1953E+06 	2.0521E-01 	-2.0794E+00 	
-2.8545E-01 	8.1964E+06 	2.0621E-01 	-2.0876E+00 	
-2.7788E-01 	8.1942E+06 	2.0721E-01 	-2.0983E+00 	
-2.6635E-01 	8.1916E+06 	2.0821E-01 	-2.1103E+00 	
-2.5878E-01 	8.1972E+06 	2.0921E-01 	-2.1186E+00 	
-2.4742E-01 	8.1925E+06 	2.1021E-01 	-2.1294E+00 	
-2.3441E-01 	8.1932E+06 	2.1121E-01 	-2.1368E+00 	
-2.2782E-01 	8.1913E+06 	2.1221E-01 	-2.1494E+00 	
-2.1564E-01 	8.1993E+06 	2.1321E-01 	-2.1602E+00 	
-2.0873E-01 	8.1970E+06 	2.1421E-01 	-2.1665E+00 	
-1.9720E-01 	8.1961E+06 	2.1522E-01 	-2.1790E+00 	
-1.9012E-01 	8.2012E+06 	2.1622E-01 	-2.1861E+00 	
-1.7777E-01 	8.1987E+06 	2.1722E-01 	-2.1973E+00 	
-1.6625E-01 	8.1919E+06 	2.1822E-01 	-2.2096E+00 	
-1.5900E-01 	8.1925E+06 	2.1922E-01 	-2.2169E+00 	
-1.4699E-01 	8.1967E+06 	2.2022E-01 	-2.2281E+00 	
-1.3497E-01 	8.1979E+06 	2.2122E-01 	-2.2350E+00 	
-1.2723E-01 	8.2017E+06 	2.2222E-01 	-2.2472E+00 	
-1.1636E-01 	8.1928E+06 	2.2322E-01 	-2.2580E+00 	
-1.0895E-01 	8.1960E+06 	2.2422E-01 	-2.2659E+00 	
-9.6771E-02 	8.1922E+06 	2.2523E-01 	-2.2781E+00 	
-8.4752E-02 	8.1888E+06 	2.2623E-01 	-2.2855E+00 	
-7.7837E-02 	8.1869E+06 	2.2723E-01 	-2.2970E+00 	
-6.6477E-02 	8.1887E+06 	2.2823E-01 	-2.3084E+00 	
-5.9232E-02 	8.1856E+06 	2.2923E-01 	-2.3161E+00 	
-4.7214E-02 	8.1889E+06 	2.3023E-01 	-2.3277E+00 	
-3.4536E-02 	8.1841E+06 	2.3123E-01 	-2.3389E+00 	
-2.7951E-02 	8.1817E+06 	2.3223E-01 	-2.3456E+00 	
-1.5767E-02 	8.1806E+06 	2.3323E-01 	-2.3575E+00 	
-8.8524E-03 	8.1871E+06 	2.3423E-01 	-2.3649E+00 	
3.3310E-03 	8.1738E+06 	2.3524E-01 	-2.3762E+00 	
1.5844E-02 	8.1805E+06 	2.3624E-01 	-2.3841E+00 	
2.2594E-02 	8.1787E+06 	2.3724E-01 	-2.3957E+00 	
3.3790E-02 	8.1778E+06 	2.3824E-01 	-2.4072E+00 	
4.1692E-02 	8.1698E+06 	2.3924E-01 	-2.3720E+00 	
5.3546E-02 	8.1700E+06 	2.4024E-01 	-2.3494E+00 	
6.4907E-02 	8.1608E+06 	2.4124E-01 	-2.3301E+00 	
7.2315E-02 	8.1542E+06 	2.4224E-01 	-2.3199E+00 	
8.3840E-02 	8.1598E+06 	2.4324E-01 	-2.3068E+00 	
9.1578E-02 	8.1546E+06 	2.4424E-01 	-2.2980E+00 	
1.0409E-01 	8.1493E+06 	2.4525E-01 	-2.2845E+00 	
1.1545E-01 	8.1421E+06 	2.4625E-01 	-2.2763E+00 	
1.2286E-01 	8.1342E+06 	2.4725E-01 	-2.2654E+00 	
1.3340E-01 	8.1342E+06 	2.4825E-01 	-2.2516E+00 	
1.4575E-01 	8.1300E+06 	2.4925E-01 	-2.2449E+00 	
1.5332E-01 	8.1278E+06 	2.5025E-01 	-2.2317E+00 	
1.6517E-01 	8.1219E+06 	2.5125E-01 	-2.2200E+00 	
1.7176E-01 	8.1154E+06 	2.5225E-01 	-2.2123E+00 	
1.8542E-01 	8.1197E+06 	2.5325E-01 	-2.1997E+00 	
1.9234E-01 	8.1161E+06 	2.5425E-01 	-2.1927E+00 	
2.0304E-01 	8.1200E+06 	2.5526E-01 	-2.1798E+00 	
2.1456E-01 	8.1210E+06 	2.5626E-01 	-2.1719E+00 	
2.2214E-01 	8.1265E+06 	2.5726E-01 	-2.1611E+00 	
2.3366E-01 	8.1310E+06 	2.5826E-01 	-2.1480E+00 	
2.4601E-01 	8.1383E+06 	2.5926E-01 	-2.1406E+00 	
2.5243E-01 	8.1415E+06 	2.6026E-01 	-2.1288E+00 	
2.6511E-01 	8.1446E+06 	2.6126E-01 	-2.1159E+00 	
2.7219E-01 	8.1488E+06 	2.6226E-01 	-2.1087E+00 	
2.8388E-01 	8.1606E+06 	2.6326E-01 	-2.0973E+00 	
2.9112E-01 	8.1587E+06 	2.6426E-01 	-2.0909E+00 	
3.0380E-01 	8.1536E+06 	2.6527E-01 	-2.0774E+00 	
3.1483E-01 	8.1673E+06 	2.6627E-01 	-2.0652E+00 	
3.2240E-01 	8.1638E+06 	2.6727E-01 	-2.0591E+00 	
3.3541E-01 	8.1738E+06 	2.6827E-01 	-2.0461E+00 	
3.4694E-01 	8.1706E+06 	2.6927E-01 	-2.0386E+00 	
3.5369E-01 	8.1782E+06 	2.7027E-01 	-2.0272E+00 	
3.6620E-01 	8.1717E+06 	2.7127E-01 	-2.0153E+00 	
3.7246E-01 	8.1846E+06 	2.7227E-01 	-2.0078E+00 	
3.8447E-01 	8.1858E+06 	2.7327E-01 	-1.9953E+00 	
3.9155E-01 	8.1823E+06 	2.7427E-01 	-1.9887E+00 	
4.0275E-01 	8.1849E+06 	2.7528E-01 	-1.9762E+00 	
4.1559E-01 	8.1815E+06 	2.7628E-01 	-1.9648E+00 	
4.2465E-01 	8.1799E+06 	2.7728E-01 	-1.9572E+00 	
4.3436E-01 	8.1880E+06 	2.7828E-01 	-1.9459E+00 	
4.4671E-01 	8.1812E+06 	2.7928E-01 	-1.9378E+00 	
4.5346E-01 	8.1843E+06 	2.8028E-01 	-1.9266E+00 	
4.6564E-01 	8.1844E+06 	2.8128E-01 	-1.9138E+00 	
4.7305E-01 	8.1849E+06 	2.8228E-01 	-1.9070E+00 	
4.8458E-01 	8.1904E+06 	2.8328E-01 	-1.8947E+00 	
4.9841E-01 	8.1906E+06 	2.8428E-01 	-1.8876E+00 	
5.0450E-01 	8.1919E+06 	2.8529E-01 	-1.8756E+00 	
5.1503E-01 	8.1899E+06 	2.8629E-01 	-1.8637E+00 	
5.2244E-01 	8.1888E+06 	2.8729E-01 	-1.8573E+00 	
5.3463E-01 	8.1915E+06 	2.8829E-01 	-1.8448E+00 	
5.4664E-01 	8.1926E+06 	2.8929E-01 	-1.8375E+00 	
5.5422E-01 	8.1889E+06 	2.9029E-01 	-1.8270E+00 	
5.6574E-01 	8.1866E+06 	2.9129E-01 	-1.8138E+00 	
5.7266E-01 	8.1868E+06 	2.9229E-01 	-1.8069E+00 	
5.8352E-01 	8.1854E+06 	2.9329E-01 	-1.7960E+00 	
5.9719E-01 	8.1847E+06 	2.9429E-01 	-1.7875E+00 	
6.0312E-01 	8.1834E+06 	2.9530E-01 	-1.7753E+00 	
6.1695E-01 	8.1853E+06 	2.9630E-01 	-1.7628E+00 	
6.2271E-01 	8.1897E+06 	2.9730E-01 	-1.7570E+00 	
6.3456E-01 	8.1861E+06 	2.9830E-01 	-1.7438E+00 	
6.4675E-01 	8.1795E+06 	2.9930E-01 	-1.7374E+00 	
6.5366E-01 	8.1802E+06 	3.0030E-01 	-1.7257E+00 	
6.6601E-01 	8.1840E+06 	3.0130E-01 	-1.7131E+00 	
6.7227E-01 	8.1857E+06 	3.0230E-01 	-1.7058E+00 	
6.8445E-01 	8.1914E+06 	3.0330E-01 	-1.6946E+00 	
6.9663E-01 	8.1801E+06 	3.0430E-01 	-1.6874E+00 	
7.0453E-01 	8.1855E+06 	3.0531E-01 	-1.6745E+00 	
7.1573E-01 	8.1802E+06 	3.0631E-01 	-1.6632E+00 	
7.2248E-01 	8.1879E+06 	3.0731E-01 	-1.6567E+00 	
7.3417E-01 	8.1784E+06 	3.0831E-01 	-1.6447E+00 	
7.4701E-01 	8.1853E+06 	3.0931E-01 	-1.6368E+00 	
7.5376E-01 	8.1835E+06 	3.1031E-01 	-1.6268E+00 	
7.6545E-01 	8.1811E+06 	3.1131E-01 	-1.6130E+00 	
7.7237E-01 	8.1778E+06 	3.1231E-01 	-1.6064E+00 	
7.8521E-01 	8.1785E+06 	3.1331E-01 	-1.5945E+00 	
7.9739E-01 	8.1799E+06 	3.1431E-01 	-1.5868E+00 	
8.0431E-01 	8.1815E+06 	3.1532E-01 	-1.5751E+00 	
8.1501E-01 	8.1788E+06 	3.1632E-01 	-1.5634E+00 	
8.2308E-01 	8.1841E+06 	3.1732E-01 	-1.5557E+00 	
8.3542E-01 	8.1808E+06 	3.1832E-01 	-1.5455E+00 	
8.4728E-01 	8.1829E+06 	3.1932E-01 	-1.5379E+00 	
8.5403E-01 	8.1793E+06 	3.2032E-01 	-1.5252E+00 	
8.6522E-01 	8.1706E+06 	3.2132E-01 	-1.5135E+00 	
8.7280E-01 	8.1641E+06 	3.2232E-01 	-1.5061E+00 	
8.8449E-01 	8.1623E+06 	3.2332E-01 	-1.4946E+00 	
8.9733E-01 	8.1489E+06 	3.2432E-01 	-1.4877E+00 	
9.0260E-01 	8.1480E+06 	3.2533E-01 	-1.4755E+00 	
9.1577E-01 	8.1506E+06 	3.2633E-01 	-1.4635E+00 	
9.2268E-01 	8.1437E+06 	3.2733E-01 	-1.4567E+00 	
9.3421E-01 	8.1580E+06 	3.2833E-01 	-1.4444E+00 	
9.4672E-01 	8.1683E+06 	3.2933E-01 	-1.4371E+00 	
9.5396E-01 	8.1778E+06 	3.3033E-01 	-1.4256E+00 	
9.6598E-01 	8.1834E+06 	3.3133E-01 	-1.4129E+00 	
9.7290E-01 	8.1817E+06 	3.3233E-01 	-1.4057E+00 	
9.8442E-01 	8.1860E+06 	3.3333E-01 	-1.3945E+00 	
9.9677E-01 	8.1909E+06 	3.3433E-01 	-1.3874E+00 	
1.0030E+00 	8.1858E+06 	3.3534E-01 	-1.3752E+00 	
1.0155E+00 	8.1853E+06 	3.3634E-01 	-1.3635E+00 	
1.0205E+00 	8.1919E+06 	3.3734E-01 	-1.3563E+00 	
1.0345E+00 	8.1901E+06 	3.3834E-01 	-1.3452E+00 	
1.0458E+00 	8.1851E+06 	3.3934E-01 	-1.3368E+00 	
1.0536E+00 	8.1842E+06 	3.4034E-01 	-1.3248E+00 	
1.0651E+00 	8.1837E+06 	3.4134E-01 	-1.3135E+00 	
1.0723E+00 	8.1799E+06 	3.4234E-01 	-1.3064E+00 	
1.0837E+00 	8.1850E+06 	3.4334E-01 	-1.2940E+00 	
1.0960E+00 	8.1786E+06 	3.4434E-01 	-1.2866E+00 	
1.1036E+00 	8.1769E+06 	3.4535E-01 	-1.2761E+00 	
1.1156E+00 	8.1821E+06 	3.4635E-01 	-1.2629E+00 	
1.1234E+00 	8.1761E+06 	3.4735E-01 	-1.2568E+00 	
1.1344E+00 	8.1841E+06 	3.4835E-01 	-1.2447E+00 	
1.1468E+00 	8.1774E+06 	3.4935E-01 	-1.2374E+00 	
1.1527E+00 	8.1774E+06 	3.5035E-01 	-1.2260E+00 	
1.1654E+00 	8.1761E+06 	3.5135E-01 	-1.2139E+00 	
1.1728E+00 	8.1761E+06 	3.5235E-01 	-1.2058E+00 	
1.1841E+00 	8.1770E+06 	3.5335E-01 	-1.1941E+00 	
1.1975E+00 	8.1731E+06 	3.5435E-01 	-1.1826E+00 	
1.2036E+00 	8.1780E+06 	3.5536E-01 	-1.1753E+00 	
1.2149E+00 	8.1817E+06 	3.5636E-01 	-1.1636E+00 	
1.2225E+00 	8.1764E+06 	3.5736E-01 	-1.1562E+00 	
1.2345E+00 	8.1762E+06 	3.5836E-01 	-1.1444E+00 	
1.2464E+00 	8.1779E+06 	3.5936E-01 	-1.1371E+00 	
1.2534E+00 	8.1735E+06 	3.6036E-01 	-1.1259E+00 	
1.2656E+00 	8.1788E+06 	3.6136E-01 	-1.1138E+00 	
1.2734E+00 	8.1770E+06 	3.6236E-01 	-1.1067E+00 	
1.2842E+00 	8.1748E+06 	3.6336E-01 	-1.0945E+00 	
1.2963E+00 	8.1746E+06 	3.6436E-01 	-1.0823E+00 	
1.3032E+00 	8.1788E+06 	3.6537E-01 	-1.0759E+00 	
1.3150E+00 	8.1783E+06 	3.6637E-01 	-1.0640E+00 	
1.3231E+00 	8.1732E+06 	3.6737E-01 	-1.0563E+00 	
1.3346E+00 	8.1775E+06 	3.6837E-01 	-1.0448E+00 	
1.3466E+00 	8.1684E+06 	3.6937E-01 	-1.0372E+00 	
1.3539E+00 	8.1734E+06 	3.7037E-01 	-1.0255E+00 	
1.3656E+00 	8.1700E+06 	3.7137E-01 	-1.0138E+00 	
1.3776E+00 	8.1744E+06 	3.7237E-01 	-1.0067E+00 	
1.3848E+00 	8.1717E+06 	3.7337E-01 	-9.9456E-01 	
1.3965E+00 	8.1758E+06 	3.7437E-01 	-9.8320E-01 	
1.4038E+00 	8.1688E+06 	3.7538E-01 	-9.7579E-01 	
1.4153E+00 	8.1655E+06 	3.7638E-01 	-9.6377E-01 	
1.4220E+00 	8.1734E+06 	3.7738E-01 	-9.5719E-01 	
1.4344E+00 	8.1700E+06 	3.7838E-01 	-9.4517E-01 	
1.4457E+00 	8.1688E+06 	3.7938E-01 	-9.3776E-01 	
1.4540E+00 	8.1714E+06 	3.8038E-01 	-9.2640E-01 	
1.4650E+00 	8.1645E+06 	3.8138E-01 	-9.1405E-01 	
1.4770E+00 	8.1654E+06 	3.8238E-01 	-9.0631E-01 	
1.4838E+00 	8.1638E+06 	3.8338E-01 	-8.9495E-01 	
1.4951E+00 	8.1657E+06 	3.8438E-01 	-8.8343E-01 	
1.5032E+00 	8.1697E+06 	3.8539E-01 	-8.7585E-01 	
1.5146E+00 	8.1671E+06 	3.8639E-01 	-8.6400E-01 	
1.5223E+00 	8.1625E+06 	3.8739E-01 	-8.5692E-01 	
1.5343E+00 	8.1694E+06 	3.8839E-01 	-8.4441E-01 	
1.5462E+00 	8.1619E+06 	3.8939E-01 	-8.3799E-01 	
1.5531E+00 	8.1650E+06 	3.9039E-01 	-8.2564E-01 	
1.5654E+00 	8.1543E+06 	3.9139E-01 	-8.1411E-01 	
1.5770E+00 	8.1511E+06 	3.9239E-01 	-8.0703E-01 	
1.5844E+00 	8.1544E+06 	3.9339E-01 	-7.9518E-01 	
1.5951E+00 	8.1667E+06 	3.9439E-01 	-7.8382E-01 	
1.6028E+00 	8.1511E+06 	3.9540E-01 	-7.7624E-01 	
1.6145E+00 	8.1555E+06 	3.9640E-01 	-7.6472E-01 	
1.6217E+00 	8.1474E+06 	3.9740E-01 	-7.5715E-01 	
1.6344E+00 	8.1449E+06 	3.9840E-01 	-7.4562E-01 	
1.6450E+00 	8.1419E+06 	3.9940E-01 	-7.3294E-01 	
1.6527E+00 	8.1429E+06 	4.0040E-01 	-7.2586E-01 	
1.6644E+00 	8.1382E+06 	4.0140E-01 	-7.1467E-01 	
1.6771E+00 	8.1296E+06 	4.0240E-01 	-7.0710E-01 	
1.6841E+00 	8.1164E+06 	4.0340E-01 	-6.9475E-01 	
1.6960E+00 	8.1245E+06 	4.0440E-01 	-6.8306E-01 	
1.7036E+00 	8.1119E+06 	4.0541E-01 	-6.7614E-01 	
1.7144E+00 	8.1088E+06 	4.0641E-01 	-6.6379E-01 	
1.7220E+00 	8.1086E+06 	4.0741E-01 	-6.5688E-01 	
1.7330E+00 	8.1050E+06 	4.0841E-01 	-6.4552E-01 	
1.7441E+00 	8.1013E+06 	4.0941E-01 	-6.3284E-01 	
1.7521E+00 	8.1010E+06 	4.1041E-01 	-6.2527E-01 	
1.7646E+00 	8.0975E+06 	4.1141E-01 	-6.1473E-01 	
1.7765E+00 	8.0950E+06 	4.1241E-01 	-6.0650E-01 	
1.7831E+00 	8.0999E+06 	4.1341E-01 	-5.9497E-01 	
1.7956E+00 	8.1049E+06 	4.1441E-01 	-5.8361E-01 	
1.8022E+00 	8.1042E+06 	4.1542E-01 	-5.7571E-01 	
1.8135E+00 	8.1162E+06 	4.1642E-01 	-5.6517E-01 	
1.8275E+00 	8.1196E+06 	4.1742E-01 	-5.5645E-01 	
1.8331E+00 	8.1282E+06 	4.1842E-01 	-5.4558E-01 	
1.8447E+00 	8.1289E+06 	4.1942E-01 	-5.3241E-01 	
1.8514E+00 	8.1305E+06 	4.2042E-01 	-5.2632E-01 	
1.8647E+00 	8.1355E+06 	4.2142E-01 	-5.1463E-01 	
1.8755E+00 	8.1393E+06 	4.2242E-01 	-5.0722E-01 	
1.8822E+00 	8.1368E+06 	4.2342E-01 	-4.9570E-01 	
1.8950E+00 	8.1417E+06 	4.2442E-01 	-4.8351E-01 	
1.9015E+00 	8.1396E+06 	4.2543E-01 	-4.7610E-01 	
1.9135E+00 	8.1386E+06 	4.2643E-01 	-4.6458E-01 	
1.9257E+00 	8.1401E+06 	4.2743E-01 	-4.5733E-01 	
1.9326E+00 	8.1463E+06 	4.2843E-01 	-4.4597E-01 	
1.9444E+00 	8.1414E+06 	4.2943E-01 	-4.3330E-01 	
1.9507E+00 	8.1378E+06 	4.3043E-01 	-4.2704E-01 	
1.9635E+00 	8.1403E+06 	4.3143E-01 	-4.1519E-01 	
1.9756E+00 	8.1438E+06 	4.3243E-01 	-4.0745E-01 	
1.9818E+00 	8.1386E+06 	4.3343E-01 	-3.9543E-01 	
1.9938E+00 	8.1431E+06 	4.3443E-01 	-3.8358E-01 	
2.0012E+00 	8.1387E+06 	4.3544E-01 	-3.7682E-01 	
2.0129E+00 	8.1372E+06 	4.3644E-01 	-3.6464E-01 	
2.0244E+00 	8.1459E+06 	4.3744E-01 	-3.5756E-01 	
2.0324E+00 	8.1410E+06 	4.3844E-01 	-3.4521E-01 	
2.0447E+00 	8.1322E+06 	4.3944E-01 	-3.3402E-01 	
2.0523E+00 	8.1374E+06 	4.4044E-01 	-3.2677E-01 	
2.0631E+00 	8.1306E+06 	4.4144E-01 	-3.1393E-01 	
2.0745E+00 	8.1411E+06 	4.4244E-01 	-3.0817E-01 	
2.0819E+00 	8.1366E+06 	4.4344E-01 	-2.9566E-01 	
2.0941E+00 	8.1343E+06 	4.4444E-01 	-2.8446E-01 	
2.1017E+00 	8.1358E+06 	4.4545E-01 	-2.7722E-01 	
2.1115E+00 	8.1353E+06 	4.4645E-01 	-2.6487E-01 	
2.1259E+00 	8.1328E+06 	4.4745E-01 	-2.5730E-01 	
2.1326E+00 	8.1409E+06 	4.4845E-01 	-2.4626E-01 	
2.1440E+00 	8.1351E+06 	4.4945E-01 	-2.3458E-01 	
2.1509E+00 	8.1282E+06 	4.5045E-01 	-2.2684E-01 	
2.1629E+00 	8.1254E+06 	4.5145E-01 	-2.1548E-01 	
2.1751E+00 	8.1247E+06 	4.5245E-01 	-2.0790E-01 	
2.1814E+00 	8.1321E+06 	4.5345E-01 	-1.9605E-01 	
2.1944E+00 	8.1313E+06 	4.5445E-01 	-1.8387E-01 	
2.2009E+00 	8.1301E+06 	4.5546E-01 	-1.7662E-01 	
2.2120E+00 	8.1257E+06 	4.5646E-01 	-1.6625E-01 	
2.2247E+00 	8.1267E+06 	4.5746E-01 	-1.5785E-01 	
2.2317E+00 	8.1240E+06 	4.5846E-01 	-1.4649E-01 	
2.2426E+00 	8.1271E+06 	4.5946E-01 	-1.3398E-01 	
2.2498E+00 	8.1208E+06 	4.6046E-01 	-1.2706E-01 	
2.2625E+00 	8.1213E+06 	4.6146E-01 	-1.1554E-01 	
2.2749E+00 	8.1225E+06 	4.6246E-01 	-1.0780E-01 	
2.2816E+00 	8.1337E+06 	4.6346E-01 	-9.6112E-02 	
2.2935E+00 	8.1243E+06 	4.6446E-01 	-8.4423E-02 	
2.2996E+00 	8.1182E+06 	4.6547E-01 	-7.7508E-02 	
2.3124E+00 	8.1212E+06 	4.6647E-01 	-6.6312E-02 	
2.3238E+00 	8.1208E+06 	4.6747E-01 	-5.8739E-02 	
2.3317E+00 	8.1189E+06 	4.6847E-01 	-4.6720E-02 	
2.3427E+00 	8.1205E+06 	4.6947E-01 	-3.6018E-02 	
2.3503E+00 	8.1160E+06 	4.7047E-01 	-2.7621E-02 	
2.3613E+00 	8.1225E+06 	4.7147E-01 	-1.5438E-02 	
2.3745E+00 	8.1173E+06 	4.7247E-01 	-8.5231E-03 	
2.3806E+00 	8.1182E+06 	4.7347E-01 	3.6603E-03 	
2.3918E+00 	8.1163E+06 	4.7447E-01 	1.5350E-02 	
2.3988E+00 	8.1209E+06 	4.7548E-01 	2.2429E-02 	
