0.0000E+00 	4.5453E+06 	
1.0051E-05 	4.9784E+06 	
2.0101E-05 	5.0122E+06 	
3.0152E-05 	5.0317E+06 	
4.0202E-05 	5.0375E+06 	
5.0253E-05 	5.0291E+06 	
6.0303E-05 	5.0271E+06 	
7.0354E-05 	5.0292E+06 	
8.0404E-05 	5.0317E+06 	
9.0455E-05 	5.0236E+06 	
1.0051E-04 	5.0239E+06 	
1.1056E-04 	5.0100E+06 	
1.2061E-04 	4.9990E+06 	
1.3066E-04 	4.9963E+06 	
1.4071E-04 	5.0064E+06 	
1.5076E-04 	5.0095E+06 	
1.6081E-04 	5.0034E+06 	
1.7086E-04 	5.0043E+06 	
1.8091E-04 	4.9995E+06 	
1.9096E-04 	5.0084E+06 	
2.0101E-04 	5.0043E+06 	
2.1106E-04 	4.9967E+06 	
2.2111E-04 	4.9984E+06 	
2.3116E-04 	4.9925E+06 	
2.4121E-04 	4.9965E+06 	
2.5126E-04 	4.9958E+06 	
2.6131E-04 	5.0018E+06 	
2.7136E-04 	4.9941E+06 	
2.8141E-04 	4.9982E+06 	
2.9146E-04 	4.9873E+06 	
3.0152E-04 	4.9882E+06 	
3.1157E-04 	4.9797E+06 	
3.2162E-04 	4.9870E+06 	
3.3167E-04 	4.9911E+06 	
3.4172E-04 	4.9819E+06 	
3.5177E-04 	4.9807E+06 	
3.6182E-04 	4.9841E+06 	
3.7187E-04 	4.9860E+06 	
3.8192E-04 	4.9815E+06 	
3.9197E-04 	4.9779E+06 	
4.0202E-04 	4.9797E+06 	
4.1207E-04 	4.9797E+06 	
4.2212E-04 	4.9778E+06 	
4.3217E-04 	4.9877E+06 	
4.4222E-04 	4.9755E+06 	
4.5227E-04 	4.9740E+06 	
4.6232E-04 	4.9716E+06 	
4.7237E-04 	4.9824E+06 	
4.8242E-04 	4.9750E+06 	
4.9247E-04 	4.9646E+06 	
5.0253E-04 	4.9800E+06 	
5.1258E-04 	4.9749E+06 	
5.2263E-04 	4.9772E+06 	
5.3268E-04 	4.9779E+06 	
5.4273E-04 	4.9700E+06 	
5.5278E-04 	4.9709E+06 	
5.6283E-04 	4.9771E+06 	
5.7288E-04 	4.9646E+06 	
5.8293E-04 	4.9736E+06 	
5.9298E-04 	4.9544E+06 	
6.0303E-04 	4.9727E+06 	
6.1308E-04 	4.9728E+06 	
6.2313E-04 	4.9670E+06 	
6.3318E-04 	4.9799E+06 	
6.4323E-04 	4.9704E+06 	
6.5328E-04 	4.9649E+06 	
6.6333E-04 	4.9701E+06 	
6.7338E-04 	4.9719E+06 	
6.8343E-04 	4.9718E+06 	
6.9348E-04 	4.9649E+06 	
7.0354E-04 	4.9703E+06 	
7.1359E-04 	4.9619E+06 	
7.2364E-04 	4.9707E+06 	
7.3369E-04 	4.9637E+06 	
7.4374E-04 	4.9648E+06 	
7.5379E-04 	4.9714E+06 	
7.6384E-04 	4.9655E+06 	
7.7389E-04 	4.9718E+06 	
7.8394E-04 	4.9733E+06 	
7.9399E-04 	4.9607E+06 	
8.0404E-04 	4.9654E+06 	
8.1409E-04 	4.9704E+06 	
8.2414E-04 	4.9642E+06 	
8.3419E-04 	4.9639E+06 	
8.4424E-04 	4.9684E+06 	
8.5429E-04 	4.9673E+06 	
8.6434E-04 	4.9665E+06 	
8.7439E-04 	4.9665E+06 	
8.8444E-04 	4.9636E+06 	
8.9449E-04 	4.9643E+06 	
9.0455E-04 	4.9554E+06 	
9.1460E-04 	4.9711E+06 	
9.2465E-04 	4.9591E+06 	
9.3470E-04 	4.9681E+06 	
9.4475E-04 	4.9605E+06 	
9.5480E-04 	4.9745E+06 	
9.6485E-04 	4.9612E+06 	
9.7490E-04 	4.9657E+06 	
9.8495E-04 	4.9670E+06 	
9.9500E-04 	4.9561E+06 	
1.0051E-03 	4.9694E+06 	
1.0151E-03 	4.9636E+06 	
1.0252E-03 	4.9643E+06 	
1.0352E-03 	4.9661E+06 	
1.0453E-03 	4.9633E+06 	
1.0553E-03 	4.9569E+06 	
1.0654E-03 	4.9563E+06 	
1.0754E-03 	4.9616E+06 	
1.0855E-03 	4.9625E+06 	
1.0955E-03 	4.9649E+06 	
1.1056E-03 	4.9571E+06 	
1.1156E-03 	4.9635E+06 	
1.1257E-03 	4.9582E+06 	
1.1357E-03 	4.9572E+06 	
1.1458E-03 	4.9591E+06 	
1.1558E-03 	4.9650E+06 	
1.1659E-03 	4.9727E+06 	
1.1759E-03 	4.9686E+06 	
1.1860E-03 	4.9657E+06 	
1.1960E-03 	4.9556E+06 	
1.2061E-03 	4.9678E+06 	
1.2161E-03 	4.9668E+06 	
1.2262E-03 	4.9671E+06 	
1.2362E-03 	4.9620E+06 	
1.2463E-03 	4.9640E+06 	
1.2563E-03 	4.9619E+06 	
1.2664E-03 	4.9618E+06 	
1.2764E-03 	4.9725E+06 	
1.2865E-03 	4.9588E+06 	
1.2965E-03 	4.9626E+06 	
1.3066E-03 	4.9585E+06 	
1.3166E-03 	4.9596E+06 	
1.3267E-03 	4.9695E+06 	
1.3367E-03 	4.9680E+06 	
1.3468E-03 	4.9613E+06 	
1.3568E-03 	4.9593E+06 	
1.3669E-03 	4.9687E+06 	
1.3769E-03 	4.9606E+06 	
1.3870E-03 	4.9605E+06 	
1.3970E-03 	4.9591E+06 	
1.4071E-03 	4.9638E+06 	
1.4171E-03 	4.9627E+06 	
1.4272E-03 	4.9636E+06 	
1.4372E-03 	4.9615E+06 	
1.4473E-03 	4.9616E+06 	
1.4573E-03 	4.9598E+06 	
1.4674E-03 	4.9665E+06 	
1.4774E-03 	4.9508E+06 	
1.4875E-03 	4.9672E+06 	
1.4975E-03 	4.9619E+06 	
1.5076E-03 	4.9580E+06 	
1.5176E-03 	4.9691E+06 	
1.5277E-03 	4.9574E+06 	
1.5377E-03 	4.9640E+06 	
1.5478E-03 	4.9655E+06 	
1.5578E-03 	4.9663E+06 	
1.5679E-03 	4.9683E+06 	
1.5779E-03 	4.9670E+06 	
1.5880E-03 	4.9702E+06 	
1.5980E-03 	4.9629E+06 	
1.6081E-03 	4.9582E+06 	
1.6181E-03 	4.9669E+06 	
1.6282E-03 	4.9580E+06 	
1.6382E-03 	4.9612E+06 	
1.6483E-03 	4.9642E+06 	
1.6583E-03 	4.9540E+06 	
1.6684E-03 	4.9660E+06 	
1.6784E-03 	4.9608E+06 	
1.6885E-03 	4.9561E+06 	
1.6985E-03 	4.9618E+06 	
1.7086E-03 	4.9590E+06 	
1.7186E-03 	4.9641E+06 	
1.7287E-03 	4.9618E+06 	
1.7387E-03 	4.9596E+06 	
1.7488E-03 	4.9683E+06 	
1.7588E-03 	4.9660E+06 	
1.7689E-03 	4.9585E+06 	
1.7789E-03 	4.9593E+06 	
1.7890E-03 	4.9593E+06 	
1.7990E-03 	4.9631E+06 	
1.8091E-03 	4.9582E+06 	
1.8191E-03 	4.9552E+06 	
1.8292E-03 	4.9561E+06 	
1.8392E-03 	4.9619E+06 	
1.8493E-03 	4.9603E+06 	
1.8593E-03 	4.9637E+06 	
1.8694E-03 	4.9631E+06 	
1.8794E-03 	4.9581E+06 	
1.8895E-03 	4.9621E+06 	
1.8995E-03 	4.9538E+06 	
1.9096E-03 	4.9585E+06 	
1.9196E-03 	4.9607E+06 	
1.9297E-03 	4.9644E+06 	
1.9397E-03 	4.9658E+06 	
1.9498E-03 	4.9572E+06 	
1.9598E-03 	4.9621E+06 	
1.9699E-03 	4.9662E+06 	
1.9799E-03 	4.9490E+06 	
1.9900E-03 	4.9664E+06 	
