2.8500E+00 	4.0375E+06 	
2.8500E+00 	4.0384E+06 	
2.8501E+00 	4.0391E+06 	
2.8501E+00 	4.0392E+06 	
2.8501E+00 	4.0394E+06 	
2.8502E+00 	4.0377E+06 	
2.8502E+00 	4.0382E+06 	
2.8502E+00 	4.0385E+06 	
2.8503E+00 	4.0390E+06 	
2.8503E+00 	4.0385E+06 	
2.8503E+00 	4.0379E+06 	
2.8504E+00 	4.0385E+06 	
2.8504E+00 	4.0386E+06 	
2.8504E+00 	4.0382E+06 	
2.8505E+00 	4.0375E+06 	
2.8505E+00 	4.0388E+06 	
2.8505E+00 	4.0382E+06 	
2.8506E+00 	4.0379E+06 	
2.8506E+00 	4.0372E+06 	
2.8506E+00 	4.0369E+06 	
2.8507E+00 	4.0374E+06 	
2.8507E+00 	4.0375E+06 	
2.8507E+00 	4.0371E+06 	
2.8508E+00 	4.0373E+06 	
2.8508E+00 	4.0371E+06 	
2.8508E+00 	4.0373E+06 	
2.8509E+00 	4.0371E+06 	
2.8509E+00 	4.0374E+06 	
2.8509E+00 	4.0371E+06 	
2.8510E+00 	4.0375E+06 	
2.8510E+00 	4.0370E+06 	
2.8510E+00 	4.0370E+06 	
2.8511E+00 	4.0369E+06 	
2.8511E+00 	4.0374E+06 	
2.8511E+00 	4.0372E+06 	
2.8512E+00 	4.0366E+06 	
2.8512E+00 	4.0370E+06 	
2.8512E+00 	4.0365E+06 	
2.8513E+00 	4.0360E+06 	
2.8513E+00 	4.0366E+06 	
2.8513E+00 	4.0369E+06 	
2.8514E+00 	4.0367E+06 	
2.8514E+00 	4.0362E+06 	
2.8514E+00 	4.0363E+06 	
2.8515E+00 	4.0353E+06 	
2.8515E+00 	4.0346E+06 	
2.8515E+00 	4.0344E+06 	
2.8516E+00 	4.0349E+06 	
2.8516E+00 	4.0355E+06 	
2.8516E+00 	4.0349E+06 	
2.8517E+00 	4.0345E+06 	
2.8517E+00 	4.0336E+06 	
2.8517E+00 	4.0335E+06 	
2.8518E+00 	4.0334E+06 	
2.8518E+00 	4.0340E+06 	
2.8518E+00 	4.0330E+06 	
2.8519E+00 	4.0324E+06 	
2.8519E+00 	4.0328E+06 	
2.8519E+00 	4.0320E+06 	
2.8520E+00 	4.0312E+06 	
2.8520E+00 	4.0303E+06 	
2.8520E+00 	4.0305E+06 	
2.8521E+00 	4.0304E+06 	
2.8521E+00 	4.0296E+06 	
2.8521E+00 	4.0291E+06 	
2.8522E+00 	4.0287E+06 	
2.8522E+00 	4.0277E+06 	
2.8522E+00 	4.0277E+06 	
2.8523E+00 	4.0259E+06 	
2.8523E+00 	4.0254E+06 	
2.8523E+00 	4.0245E+06 	
2.8524E+00 	4.0232E+06 	
2.8524E+00 	4.0221E+06 	
2.8524E+00 	4.0209E+06 	
2.8525E+00 	4.0209E+06 	
2.8525E+00 	4.0194E+06 	
2.8525E+00 	4.0187E+06 	
2.8526E+00 	4.0162E+06 	
2.8526E+00 	4.0164E+06 	
2.8526E+00 	4.0166E+06 	
2.8527E+00 	4.0155E+06 	
2.8527E+00 	4.0161E+06 	
2.8527E+00 	4.0158E+06 	
2.8528E+00 	4.0170E+06 	
2.8528E+00 	4.0172E+06 	
2.8528E+00 	4.0190E+06 	
2.8529E+00 	4.0193E+06 	
2.8529E+00 	4.0207E+06 	
2.8529E+00 	4.0205E+06 	
2.8530E+00 	4.0230E+06 	
2.8530E+00 	4.0234E+06 	
2.8530E+00 	4.0244E+06 	
2.8531E+00 	4.0250E+06 	
2.8531E+00 	4.0258E+06 	
2.8531E+00 	4.0265E+06 	
2.8532E+00 	4.0267E+06 	
2.8532E+00 	4.0274E+06 	
2.8532E+00 	4.0294E+06 	
2.8533E+00 	4.0291E+06 	
2.8533E+00 	4.0288E+06 	
2.8533E+00 	4.0298E+06 	
2.8534E+00 	4.0304E+06 	
2.8534E+00 	4.0313E+06 	
2.8534E+00 	4.0308E+06 	
2.8535E+00 	4.0313E+06 	
2.8535E+00 	4.0319E+06 	
2.8535E+00 	4.0311E+06 	
2.8536E+00 	4.0335E+06 	
2.8536E+00 	4.0316E+06 	
2.8536E+00 	4.0326E+06 	
2.8537E+00 	4.0330E+06 	
2.8537E+00 	4.0322E+06 	
2.8537E+00 	4.0327E+06 	
2.8538E+00 	4.0323E+06 	
2.8538E+00 	4.0321E+06 	
2.8538E+00 	4.0333E+06 	
2.8539E+00 	4.0333E+06 	
2.8539E+00 	4.0320E+06 	
2.8539E+00 	4.0328E+06 	
2.8540E+00 	4.0319E+06 	
2.8540E+00 	4.0321E+06 	
2.8540E+00 	4.0325E+06 	
2.8541E+00 	4.0321E+06 	
2.8541E+00 	4.0308E+06 	
2.8541E+00 	4.0313E+06 	
2.8542E+00 	4.0309E+06 	
2.8542E+00 	4.0305E+06 	
2.8542E+00 	4.0294E+06 	
2.8543E+00 	4.0292E+06 	
2.8543E+00 	4.0289E+06 	
2.8543E+00 	4.0276E+06 	
2.8544E+00 	4.0279E+06 	
2.8544E+00 	4.0262E+06 	
2.8544E+00 	4.0260E+06 	
2.8545E+00 	4.0240E+06 	
2.8545E+00 	4.0242E+06 	
2.8545E+00 	4.0227E+06 	
2.8546E+00 	4.0226E+06 	
2.8546E+00 	4.0214E+06 	
2.8546E+00 	4.0197E+06 	
2.8547E+00 	4.0198E+06 	
2.8547E+00 	4.0182E+06 	
2.8547E+00 	4.0175E+06 	
2.8548E+00 	4.0176E+06 	
2.8548E+00 	4.0166E+06 	
2.8548E+00 	4.0173E+06 	
2.8549E+00 	4.0168E+06 	
2.8549E+00 	4.0187E+06 	
2.8549E+00 	4.0186E+06 	
2.8550E+00 	4.0206E+06 	
2.8550E+00 	4.0206E+06 	
2.8550E+00 	4.0213E+06 	
2.8551E+00 	4.0228E+06 	
2.8551E+00 	4.0244E+06 	
2.8551E+00 	4.0253E+06 	
2.8552E+00 	4.0250E+06 	
2.8552E+00 	4.0251E+06 	
2.8552E+00 	4.0269E+06 	
2.8553E+00 	4.0274E+06 	
2.8553E+00 	4.0275E+06 	
2.8553E+00 	4.0287E+06 	
2.8554E+00 	4.0293E+06 	
2.8554E+00 	4.0297E+06 	
2.8554E+00 	4.0302E+06 	
2.8555E+00 	4.0303E+06 	
2.8555E+00 	4.0315E+06 	
2.8555E+00 	4.0322E+06 	
2.8556E+00 	4.0317E+06 	
2.8556E+00 	4.0321E+06 	
2.8556E+00 	4.0326E+06 	
2.8557E+00 	4.0325E+06 	
2.8557E+00 	4.0329E+06 	
2.8557E+00 	4.0332E+06 	
2.8558E+00 	4.0348E+06 	
2.8558E+00 	4.0328E+06 	
2.8558E+00 	4.0337E+06 	
2.8559E+00 	4.0339E+06 	
2.8559E+00 	4.0337E+06 	
2.8559E+00 	4.0341E+06 	
2.8560E+00 	4.0327E+06 	
2.8560E+00 	4.0336E+06 	
2.8560E+00 	4.0331E+06 	
2.8561E+00 	4.0339E+06 	
2.8561E+00 	4.0335E+06 	
2.8561E+00 	4.0319E+06 	
2.8562E+00 	4.0325E+06 	
2.8562E+00 	4.0327E+06 	
2.8562E+00 	4.0321E+06 	
2.8563E+00 	4.0315E+06 	
2.8563E+00 	4.0318E+06 	
2.8563E+00 	4.0310E+06 	
2.8564E+00 	4.0302E+06 	
2.8564E+00 	4.0306E+06 	
2.8564E+00 	4.0293E+06 	
2.8565E+00 	4.0289E+06 	
2.8565E+00 	4.0286E+06 	
2.8565E+00 	4.0281E+06 	
2.8566E+00 	4.0270E+06 	
2.8566E+00 	4.0264E+06 	
2.8566E+00 	4.0251E+06 	
2.8567E+00 	4.0244E+06 	
2.8567E+00 	4.0231E+06 	
2.8567E+00 	4.0217E+06 	
2.8568E+00 	4.0224E+06 	
2.8568E+00 	4.0201E+06 	
2.8568E+00 	4.0193E+06 	
2.8569E+00 	4.0184E+06 	
2.8569E+00 	4.0188E+06 	
2.8569E+00 	4.0186E+06 	
2.8570E+00 	4.0175E+06 	
2.8570E+00 	4.0184E+06 	
2.8570E+00 	4.0191E+06 	
2.8571E+00 	4.0209E+06 	
2.8571E+00 	4.0207E+06 	
2.8571E+00 	4.0223E+06 	
2.8572E+00 	4.0228E+06 	
2.8572E+00 	4.0248E+06 	
2.8572E+00 	4.0255E+06 	
2.8573E+00 	4.0261E+06 	
2.8573E+00 	4.0285E+06 	
2.8573E+00 	4.0265E+06 	
2.8574E+00 	4.0279E+06 	
2.8574E+00 	4.0344E+06 	
2.8574E+00 	4.0307E+06 	
2.8575E+00 	4.0305E+06 	
2.8575E+00 	4.0310E+06 	
2.8575E+00 	4.0318E+06 	
2.8576E+00 	4.0324E+06 	
2.8576E+00 	4.0329E+06 	
2.8576E+00 	4.0331E+06 	
2.8577E+00 	4.0337E+06 	
2.8577E+00 	4.0342E+06 	
2.8577E+00 	4.0341E+06 	
2.8578E+00 	4.0343E+06 	
2.8578E+00 	4.0352E+06 	
2.8578E+00 	4.0351E+06 	
2.8579E+00 	4.0357E+06 	
2.8579E+00 	4.0356E+06 	
2.8579E+00 	4.0358E+06 	
2.8580E+00 	4.0359E+06 	
2.8580E+00 	4.0369E+06 	
2.8580E+00 	4.0368E+06 	
2.8581E+00 	4.0366E+06 	
2.8581E+00 	4.0365E+06 	
2.8581E+00 	4.0379E+06 	
2.8582E+00 	4.0368E+06 	
2.8582E+00 	4.0368E+06 	
2.8582E+00 	4.0375E+06 	
2.8583E+00 	4.0370E+06 	
2.8583E+00 	4.0374E+06 	
2.8583E+00 	4.0376E+06 	
2.8584E+00 	4.0370E+06 	
2.8584E+00 	4.0380E+06 	
2.8584E+00 	4.0375E+06 	
2.8585E+00 	4.0375E+06 	
2.8585E+00 	4.0379E+06 	
2.8585E+00 	4.0377E+06 	
2.8586E+00 	4.0382E+06 	
2.8586E+00 	4.0373E+06 	
2.8586E+00 	4.0380E+06 	
2.8587E+00 	4.0382E+06 	
2.8587E+00 	4.0377E+06 	
2.8587E+00 	4.0368E+06 	
2.8588E+00 	4.0377E+06 	
2.8588E+00 	4.0372E+06 	
2.8588E+00 	4.0380E+06 	
2.8589E+00 	4.0380E+06 	
2.8589E+00 	4.0382E+06 	
2.8589E+00 	4.0374E+06 	
2.8590E+00 	4.0387E+06 	
2.8590E+00 	4.0382E+06 	
2.8590E+00 	4.0384E+06 	
2.8591E+00 	4.0377E+06 	
2.8591E+00 	4.0386E+06 	
2.8591E+00 	4.0384E+06 	
2.8592E+00 	4.0379E+06 	
2.8592E+00 	4.0381E+06 	
2.8592E+00 	4.0389E+06 	
2.8593E+00 	4.0384E+06 	
2.8593E+00 	4.0385E+06 	
2.8593E+00 	4.0389E+06 	
2.8594E+00 	4.0392E+06 	
2.8594E+00 	4.0381E+06 	
2.8594E+00 	4.0386E+06 	
2.8595E+00 	4.0392E+06 	
2.8595E+00 	4.0390E+06 	
2.8595E+00 	4.0381E+06 	
2.8596E+00 	4.0391E+06 	
2.8596E+00 	4.0383E+06 	
2.8596E+00 	4.0383E+06 	
2.8597E+00 	4.0385E+06 	
2.8597E+00 	4.0392E+06 	
2.8597E+00 	4.0377E+06 	
2.8598E+00 	4.0382E+06 	
2.8598E+00 	4.0375E+06 	
2.8598E+00 	4.0379E+06 	
2.8599E+00 	4.0378E+06 	
2.8599E+00 	4.0382E+06 	
2.8599E+00 	4.0390E+06 	
2.8600E+00 	4.0377E+06 	
