Temps - Tracé 0	Amplitude - Tracé 0	Temps - Tracé 1	Amplitude - Tracé 1	
2.924	4.09069E+6	2.924	4.09069E+6	
2.92413	4.09309E+6	2.92413	4.09309E+6	
2.92427	4.09152E+6	2.92427	4.09152E+6	
2.9244	4.09514E+6	2.9244	4.09514E+6	
2.92453	4.09235E+6	2.92453	4.09235E+6	
2.92467	4.09309E+6	2.92467	4.09309E+6	
2.9248	4.0927E+6	2.9248	4.0927E+6	
2.92493	4.09056E+6	2.92493	4.09056E+6	
2.92507	4.09125E+6	2.92507	4.09125E+6	
2.9252	4.09165E+6	2.9252	4.09165E+6	
2.92533	4.09247E+6	2.92533	4.09247E+6	
2.92547	4.09178E+6	2.92547	4.09178E+6	
2.9256	4.09362E+6	2.9256	4.09362E+6	
2.92573	4.09519E+6	2.92573	4.09519E+6	
2.92587	4.09264E+6	2.92587	4.09264E+6	
2.926	4.09151E+6	2.926	4.09151E+6	
2.92613	4.09105E+6	2.92613	4.09105E+6	
2.92627	4.09232E+6	2.92627	4.09232E+6	
2.9264	4.09139E+6	2.9264	4.09139E+6	
2.92653	4.09348E+6	2.92653	4.09348E+6	
2.92667	4.09226E+6	2.92667	4.09226E+6	
2.9268	4.09214E+6	2.9268	4.09214E+6	
2.92693	4.09121E+6	2.92693	4.09121E+6	
2.92707	4.09303E+6	2.92707	4.09303E+6	
2.9272	4.09328E+6	2.9272	4.09328E+6	
2.92733	4.09302E+6	2.92733	4.09302E+6	
2.92747	4.09286E+6	2.92747	4.09286E+6	
2.9276	4.09237E+6	2.9276	4.09237E+6	
2.92773	4.09283E+6	2.92773	4.09283E+6	
2.92787	4.09043E+6	2.92787	4.09043E+6	
2.928	4.08992E+6	2.928	4.08992E+6	
2.92813	4.09125E+6	2.92813	4.09125E+6	
2.92827	4.09208E+6	2.92827	4.09208E+6	
2.9284	4.09469E+6	2.9284	4.09469E+6	
2.92853	4.09287E+6	2.92853	4.09287E+6	
2.92867	4.09201E+6	2.92867	4.09201E+6	
2.9288	4.09118E+6	2.9288	4.09118E+6	
2.92893	4.09259E+6	2.92893	4.09259E+6	
2.92907	4.09237E+6	2.92907	4.09237E+6	
2.9292	4.09036E+6	2.9292	4.09036E+6	
2.92933	4.09216E+6	2.92933	4.09216E+6	
2.92947	4.09055E+6	2.92947	4.09055E+6	
2.9296	4.09303E+6	2.9296	4.09303E+6	
2.92973	4.09066E+6	2.92973	4.09066E+6	
2.92987	4.08946E+6	2.92987	4.08946E+6	
2.93	4.0923E+6	2.93	4.0923E+6	
2.93013	4.09005E+6	2.93013	4.09005E+6	
2.93027	4.09153E+6	2.93027	4.09153E+6	
2.9304	4.08929E+6	2.9304	4.08929E+6	
2.93053	4.08991E+6	2.93053	4.08991E+6	
2.93067	4.0912E+6	2.93067	4.0912E+6	
2.9308	4.09117E+6	2.9308	4.09117E+6	
2.93093	4.09235E+6	2.93093	4.09235E+6	
2.93107	4.09076E+6	2.93107	4.09076E+6	
2.9312	4.08956E+6	2.9312	4.08956E+6	
2.93133	4.08979E+6	2.93133	4.08979E+6	
2.93147	4.09013E+6	2.93147	4.09013E+6	
2.9316	4.09176E+6	2.9316	4.09176E+6	
2.93173	4.09184E+6	2.93173	4.09184E+6	
2.93187	4.09134E+6	2.93187	4.09134E+6	
2.932	4.08726E+6	2.932	4.08726E+6	
2.93213	4.09127E+6	2.93213	4.09127E+6	
2.93227	4.08817E+6	2.93227	4.08817E+6	
2.9324	4.08992E+6	2.9324	4.08992E+6	
2.93253	4.08827E+6	2.93253	4.08827E+6	
2.93267	4.08695E+6	2.93267	4.08695E+6	
2.9328	4.08787E+6	2.9328	4.08787E+6	
2.93293	4.0897E+6	2.93293	4.0897E+6	
2.93307	4.08756E+6	2.93307	4.08756E+6	
2.9332	4.08913E+6	2.9332	4.08913E+6	
2.93333	4.08595E+6	2.93333	4.08595E+6	
2.93347	4.08868E+6	2.93347	4.08868E+6	
2.9336	4.08808E+6	2.9336	4.08808E+6	
2.93373	4.08778E+6	2.93373	4.08778E+6	
2.93387	4.08915E+6	2.93387	4.08915E+6	
2.934	4.08723E+6	2.934	4.08723E+6	
2.93413	4.08814E+6	2.93413	4.08814E+6	
2.93427	4.08707E+6	2.93427	4.08707E+6	
2.9344	4.08668E+6	2.9344	4.08668E+6	
2.93453	4.08826E+6	2.93453	4.08826E+6	
2.93467	4.08954E+6	2.93467	4.08954E+6	
2.9348	4.08718E+6	2.9348	4.08718E+6	
2.93493	4.08316E+6	2.93493	4.08316E+6	
2.93507	4.0861E+6	2.93507	4.0861E+6	
2.9352	4.08356E+6	2.9352	4.08356E+6	
2.93533	4.08292E+6	2.93533	4.08292E+6	
2.93547	4.08461E+6	2.93547	4.08461E+6	
2.9356	4.08354E+6	2.9356	4.08354E+6	
2.93573	4.08492E+6	2.93573	4.08492E+6	
2.93587	4.08492E+6	2.93587	4.08492E+6	
2.936	4.08442E+6	2.936	4.08442E+6	
2.93613	4.08554E+6	2.93613	4.08554E+6	
2.93627	4.0831E+6	2.93627	4.0831E+6	
2.9364	4.08236E+6	2.9364	4.08236E+6	
2.93653	4.08303E+6	2.93653	4.08303E+6	
2.93667	4.08211E+6	2.93667	4.08211E+6	
2.9368	4.07901E+6	2.9368	4.07901E+6	
2.93693	4.07908E+6	2.93693	4.07908E+6	
2.93707	4.07957E+6	2.93707	4.07957E+6	
2.9372	4.07823E+6	2.9372	4.07823E+6	
2.93733	4.07795E+6	2.93733	4.07795E+6	
2.93747	4.07723E+6	2.93747	4.07723E+6	
2.9376	4.0777E+6	2.9376	4.0777E+6	
2.93773	4.07482E+6	2.93773	4.07482E+6	
2.93787	4.0766E+6	2.93787	4.0766E+6	
2.938	4.07541E+6	2.938	4.07541E+6	
2.93813	4.07344E+6	2.93813	4.07344E+6	
2.93827	4.07559E+6	2.93827	4.07559E+6	
2.9384	4.07244E+6	2.9384	4.07244E+6	
2.93853	4.07354E+6	2.93853	4.07354E+6	
2.93867	4.07345E+6	2.93867	4.07345E+6	
2.9388	4.0744E+6	2.9388	4.0744E+6	
2.93893	4.07329E+6	2.93893	4.07329E+6	
2.93907	4.07063E+6	2.93907	4.07063E+6	
2.9392	4.07073E+6	2.9392	4.07073E+6	
2.93933	4.06945E+6	2.93933	4.06945E+6	
2.93947	4.0717E+6	2.93947	4.0717E+6	
2.9396	4.0713E+6	2.9396	4.0713E+6	
2.93973	4.07062E+6	2.93973	4.07062E+6	
2.93987	4.08022E+6	2.93987	4.08022E+6	
2.94	4.07054E+6	2.94	4.07054E+6	
2.94013	4.06698E+6	2.94013	4.06698E+6	
2.94027	4.0695E+6	2.94027	4.0695E+6	
2.9404	4.06956E+6	2.9404	4.06956E+6	
2.94053	4.06746E+6	2.94053	4.06746E+6	
2.94067	4.06556E+6	2.94067	4.06556E+6	
2.9408	4.06539E+6	2.9408	4.06539E+6	
2.94093	4.06562E+6	2.94093	4.06562E+6	
2.94107	4.06546E+6	2.94107	4.06546E+6	
2.9412	4.0666E+6	2.9412	4.0666E+6	
2.94133	4.06661E+6	2.94133	4.06661E+6	
2.94147	4.06516E+6	2.94147	4.06516E+6	
2.9416	4.06704E+6	2.9416	4.06704E+6	
2.94173	4.0656E+6	2.94173	4.0656E+6	
2.94187	4.06388E+6	2.94187	4.06388E+6	
2.942	4.06573E+6	2.942	4.06573E+6	
2.94213	4.06552E+6	2.94213	4.06552E+6	
2.94227	4.06581E+6	2.94227	4.06581E+6	
2.9424	4.06324E+6	2.9424	4.06324E+6	
2.94253	4.06365E+6	2.94253	4.06365E+6	
2.94267	4.06702E+6	2.94267	4.06702E+6	
2.9428	4.06341E+6	2.9428	4.06341E+6	
2.94293	4.06535E+6	2.94293	4.06535E+6	
2.94307	4.06587E+6	2.94307	4.06587E+6	
2.9432	4.06728E+6	2.9432	4.06728E+6	
2.94333	4.06612E+6	2.94333	4.06612E+6	
2.94347	4.06707E+6	2.94347	4.06707E+6	
2.9436	4.06519E+6	2.9436	4.06519E+6	
2.94373	4.06614E+6	2.94373	4.06614E+6	
2.94387	4.06665E+6	2.94387	4.06665E+6	
2.944	4.06537E+6	2.944	4.06537E+6	
2.94413	4.06674E+6	2.94413	4.06674E+6	
2.94427	4.06471E+6	2.94427	4.06471E+6	
2.9444	4.06671E+6	2.9444	4.06671E+6	
2.94453	4.06808E+6	2.94453	4.06808E+6	
2.94467	4.0677E+6	2.94467	4.0677E+6	
2.9448	4.06979E+6	2.9448	4.06979E+6	
2.94493	4.06956E+6	2.94493	4.06956E+6	
2.94507	4.06975E+6	2.94507	4.06975E+6	
2.9452	4.06612E+6	2.9452	4.06612E+6	
2.94533	4.07024E+6	2.94533	4.07024E+6	
2.94547	4.07082E+6	2.94547	4.07082E+6	
2.9456	4.06897E+6	2.9456	4.06897E+6	
2.94573	4.07261E+6	2.94573	4.07261E+6	
2.94587	4.0726E+6	2.94587	4.0726E+6	
2.946	4.07032E+6	2.946	4.07032E+6	
2.94613	4.07108E+6	2.94613	4.07108E+6	
2.94627	4.07178E+6	2.94627	4.07178E+6	
2.9464	4.07231E+6	2.9464	4.07231E+6	
2.94653	4.07312E+6	2.94653	4.07312E+6	
2.94667	4.07334E+6	2.94667	4.07334E+6	
2.9468	4.07481E+6	2.9468	4.07481E+6	
2.94693	4.07288E+6	2.94693	4.07288E+6	
2.94707	4.07478E+6	2.94707	4.07478E+6	
2.9472	4.07698E+6	2.9472	4.07698E+6	
2.94733	4.07582E+6	2.94733	4.07582E+6	
2.94747	4.07428E+6	2.94747	4.07428E+6	
2.9476	4.07906E+6	2.9476	4.07906E+6	
2.94773	4.07871E+6	2.94773	4.07871E+6	
2.94787	4.07587E+6	2.94787	4.07587E+6	
2.948	4.07989E+6	2.948	4.07989E+6	
2.94813	4.07812E+6	2.94813	4.07812E+6	
2.94827	4.07988E+6	2.94827	4.07988E+6	
2.9484	4.08021E+6	2.9484	4.08021E+6	
2.94853	4.07847E+6	2.94853	4.07847E+6	
2.94867	4.07783E+6	2.94867	4.07783E+6	
2.9488	4.08116E+6	2.9488	4.08116E+6	
2.94893	4.07963E+6	2.94893	4.07963E+6	
2.94907	4.08153E+6	2.94907	4.08153E+6	
2.9492	4.08213E+6	2.9492	4.08213E+6	
2.94933	4.08225E+6	2.94933	4.08225E+6	
2.94947	4.0821E+6	2.94947	4.0821E+6	
2.9496	4.08373E+6	2.9496	4.08373E+6	
2.94973	4.08187E+6	2.94973	4.08187E+6	
2.94987	4.08128E+6	2.94987	4.08128E+6	
2.95	4.08342E+6	2.95	4.08342E+6	
2.95013	4.08159E+6	2.95013	4.08159E+6	
2.95027	4.08619E+6	2.95027	4.08619E+6	
2.9504	4.08451E+6	2.9504	4.08451E+6	
2.95053	4.08449E+6	2.95053	4.08449E+6	
2.95067	4.08328E+6	2.95067	4.08328E+6	
2.9508	4.08975E+6	2.9508	4.08975E+6	
2.95093	4.08473E+6	2.95093	4.08473E+6	
2.95107	4.08339E+6	2.95107	4.08339E+6	
2.9512	4.08678E+6	2.9512	4.08678E+6	
2.95133	4.08549E+6	2.95133	4.08549E+6	
2.95147	4.08687E+6	2.95147	4.08687E+6	
2.9516	4.08986E+6	2.9516	4.08986E+6	
2.95173	4.08464E+6	2.95173	4.08464E+6	
2.95187	4.08574E+6	2.95187	4.08574E+6	
2.952	4.08804E+6	2.952	4.08804E+6	
2.95213	4.08538E+6	2.95213	4.08538E+6	
2.95227	4.08753E+6	2.95227	4.08753E+6	
2.9524	4.08722E+6	2.9524	4.08722E+6	
2.95253	4.08718E+6	2.95253	4.08718E+6	
2.95267	4.08935E+6	2.95267	4.08935E+6	
2.9528	4.08754E+6	2.9528	4.08754E+6	
2.95293	4.08834E+6	2.95293	4.08834E+6	
2.95307	4.08872E+6	2.95307	4.08872E+6	
2.9532	4.08698E+6	2.9532	4.08698E+6	
2.95333	4.08786E+6	2.95333	4.08786E+6	
2.95347	4.08974E+6	2.95347	4.08974E+6	
2.9536	4.08828E+6	2.9536	4.08828E+6	
2.95373	4.08942E+6	2.95373	4.08942E+6	
2.95387	4.0877E+6	2.95387	4.0877E+6	
2.954	4.08783E+6	2.954	4.08783E+6	
2.95413	4.09109E+6	2.95413	4.09109E+6	
2.95427	4.0893E+6	2.95427	4.0893E+6	
2.9544	4.0897E+6	2.9544	4.0897E+6	
2.95453	4.09208E+6	2.95453	4.09208E+6	
2.95467	4.08918E+6	2.95467	4.08918E+6	
2.9548	4.08972E+6	2.9548	4.08972E+6	
2.95493	4.09055E+6	2.95493	4.09055E+6	
2.95507	4.09371E+6	2.95507	4.09371E+6	
2.9552	4.08988E+6	2.9552	4.08988E+6	
2.95533	4.09297E+6	2.95533	4.09297E+6	
2.95547	4.08857E+6	2.95547	4.08857E+6	
2.9556	4.09281E+6	2.9556	4.09281E+6	
2.95573	4.08959E+6	2.95573	4.08959E+6	
2.95587	4.08895E+6	2.95587	4.08895E+6	
2.956	4.09029E+6	2.956	4.09029E+6	
2.95613	4.09187E+6	2.95613	4.09187E+6	
2.95627	4.09211E+6	2.95627	4.09211E+6	
2.9564	4.09328E+6	2.9564	4.09328E+6	
2.95653	4.09027E+6	2.95653	4.09027E+6	
2.95667	4.09058E+6	2.95667	4.09058E+6	
2.9568	4.09191E+6	2.9568	4.09191E+6	
2.95693	4.09161E+6	2.95693	4.09161E+6	
2.95707	4.08976E+6	2.95707	4.08976E+6	
2.9572	4.09181E+6	2.9572	4.09181E+6	
2.95733	4.09043E+6	2.95733	4.09043E+6	
2.95747	4.09362E+6	2.95747	4.09362E+6	
2.9576	4.09023E+6	2.9576	4.09023E+6	
2.95773	4.09185E+6	2.95773	4.09185E+6	
2.95787	4.09079E+6	2.95787	4.09079E+6	
2.958	4.09133E+6	2.958	4.09133E+6	
2.95813	4.0896E+6	2.95813	4.0896E+6	
2.95827	4.09106E+6	2.95827	4.09106E+6	
2.9584	4.09202E+6	2.9584	4.09202E+6	
2.95853	4.0935E+6	2.95853	4.0935E+6	
2.95867	4.09318E+6	2.95867	4.09318E+6	
2.9588	4.08807E+6	2.9588	4.08807E+6	
2.95893	4.09122E+6	2.95893	4.09122E+6	
2.95907	4.09119E+6	2.95907	4.09119E+6	
2.9592	4.0909E+6	2.9592	4.0909E+6	
2.95933	4.09232E+6	2.95933	4.09232E+6	
2.95947	4.09075E+6	2.95947	4.09075E+6	
2.9596	4.08968E+6	2.9596	4.08968E+6	
2.95973	4.09127E+6	2.95973	4.09127E+6	
2.95987	4.09283E+6	2.95987	4.09283E+6	
2.96	4.09375E+6	2.96	4.09375E+6	
2.96013	4.09211E+6	2.96013	4.09211E+6	
2.96027	4.09498E+6	2.96027	4.09498E+6	
2.9604	4.09163E+6	2.9604	4.09163E+6	
2.96053	4.09254E+6	2.96053	4.09254E+6	
2.96067	4.09314E+6	2.96067	4.09314E+6	
2.9608	4.09339E+6	2.9608	4.09339E+6	
2.96093	4.09242E+6	2.96093	4.09242E+6	
2.96107	4.09262E+6	2.96107	4.09262E+6	
2.9612	4.09369E+6	2.9612	4.09369E+6	
2.96133	4.09281E+6	2.96133	4.09281E+6	
2.96147	4.0938E+6	2.96147	4.0938E+6	
2.9616	4.09046E+6	2.9616	4.09046E+6	
2.96173	4.08928E+6	2.96173	4.08928E+6	
2.96187	4.09435E+6	2.96187	4.09435E+6	
2.962	4.09334E+6	2.962	4.09334E+6	
2.96213	4.09283E+6	2.96213	4.09283E+6	
2.96227	4.09159E+6	2.96227	4.09159E+6	
2.9624	4.09177E+6	2.9624	4.09177E+6	
2.96253	4.09207E+6	2.96253	4.09207E+6	
2.96267	4.09331E+6	2.96267	4.09331E+6	
2.9628	4.09212E+6	2.9628	4.09212E+6	
2.96293	4.09256E+6	2.96293	4.09256E+6	
2.96307	4.09123E+6	2.96307	4.09123E+6	
2.9632	4.09349E+6	2.9632	4.09349E+6	
2.96333	4.09192E+6	2.96333	4.09192E+6	
2.96347	4.09252E+6	2.96347	4.09252E+6	
2.9636	4.0919E+6	2.9636	4.0919E+6	
2.96373	4.09111E+6	2.96373	4.09111E+6	
2.96387	4.08936E+6	2.96387	4.08936E+6	
2.964	4.09222E+6	2.964	4.09222E+6	
