2.6500E+00 	9.6521E-01 	
2.6505E+00 	9.6514E-01 	
2.6510E+00 	9.6473E-01 	
2.6515E+00 	9.6465E-01 	
2.6520E+00 	9.6581E-01 	
2.6525E+00 	9.6601E-01 	
2.6530E+00 	9.6574E-01 	
2.6535E+00 	9.6527E-01 	
2.6540E+00 	9.6570E-01 	
2.6545E+00 	9.6562E-01 	
2.6550E+00 	9.6626E-01 	
2.6555E+00 	9.6413E-01 	
2.6560E+00 	9.6430E-01 	
2.6565E+00 	9.6545E-01 	
2.6570E+00 	9.6620E-01 	
2.6575E+00 	9.6546E-01 	
2.6580E+00 	9.6555E-01 	
2.6585E+00 	9.6560E-01 	
2.6590E+00 	9.6489E-01 	
2.6595E+00 	9.6473E-01 	
2.6600E+00 	9.6564E-01 	
2.6605E+00 	9.6427E-01 	
2.6610E+00 	9.6376E-01 	
2.6615E+00 	9.6435E-01 	
2.6620E+00 	9.6544E-01 	
2.6625E+00 	9.6389E-01 	
2.6630E+00 	9.6564E-01 	
2.6635E+00 	9.6442E-01 	
2.6640E+00 	9.6475E-01 	
2.6645E+00 	9.6605E-01 	
2.6650E+00 	9.6463E-01 	
2.6655E+00 	9.6471E-01 	
2.6660E+00 	9.6451E-01 	
2.6665E+00 	9.6491E-01 	
2.6670E+00 	9.6636E-01 	
2.6675E+00 	9.6487E-01 	
2.6680E+00 	9.6604E-01 	
2.6685E+00 	9.6510E-01 	
2.6690E+00 	9.6598E-01 	
2.6695E+00 	9.6557E-01 	
2.6700E+00 	9.6554E-01 	
2.6705E+00 	9.6705E-01 	
2.6710E+00 	9.6456E-01 	
2.6715E+00 	9.6556E-01 	
2.6720E+00 	9.6399E-01 	
2.6725E+00 	9.6470E-01 	
2.6730E+00 	9.6549E-01 	
2.6735E+00 	9.6490E-01 	
2.6740E+00 	9.6420E-01 	
2.6745E+00 	9.6529E-01 	
2.6750E+00 	9.6632E-01 	
2.6755E+00 	9.6434E-01 	
2.6760E+00 	9.6496E-01 	
2.6765E+00 	9.6603E-01 	
2.6770E+00 	9.6508E-01 	
2.6775E+00 	9.6592E-01 	
2.6780E+00 	9.6503E-01 	
2.6785E+00 	9.6587E-01 	
2.6790E+00 	9.6431E-01 	
2.6795E+00 	9.6557E-01 	
2.6800E+00 	9.6538E-01 	
2.6805E+00 	9.6332E-01 	
2.6810E+00 	9.6434E-01 	
2.6815E+00 	9.6492E-01 	
2.6820E+00 	9.6498E-01 	
2.6825E+00 	9.6447E-01 	
2.6830E+00 	9.6397E-01 	
2.6835E+00 	9.6443E-01 	
2.6840E+00 	9.6521E-01 	
2.6845E+00 	9.6416E-01 	
2.6850E+00 	9.6406E-01 	
2.6855E+00 	9.6288E-01 	
2.6860E+00 	9.6257E-01 	
2.6865E+00 	9.6239E-01 	
2.6870E+00 	9.6178E-01 	
2.6875E+00 	9.6309E-01 	
2.6880E+00 	9.6280E-01 	
2.6885E+00 	9.6178E-01 	
2.6890E+00 	9.6333E-01 	
2.6895E+00 	9.6201E-01 	
2.6900E+00 	9.6154E-01 	
2.6905E+00 	9.6158E-01 	
2.6910E+00 	9.6131E-01 	
2.6915E+00 	9.6065E-01 	
2.6920E+00 	9.6176E-01 	
2.6925E+00 	9.6217E-01 	
2.6930E+00 	9.6251E-01 	
2.6935E+00 	9.6271E-01 	
2.6940E+00 	9.5951E-01 	
2.6945E+00 	9.5714E-01 	
2.6950E+00 	9.5777E-01 	
2.6955E+00 	9.5666E-01 	
2.6960E+00 	9.5748E-01 	
2.6965E+00 	9.5741E-01 	
2.6970E+00 	9.5691E-01 	
2.6975E+00 	9.5723E-01 	
2.6980E+00 	9.5654E-01 	
2.6985E+00 	9.5664E-01 	
2.6990E+00 	9.5783E-01 	
2.6995E+00 	9.5700E-01 	
2.7000E+00 	9.5830E-01 	
2.7005E+00 	9.5861E-01 	
2.7010E+00 	9.5991E-01 	
2.7015E+00 	9.6111E-01 	
2.7020E+00 	9.6067E-01 	
2.7025E+00 	9.6239E-01 	
2.7030E+00 	9.6079E-01 	
2.7035E+00 	9.6143E-01 	
2.7040E+00 	9.6051E-01 	
2.7045E+00 	9.6024E-01 	
2.7050E+00 	9.6146E-01 	
2.7055E+00 	9.6176E-01 	
2.7060E+00 	9.6219E-01 	
2.7065E+00 	9.6414E-01 	
2.7070E+00 	9.6358E-01 	
2.7075E+00 	9.6069E-01 	
2.7080E+00 	9.6260E-01 	
2.7085E+00 	9.6276E-01 	
2.7090E+00 	9.6310E-01 	
2.7095E+00 	9.6296E-01 	
2.7100E+00 	9.6339E-01 	
2.7105E+00 	9.6237E-01 	
2.7110E+00 	9.6509E-01 	
2.7115E+00 	9.6618E-01 	
2.7120E+00 	9.6394E-01 	
2.7125E+00 	9.6464E-01 	
2.7130E+00 	9.6377E-01 	
2.7135E+00 	9.6362E-01 	
2.7140E+00 	9.6642E-01 	
2.7145E+00 	9.6523E-01 	
2.7150E+00 	9.6423E-01 	
2.7155E+00 	9.6549E-01 	
2.7160E+00 	9.6454E-01 	
2.7165E+00 	9.6621E-01 	
2.7170E+00 	9.6624E-01 	
2.7175E+00 	9.6572E-01 	
2.7180E+00 	9.6293E-01 	
2.7185E+00 	9.6425E-01 	
2.7190E+00 	9.6560E-01 	
2.7195E+00 	9.6550E-01 	
2.7200E+00 	9.6596E-01 	
2.7205E+00 	9.6608E-01 	
2.7210E+00 	9.6584E-01 	
2.7215E+00 	9.6684E-01 	
2.7220E+00 	9.6568E-01 	
2.7225E+00 	9.6485E-01 	
2.7230E+00 	9.6557E-01 	
2.7235E+00 	9.6587E-01 	
2.7240E+00 	9.6643E-01 	
2.7245E+00 	9.6602E-01 	
2.7250E+00 	9.6588E-01 	
2.7255E+00 	9.6566E-01 	
2.7260E+00 	9.6582E-01 	
2.7265E+00 	9.6585E-01 	
2.7270E+00 	9.6509E-01 	
2.7275E+00 	9.6687E-01 	
2.7280E+00 	9.6581E-01 	
2.7285E+00 	9.6456E-01 	
2.7290E+00 	9.6441E-01 	
2.7295E+00 	9.6635E-01 	
2.7300E+00 	9.6501E-01 	
2.7305E+00 	9.6481E-01 	
2.7310E+00 	9.6539E-01 	
2.7315E+00 	9.6562E-01 	
2.7320E+00 	9.6475E-01 	
2.7325E+00 	9.6579E-01 	
2.7330E+00 	9.6478E-01 	
2.7335E+00 	9.6545E-01 	
2.7340E+00 	9.6643E-01 	
2.7345E+00 	9.6500E-01 	
2.7350E+00 	9.6567E-01 	
2.7355E+00 	9.6444E-01 	
2.7360E+00 	9.6573E-01 	
2.7365E+00 	9.6470E-01 	
2.7370E+00 	9.6430E-01 	
2.7375E+00 	9.6583E-01 	
2.7380E+00 	9.6522E-01 	
2.7385E+00 	9.6618E-01 	
2.7390E+00 	9.6488E-01 	
2.7395E+00 	9.6499E-01 	
2.7400E+00 	9.6523E-01 	
2.7405E+00 	9.6539E-01 	
2.7410E+00 	9.6556E-01 	
2.7415E+00 	9.6618E-01 	
2.7420E+00 	9.6469E-01 	
2.7425E+00 	9.6671E-01 	
2.7430E+00 	9.6595E-01 	
2.7435E+00 	9.6465E-01 	
2.7440E+00 	9.6520E-01 	
2.7445E+00 	9.6485E-01 	
2.7450E+00 	9.6382E-01 	
2.7455E+00 	9.6676E-01 	
2.7460E+00 	9.6594E-01 	
2.7465E+00 	9.6663E-01 	
2.7470E+00 	9.6579E-01 	
2.7475E+00 	9.6517E-01 	
2.7480E+00 	9.6732E-01 	
2.7485E+00 	9.6462E-01 	
2.7490E+00 	9.6618E-01 	
2.7495E+00 	9.6488E-01 	
