2.6000E+00 	-3.3139E-03 	
2.6010E+00 	-3.5674E-03 	
2.6020E+00 	-3.3337E-03 	
2.6030E+00 	-3.4456E-03 	
2.6040E+00 	-3.4456E-03 	
2.6050E+00 	-3.3435E-03 	
2.6060E+00 	-3.3468E-03 	
2.6070E+00 	-3.2349E-03 	
2.6080E+00 	-3.1163E-03 	
2.6090E+00 	-3.3600E-03 	
2.6100E+00 	-3.4884E-03 	
2.6110E+00 	-3.2777E-03 	
2.6120E+00 	-2.9813E-03 	
2.6130E+00 	-3.1525E-03 	
2.6140E+00 	-3.1624E-03 	
2.6150E+00 	-3.3863E-03 	
2.6160E+00 	-3.2941E-03 	
2.6170E+00 	-3.3238E-03 	
2.6180E+00 	-3.4851E-03 	
2.6190E+00 	-3.4555E-03 	
2.6200E+00 	-3.4094E-03 	
2.6210E+00 	-3.5411E-03 	
2.6220E+00 	-3.4423E-03 	
2.6230E+00 	-3.4193E-03 	
2.6240E+00 	-3.2974E-03 	
2.6250E+00 	-3.0735E-03 	
2.6260E+00 	-3.2052E-03 	
2.6270E+00 	-3.1558E-03 	
2.6280E+00 	-3.0373E-03 	
2.6290E+00 	-3.2941E-03 	
2.6300E+00 	-3.4687E-03 	
2.6310E+00 	-3.5180E-03 	
2.6320E+00 	-3.5576E-03 	
2.6330E+00 	-3.5345E-03 	
2.6340E+00 	-3.5115E-03 	
2.6350E+00 	-3.5049E-03 	
2.6360E+00 	-3.2810E-03 	
2.6370E+00 	-3.0735E-03 	
2.6380E+00 	-3.2415E-03 	
2.6390E+00 	-3.1756E-03 	
2.6400E+00 	-3.2810E-03 	
2.6410E+00 	-3.3699E-03 	
2.6420E+00 	-3.4127E-03 	
2.6430E+00 	-3.4621E-03 	
2.6440E+00 	-3.4259E-03 	
2.6450E+00 	-3.1427E-03 	
2.6460E+00 	-3.2217E-03 	
2.6470E+00 	-3.2217E-03 	
2.6480E+00 	-3.3139E-03 	
2.6490E+00 	-3.4720E-03 	
2.6500E+00 	-3.3830E-03 	
2.6510E+00 	-3.2876E-03 	
2.6520E+00 	-3.3929E-03 	
2.6530E+00 	-3.6893E-03 	
2.6540E+00 	-3.5016E-03 	
2.6550E+00 	-3.4588E-03 	
2.6560E+00 	-3.3304E-03 	
2.6570E+00 	-3.2843E-03 	
2.6580E+00 	-3.2941E-03 	
2.6590E+00 	-2.8562E-03 	
2.6600E+00 	-2.7080E-03 	
2.6610E+00 	-2.9813E-03 	
2.6620E+00 	-3.2513E-03 	
2.6630E+00 	-3.0933E-03 	
2.6640E+00 	-3.1558E-03 	
2.6650E+00 	-3.2546E-03 	
2.6660E+00 	-3.3205E-03 	
2.6670E+00 	-3.4127E-03 	
2.6680E+00 	-3.5082E-03 	
2.6690E+00 	-3.6333E-03 	
2.6700E+00 	-3.1328E-03 	
2.6710E+00 	-3.0834E-03 	
2.6720E+00 	-3.3567E-03 	
2.6730E+00 	-3.5839E-03 	
2.6740E+00 	-3.5049E-03 	
2.6750E+00 	-3.2974E-03 	
2.6760E+00 	-3.3567E-03 	
2.6770E+00 	-3.2513E-03 	
2.6780E+00 	-3.3007E-03 	
2.6790E+00 	-3.3666E-03 	
2.6800E+00 	-3.4226E-03 	
2.6810E+00 	-3.3863E-03 	
2.6820E+00 	-3.3172E-03 	
2.6830E+00 	-3.3139E-03 	
2.6840E+00 	-3.1591E-03 	
2.6850E+00 	-3.3304E-03 	
2.6860E+00 	-3.6037E-03 	
2.6870E+00 	-3.3765E-03 	
2.6880E+00 	-3.2382E-03 	
2.6890E+00 	-3.2810E-03 	
2.6900E+00 	-3.2316E-03 	
2.6910E+00 	-3.1986E-03 	
2.6920E+00 	-3.1525E-03 	
2.6930E+00 	-3.1855E-03 	
2.6940E+00 	-3.3073E-03 	
2.6950E+00 	-3.1460E-03 	
2.6960E+00 	-3.1361E-03 	
2.6970E+00 	-3.1262E-03 	
2.6980E+00 	-2.9385E-03 	
2.6990E+00 	-2.6026E-03 	
2.7000E+00 	-2.1417E-03 	
2.7010E+00 	-1.7465E-03 	
2.7020E+00 	-1.2394E-03 	
2.7030E+00 	-6.0594E-05 	
2.7040E+00 	1.2170E-03 	
2.7050E+00 	2.0369E-03 	
2.7060E+00 	4.1575E-03 	
2.7070E+00 	9.8113E-03 	
2.7080E+00 	1.7118E-02 	
2.7090E+00 	2.1237E-02 	
2.7100E+00 	2.4043E-02 	
2.7110E+00 	2.5383E-02 	
2.7120E+00 	2.6081E-02 	
2.7130E+00 	2.4375E-02 	
2.7140E+00 	1.9844E-02 	
2.7150E+00 	1.5778E-02 	
2.7160E+00 	1.2212E-02 	
2.7170E+00 	7.5129E-03 	
2.7180E+00 	4.4209E-03 	
2.7190E+00 	2.0303E-03 	
2.7200E+00 	2.0283E-04 	
2.7210E+00 	-9.7600E-04 	
2.7220E+00 	-1.8749E-03 	
2.7230E+00 	-2.2832E-03 	
2.7240E+00 	-2.7475E-03 	
2.7250E+00 	-3.0241E-03 	
2.7260E+00 	-3.2447E-03 	
2.7270E+00 	-3.2052E-03 	
2.7280E+00 	-3.2217E-03 	
2.7290E+00 	-3.2744E-03 	
2.7300E+00 	-3.2645E-03 	
2.7310E+00 	-3.2513E-03 	
2.7320E+00 	-3.4259E-03 	
2.7330E+00 	-3.5246E-03 	
2.7340E+00 	-3.2612E-03 	
2.7350E+00 	-2.9681E-03 	
2.7360E+00 	-2.6916E-03 	
2.7370E+00 	-2.2207E-03 	
2.7380E+00 	-1.4732E-03 	
2.7390E+00 	-2.7665E-05 	
2.7400E+00 	2.2279E-03 	
2.7410E+00 	4.0159E-03 	
2.7420E+00 	5.5076E-03 	
2.7430E+00 	8.0397E-03 	
2.7440E+00 	1.4257E-02 	
2.7450E+00 	2.3236E-02 	
2.7460E+00 	2.9868E-02 	
2.7470E+00 	3.5229E-02 	
2.7480E+00 	3.8811E-02 	
2.7490E+00 	4.0994E-02 	
2.7500E+00 	4.0398E-02 	
2.7510E+00 	3.5838E-02 	
2.7520E+00 	3.1350E-02 	
2.7530E+00 	2.6512E-02 	
2.7540E+00 	2.0651E-02 	
2.7550E+00 	1.4925E-02 	
2.7560E+00 	1.0384E-02 	
2.7570E+00 	6.8411E-03 	
2.7580E+00 	4.2398E-03 	
2.7590E+00 	2.2016E-03 	
2.7600E+00 	6.8358E-04 	
2.7610E+00 	-3.8000E-04 	
2.7620E+00 	-1.5061E-03 	
2.7630E+00 	-2.1812E-03 	
2.7640E+00 	-2.5104E-03 	
2.7650E+00 	-2.4907E-03 	
2.7660E+00 	-3.0077E-03 	
2.7670E+00 	-2.9418E-03 	
2.7680E+00 	-2.8233E-03 	
2.7690E+00 	-3.0735E-03 	
2.7700E+00 	-3.1460E-03 	
2.7710E+00 	-3.0011E-03 	
2.7720E+00 	-2.9352E-03 	
2.7730E+00 	-3.0307E-03 	
2.7740E+00 	-3.0834E-03 	
2.7750E+00 	-2.9122E-03 	
2.7760E+00 	-2.4841E-03 	
2.7770E+00 	-2.1482E-03 	
2.7780E+00 	-1.3020E-03 	
2.7790E+00 	-2.7792E-04 	
2.7800E+00 	4.4979E-04 	
2.7810E+00 	1.2038E-03 	
2.7820E+00 	2.8074E-03 	
2.7830E+00 	7.0947E-03 	
2.7840E+00 	1.1286E-02 	
2.7850E+00 	1.3539E-02 	
2.7860E+00 	1.4540E-02 	
2.7870E+00 	1.5040E-02 	
2.7880E+00 	1.5399E-02 	
2.7890E+00 	1.3720E-02 	
2.7900E+00 	1.1181E-02 	
2.7910E+00 	8.8563E-03 	
2.7920E+00 	6.3966E-03 	
2.7930E+00 	4.2102E-03 	
2.7940E+00 	2.1884E-03 	
2.7950E+00 	7.6261E-04 	
2.7960E+00 	-4.4585E-04 	
2.7970E+00 	-1.4403E-03 	
2.7980E+00 	-2.1021E-03 	
2.7990E+00 	-2.3853E-03 	
2.8000E+00 	-2.7047E-03 	
2.8010E+00 	-2.7574E-03 	
2.8020E+00 	-2.7903E-03 	
2.8030E+00 	-2.6817E-03 	
2.8040E+00 	-2.8858E-03 	
2.8050E+00 	-3.0867E-03 	
2.8060E+00 	-3.1855E-03 	
2.8070E+00 	-3.2579E-03 	
2.8080E+00 	-3.3238E-03 	
2.8090E+00 	-3.4456E-03 	
2.8100E+00 	-3.1690E-03 	
2.8110E+00 	-3.0011E-03 	
2.8120E+00 	-3.0241E-03 	
2.8130E+00 	-3.1032E-03 	
2.8140E+00 	-3.1394E-03 	
2.8150E+00 	-3.1657E-03 	
2.8160E+00 	-3.2052E-03 	
2.8170E+00 	-3.3666E-03 	
2.8180E+00 	-3.4687E-03 	
2.8190E+00 	-3.2777E-03 	
2.8200E+00 	-3.3106E-03 	
2.8210E+00 	-3.4357E-03 	
2.8220E+00 	-3.2184E-03 	
2.8230E+00 	-3.2777E-03 	
2.8240E+00 	-3.1361E-03 	
2.8250E+00 	-3.3369E-03 	
2.8260E+00 	-3.5740E-03 	
2.8270E+00 	-3.3271E-03 	
2.8280E+00 	-3.5510E-03 	
2.8290E+00 	-3.7156E-03 	
2.8300E+00 	-3.4193E-03 	
2.8310E+00 	-3.4456E-03 	
2.8320E+00 	-3.1855E-03 	
2.8330E+00 	-2.9649E-03 	
2.8340E+00 	-2.8134E-03 	
2.8350E+00 	-2.7805E-03 	
2.8360E+00 	-2.7245E-03 	
2.8370E+00 	-3.0603E-03 	
2.8380E+00 	-3.3699E-03 	
2.8390E+00 	-3.3765E-03 	
2.8400E+00 	-3.5246E-03 	
2.8410E+00 	-3.4456E-03 	
2.8420E+00 	-3.3172E-03 	
2.8430E+00 	-3.0702E-03 	
2.8440E+00 	-2.8891E-03 	
2.8450E+00 	-3.0966E-03 	
2.8460E+00 	-3.4423E-03 	
2.8470E+00 	-3.4127E-03 	
2.8480E+00 	-3.6366E-03 	
2.8490E+00 	-3.7288E-03 	
2.8500E+00 	-3.4259E-03 	
2.8510E+00 	-3.2941E-03 	
2.8520E+00 	-3.3699E-03 	
2.8530E+00 	-3.1954E-03 	
2.8540E+00 	-3.2382E-03 	
2.8550E+00 	-3.3765E-03 	
2.8560E+00 	-3.1460E-03 	
2.8570E+00 	-3.2151E-03 	
2.8580E+00 	-3.0636E-03 	
2.8590E+00 	-3.3007E-03 	
2.8600E+00 	-3.4687E-03 	
2.8610E+00 	-3.3567E-03 	
2.8620E+00 	-3.2316E-03 	
2.8630E+00 	-3.3402E-03 	
2.8640E+00 	-3.2382E-03 	
2.8650E+00 	-3.4588E-03 	
2.8660E+00 	-3.4160E-03 	
2.8670E+00 	-2.9616E-03 	
2.8680E+00 	-2.8661E-03 	
2.8690E+00 	-3.1789E-03 	
2.8700E+00 	-3.0735E-03 	
2.8710E+00 	-3.1196E-03 	
2.8720E+00 	-3.3600E-03 	
2.8730E+00 	-3.2382E-03 	
2.8740E+00 	-3.2974E-03 	
2.8750E+00 	-3.3929E-03 	
2.8760E+00 	-3.2151E-03 	
2.8770E+00 	-3.3468E-03 	
2.8780E+00 	-3.1394E-03 	
2.8790E+00 	-3.0274E-03 	
2.8800E+00 	-3.4028E-03 	
2.8810E+00 	-3.5609E-03 	
2.8820E+00 	-3.1855E-03 	
2.8830E+00 	-2.9780E-03 	
2.8840E+00 	-3.0603E-03 	
2.8850E+00 	-3.4160E-03 	
2.8860E+00 	-3.3929E-03 	
2.8870E+00 	-3.3238E-03 	
2.8880E+00 	-3.6004E-03 	
2.8890E+00 	-3.4687E-03 	
2.8900E+00 	-3.3501E-03 	
2.8910E+00 	-3.3929E-03 	
2.8920E+00 	-3.2316E-03 	
2.8930E+00 	-3.4160E-03 	
2.8940E+00 	-3.3139E-03 	
2.8950E+00 	-3.2349E-03 	
2.8960E+00 	-3.4094E-03 	
2.8970E+00 	-3.4028E-03 	
2.8980E+00 	-3.4160E-03 	
2.8990E+00 	-3.2908E-03 	
2.9000E+00 	-3.5839E-03 	
2.9010E+00 	-3.4259E-03 	
2.9020E+00 	-3.1591E-03 	
2.9030E+00 	-3.2316E-03 	
2.9040E+00 	-3.2810E-03 	
2.9050E+00 	-3.3765E-03 	
2.9060E+00 	-3.4193E-03 	
2.9070E+00 	-3.2579E-03 	
2.9080E+00 	-3.5115E-03 	
2.9090E+00 	-3.4423E-03 	
2.9100E+00 	-3.1756E-03 	
2.9110E+00 	-3.1394E-03 	
2.9120E+00 	-3.1723E-03 	
2.9130E+00 	-3.2876E-03 	
2.9140E+00 	-3.5543E-03 	
2.9150E+00 	-3.4160E-03 	
2.9160E+00 	-3.2217E-03 	
2.9170E+00 	-3.3468E-03 	
2.9180E+00 	-3.2711E-03 	
2.9190E+00 	-3.3534E-03 	
2.9200E+00 	-3.5279E-03 	
2.9210E+00 	-3.6300E-03 	
2.9220E+00 	-3.2579E-03 	
2.9230E+00 	-3.2513E-03 	
2.9240E+00 	-3.3073E-03 	
2.9250E+00 	-3.3798E-03 	
2.9260E+00 	-3.2382E-03 	
2.9270E+00 	-3.1888E-03 	
2.9280E+00 	-3.3337E-03 	
2.9290E+00 	-3.2151E-03 	
2.9300E+00 	-3.2810E-03 	
2.9310E+00 	-3.5707E-03 	
2.9320E+00 	-3.5049E-03 	
2.9330E+00 	-3.5246E-03 	
2.9340E+00 	-3.4061E-03 	
2.9350E+00 	-3.2908E-03 	
2.9360E+00 	-3.4687E-03 	
2.9370E+00 	-3.3534E-03 	
2.9380E+00 	-2.9978E-03 	
2.9390E+00 	-3.0439E-03 	
2.9400E+00 	-2.9879E-03 	
2.9410E+00 	-3.2283E-03 	
2.9420E+00 	-3.0900E-03 	
2.9430E+00 	-3.1624E-03 	
2.9440E+00 	-3.1756E-03 	
2.9450E+00 	-3.4193E-03 	
2.9460E+00 	-3.4061E-03 	
2.9470E+00 	-3.1690E-03 	
2.9480E+00 	-3.3732E-03 	
2.9490E+00 	-3.5148E-03 	
2.9500E+00 	-3.4654E-03 	
2.9510E+00 	-3.2250E-03 	
2.9520E+00 	-3.1723E-03 	
2.9530E+00 	-3.2974E-03 	
2.9540E+00 	-3.3007E-03 	
2.9550E+00 	-3.5279E-03 	
2.9560E+00 	-3.4654E-03 	
2.9570E+00 	-3.3666E-03 	
2.9580E+00 	-3.3073E-03 	
2.9590E+00 	-3.2744E-03 	
2.9600E+00 	-3.2645E-03 	
2.9610E+00 	-3.0834E-03 	
2.9620E+00 	-3.3699E-03 	
2.9630E+00 	-3.4621E-03 	
2.9640E+00 	-3.4555E-03 	
2.9650E+00 	-3.5345E-03 	
2.9660E+00 	-3.4687E-03 	
2.9670E+00 	-3.2184E-03 	
2.9680E+00 	-3.3534E-03 	
2.9690E+00 	-3.3040E-03 	
2.9700E+00 	-3.3073E-03 	
2.9710E+00 	-3.1460E-03 	
2.9720E+00 	-2.9550E-03 	
2.9730E+00 	-2.9352E-03 	
2.9740E+00 	-2.9846E-03 	
2.9750E+00 	-3.1427E-03 	
2.9760E+00 	-3.1460E-03 	
2.9770E+00 	-2.9385E-03 	
2.9780E+00 	-2.9484E-03 	
2.9790E+00 	-3.1328E-03 	
2.9800E+00 	-3.3798E-03 	
2.9810E+00 	-3.3402E-03 	
2.9820E+00 	-3.2908E-03 	
2.9830E+00 	-3.2184E-03 	
2.9840E+00 	-3.3337E-03 	
2.9850E+00 	-3.4917E-03 	
2.9860E+00 	-3.3567E-03 	
2.9870E+00 	-3.2678E-03 	
2.9880E+00 	-3.2546E-03 	
2.9890E+00 	-3.3435E-03 	
2.9900E+00 	-3.2447E-03 	
2.9910E+00 	-3.5444E-03 	
2.9920E+00 	-3.3172E-03 	
2.9930E+00 	-3.6004E-03 	
2.9940E+00 	-3.5115E-03 	
2.9950E+00 	-3.1394E-03 	
2.9960E+00 	-3.0044E-03 	
2.9970E+00 	-3.0702E-03 	
2.9980E+00 	-3.0538E-03 	
2.9990E+00 	-2.8957E-03 	
3.0000E+00 	-2.7936E-03 	
3.0010E+00 	-2.2931E-03 	
3.0020E+00 	-1.9342E-03 	
3.0030E+00 	-1.8420E-03 	
3.0040E+00 	-1.1703E-03 	
3.0050E+00 	-7.1916E-04 	
3.0060E+00 	-9.0229E-05 	
3.0070E+00 	4.6955E-04 	
3.0080E+00 	2.5045E-03 	
3.0090E+00 	7.6940E-03 	
3.0100E+00 	1.1952E-02 	
3.0110E+00 	1.4075E-02 	
3.0120E+00 	1.4671E-02 	
3.0130E+00 	1.4671E-02 	
3.0140E+00 	1.4112E-02 	
3.0150E+00 	1.1978E-02 	
3.0160E+00 	9.2680E-03 	
3.0170E+00 	6.9432E-03 	
3.0180E+00 	4.2793E-03 	
3.0190E+00 	2.0962E-03 	
3.0200E+00 	3.6089E-04 	
3.0210E+00 	-6.8623E-04 	
3.0220E+00 	-1.5654E-03 	
3.0230E+00 	-2.2273E-03 	
3.0240E+00 	-2.8035E-03 	
3.0250E+00 	-3.2019E-03 	
3.0260E+00 	-3.1986E-03 	
3.0270E+00 	-3.2118E-03 	
3.0280E+00 	-3.0439E-03 	
3.0290E+00 	-2.9813E-03 	
3.0300E+00 	-2.6455E-03 	
3.0310E+00 	-1.9441E-03 	
3.0320E+00 	-6.3025E-04 	
3.0330E+00 	1.5101E-03 	
3.0340E+00 	3.3442E-03 	
3.0350E+00 	5.1190E-03 	
3.0360E+00 	9.2383E-03 	
3.0370E+00 	1.7049E-02 	
3.0380E+00 	2.6493E-02 	
3.0390E+00 	3.3256E-02 	
3.0400E+00 	3.6414E-02 	
3.0410E+00 	3.8083E-02 	
3.0420E+00 	3.7892E-02 	
3.0430E+00 	3.5265E-02 	
3.0440E+00 	2.9749E-02 	
3.0450E+00 	2.3572E-02 	
3.0460E+00 	1.7829E-02 	
3.0470E+00 	1.2011E-02 	
3.0480E+00 	7.2890E-03 	
3.0490E+00 	3.9105E-03 	
3.0500E+00 	1.8097E-03 	
3.0510E+00 	3.2137E-04 	
3.0520E+00 	-7.5538E-04 	
3.0530E+00 	-1.5226E-03 	
3.0540E+00 	-1.7794E-03 	
3.0550E+00 	-1.9046E-03 	
3.0560E+00 	-2.1054E-03 	
3.0570E+00 	-2.1252E-03 	
3.0580E+00 	-1.9902E-03 	
3.0590E+00 	-1.2230E-03 	
3.0600E+00 	-5.5452E-04 	
3.0610E+00 	7.1119E-05 	
3.0620E+00 	9.9311E-04 	
3.0630E+00 	3.9138E-03 	
3.0640E+00 	1.0160E-02 	
3.0650E+00 	1.5297E-02 	
3.0660E+00 	1.8567E-02 	
3.0670E+00 	1.9700E-02 	
3.0680E+00 	1.9996E-02 	
3.0690E+00 	1.9700E-02 	
3.0700E+00 	1.6673E-02 	
3.0710E+00 	1.2821E-02 	
3.0720E+00 	9.3569E-03 	
3.0730E+00 	5.9949E-03 	
3.0740E+00 	3.0742E-03 	
3.0750E+00 	8.4493E-04 	
3.0760E+00 	-3.9646E-04 	
3.0770E+00 	-1.4864E-03 	
3.0780E+00 	-1.9935E-03 	
3.0790E+00 	-2.4611E-03 	
3.0800E+00 	-2.6981E-03 	
3.0810E+00 	-3.0603E-03 	
3.0820E+00 	-3.2843E-03 	
3.0830E+00 	-3.3007E-03 	
3.0840E+00 	-3.2744E-03 	
3.0850E+00 	-3.4917E-03 	
3.0860E+00 	-3.5707E-03 	
3.0870E+00 	-3.5246E-03 	
3.0880E+00 	-3.2118E-03 	
3.0890E+00 	-3.1262E-03 	
3.0900E+00 	-3.1064E-03 	
3.0910E+00 	-3.5279E-03 	
3.0920E+00 	-3.2118E-03 	
3.0930E+00 	-3.1427E-03 	
3.0940E+00 	-3.1756E-03 	
3.0950E+00 	-3.0999E-03 	
3.0960E+00 	-3.0801E-03 	
3.0970E+00 	-3.0669E-03 	
3.0980E+00 	-2.9550E-03 	
3.0990E+00 	-3.1855E-03 	
3.1000E+00 	-3.3600E-03 	
