2.7000E+00 	-2.7819E-03 	
2.7001E+00 	-1.7564E-03 	
2.7002E+00 	-2.1818E-04 	
2.7003E+00 	6.9440E-04 	
2.7004E+00 	9.6018E-04 	
2.7005E+00 	1.0401E-03 	
2.7006E+00 	1.1507E-03 	
2.7007E+00 	1.4635E-03 	
2.7008E+00 	1.6470E-03 	
2.7009E+00 	1.5858E-03 	
2.7010E+00 	1.4400E-03 	
2.7011E+00 	1.3812E-03 	
2.7012E+00 	1.5411E-03 	
2.7013E+00 	1.6681E-03 	
2.7014E+00 	1.6399E-03 	
2.7015E+00 	1.9904E-03 	
2.7016E+00 	2.0868E-03 	
2.7017E+00 	2.1973E-03 	
2.7018E+00 	2.2162E-03 	
2.7019E+00 	2.3290E-03 	
2.7020E+00 	2.5219E-03 	
2.7021E+00 	2.9759E-03 	
2.7022E+00 	3.2651E-03 	
2.7023E+00 	3.5286E-03 	
2.7024E+00 	3.8414E-03 	
2.7025E+00 	3.8602E-03 	
2.7026E+00 	4.1072E-03 	
2.7027E+00 	4.3518E-03 	
2.7028E+00 	4.9680E-03 	
2.7029E+00 	5.5466E-03 	
2.7030E+00 	6.1134E-03 	
2.7031E+00 	7.0919E-03 	
2.7032E+00 	7.9997E-03 	
2.7033E+00 	9.4909E-03 	
2.7034E+00 	1.0980E-02 	
2.7035E+00 	1.2384E-02 	
2.7036E+00 	1.4120E-02 	
2.7037E+00 	1.6189E-02 	
2.7038E+00 	1.8029E-02 	
2.7039E+00 	1.9875E-02 	
2.7040E+00 	2.1757E-02 	
2.7041E+00 	2.3481E-02 	
2.7042E+00 	2.4826E-02 	
2.7043E+00 	2.5717E-02 	
2.7044E+00 	2.6301E-02 	
2.7045E+00 	2.6675E-02 	
2.7046E+00 	2.6449E-02 	
2.7047E+00 	2.5494E-02 	
2.7048E+00 	2.4567E-02 	
2.7049E+00 	2.3234E-02 	
2.7050E+00 	2.2098E-02 	
2.7051E+00 	2.1413E-02 	
2.7052E+00 	2.0675E-02 	
2.7053E+00 	2.0014E-02 	
2.7054E+00 	1.9165E-02 	
2.7055E+00 	1.9010E-02 	
2.7056E+00 	1.8951E-02 	
2.7057E+00 	1.8833E-02 	
2.7058E+00 	1.9346E-02 	
2.7059E+00 	2.0350E-02 	
2.7060E+00 	2.1547E-02 	
2.7061E+00 	2.2653E-02 	
2.7062E+00 	2.3958E-02 	
2.7063E+00 	2.5125E-02 	
2.7064E+00 	2.6080E-02 	
2.7065E+00 	2.6773E-02 	
2.7066E+00 	2.7303E-02 	
2.7067E+00 	2.7423E-02 	
2.7068E+00 	2.7251E-02 	
2.7069E+00 	2.6583E-02 	
2.7070E+00 	2.5273E-02 	
2.7071E+00 	2.4219E-02 	
2.7072E+00 	2.3547E-02 	
2.7073E+00 	2.2615E-02 	
2.7074E+00 	2.1707E-02 	
2.7075E+00 	2.1192E-02 	
2.7076E+00 	2.0839E-02 	
2.7077E+00 	2.0694E-02 	
2.7078E+00 	2.0494E-02 	
2.7079E+00 	2.0762E-02 	
2.7080E+00 	2.1206E-02 	
2.7081E+00 	2.2008E-02 	
2.7082E+00 	2.3093E-02 	
2.7083E+00 	2.4024E-02 	
2.7084E+00 	2.5271E-02 	
2.7085E+00 	2.6395E-02 	
2.7086E+00 	2.6816E-02 	
2.7087E+00 	2.7211E-02 	
2.7088E+00 	2.7324E-02 	
2.7089E+00 	2.6898E-02 	
2.7090E+00 	2.6136E-02 	
2.7091E+00 	2.5548E-02 	
2.7092E+00 	2.4617E-02 	
2.7093E+00 	2.3182E-02 	
2.7094E+00 	2.1837E-02 	
2.7095E+00 	2.0729E-02 	
2.7096E+00 	1.9616E-02 	
2.7097E+00 	1.8461E-02 	
2.7098E+00 	1.7010E-02 	
2.7099E+00 	1.5531E-02 	
2.7100E+00 	1.4494E-02 	
2.7101E+00 	1.3452E-02 	
2.7102E+00 	1.2645E-02 	
2.7103E+00 	1.1998E-02 	
2.7104E+00 	1.1565E-02 	
2.7105E+00 	1.1151E-02 	
2.7106E+00 	1.0874E-02 	
2.7107E+00 	1.0366E-02 	
2.7108E+00 	1.0001E-02 	
2.7109E+00 	9.5262E-03 	
2.7110E+00 	9.6908E-03 	
2.7111E+00 	9.9754E-03 	
2.7112E+00 	1.0733E-02 	
2.7113E+00 	1.1330E-02 	
2.7114E+00 	1.1878E-02 	
2.7115E+00 	1.2215E-02 	
2.7116E+00 	1.2262E-02 	
2.7117E+00 	1.2217E-02 	
2.7118E+00 	1.2306E-02 	
2.7119E+00 	1.2153E-02 	
2.7120E+00 	1.1822E-02 	
2.7121E+00 	1.1102E-02 	
2.7122E+00 	1.0253E-02 	
2.7123E+00 	9.3380E-03 	
2.7124E+00 	8.7453E-03 	
2.7125E+00 	7.5905E-03 	
2.7126E+00 	6.6356E-03 	
2.7127E+00 	5.8547E-03 	
2.7128E+00 	5.3279E-03 	
2.7129E+00 	4.7399E-03 	
2.7130E+00 	3.9331E-03 	
2.7131E+00 	3.3663E-03 	
2.7132E+00 	3.2158E-03 	
2.7133E+00 	2.7877E-03 	
2.7134E+00 	2.2797E-03 	
2.7135E+00 	2.3761E-03 	
2.7136E+00 	2.5031E-03 	
2.7137E+00 	2.2162E-03 	
2.7138E+00 	2.1526E-03 	
2.7139E+00 	2.3996E-03 	
2.7140E+00 	2.2961E-03 	
2.7141E+00 	1.7975E-03 	
2.7142E+00 	1.5388E-03 	
2.7143E+00 	1.4729E-03 	
2.7144E+00 	1.3882E-03 	
2.7145E+00 	1.1037E-03 	
2.7146E+00 	8.0730E-04 	
2.7147E+00 	9.0373E-04 	
2.7148E+00 	9.9076E-04 	
2.7149E+00 	7.8378E-04 	
2.7150E+00 	6.8735E-04 	
2.7151E+00 	8.5669E-04 	
2.7152E+00 	5.5328E-04 	
2.7153E+00 	4.7599E-05 	
2.7154E+00 	-1.8995E-04 	
2.7155E+00 	-1.9701E-04 	
2.7156E+00 	-1.1234E-04 	
2.7157E+00 	-1.7114E-04 	
2.7158E+00 	-3.4989E-04 	
2.7159E+00 	-4.2751E-04 	
2.7160E+00 	-6.7212E-04 	
2.7161E+00 	-1.2437E-03 	
2.7162E+00 	-1.3142E-03 	
2.7163E+00 	-1.1449E-03 	
2.7164E+00 	-1.2201E-03 	
2.7165E+00 	-1.4224E-03 	
2.7166E+00 	-1.3989E-03 	
2.7167E+00 	-1.6553E-03 	
2.7168E+00 	-1.6835E-03 	
2.7169E+00 	-1.5471E-03 	
2.7170E+00 	-1.6741E-03 	
2.7171E+00 	-1.5776E-03 	
2.7172E+00 	-1.5282E-03 	
2.7173E+00 	-1.7235E-03 	
2.7174E+00 	-1.8763E-03 	
2.7175E+00 	-1.8317E-03 	
2.7176E+00 	-1.9469E-03 	
2.7177E+00 	-2.3185E-03 	
2.7178E+00 	-2.4808E-03 	
2.7179E+00 	-2.4643E-03 	
2.7180E+00 	-1.9728E-03 	
2.7181E+00 	-1.7517E-03 	
2.7182E+00 	-2.0998E-03 	
2.7183E+00 	-2.3820E-03 	
2.7184E+00 	-2.2480E-03 	
2.7185E+00 	-2.5137E-03 	
2.7186E+00 	-2.9489E-03 	
2.7187E+00 	-2.9865E-03 	
2.7188E+00 	-2.8948E-03 	
2.7189E+00 	-2.7043E-03 	
2.7190E+00 	-2.8665E-03 	
2.7191E+00 	-2.8665E-03 	
2.7192E+00 	-2.9183E-03 	
2.7193E+00 	-2.7725E-03 	
2.7194E+00 	-2.7043E-03 	
2.7195E+00 	-2.5772E-03 	
2.7196E+00 	-2.3467E-03 	
2.7197E+00 	-2.4244E-03 	
2.7198E+00 	-2.2809E-03 	
2.7199E+00 	-2.5819E-03 	
2.7200E+00 	-2.4808E-03 	
2.7201E+00 	-2.4879E-03 	
2.7202E+00 	-2.7348E-03 	
2.7203E+00 	-3.0876E-03 	
2.7204E+00 	-3.1417E-03 	
2.7205E+00 	-3.0194E-03 	
2.7206E+00 	-2.8877E-03 	
2.7207E+00 	-2.8712E-03 	
2.7208E+00 	-2.8101E-03 	
2.7209E+00 	-3.0735E-03 	
2.7210E+00 	-3.2946E-03 	
2.7211E+00 	-3.1017E-03 	
2.7212E+00 	-2.9089E-03 	
2.7213E+00 	-2.8736E-03 	
2.7214E+00 	-2.8219E-03 	
2.7215E+00 	-2.6596E-03 	
2.7216E+00 	-2.8524E-03 	
2.7217E+00 	-3.1747E-03 	
2.7218E+00 	-3.5228E-03 	
2.7219E+00 	-3.3816E-03 	
2.7220E+00 	-3.0030E-03 	
2.7221E+00 	-3.0500E-03 	
2.7222E+00 	-3.2499E-03 	
2.7223E+00 	-3.3017E-03 	
2.7224E+00 	-3.3934E-03 	
2.7225E+00 	-3.3464E-03 	
2.7226E+00 	-3.5016E-03 	
2.7227E+00 	-3.4945E-03 	
2.7228E+00 	-3.3205E-03 	
2.7229E+00 	-3.4052E-03 	
2.7230E+00 	-3.4052E-03 	
2.7231E+00 	-3.1605E-03 	
2.7232E+00 	-2.9159E-03 	
2.7233E+00 	-3.0382E-03 	
2.7234E+00 	-3.1347E-03 	
2.7235E+00 	-2.9630E-03 	
2.7236E+00 	-3.0053E-03 	
2.7237E+00 	-3.1817E-03 	
2.7238E+00 	-3.2264E-03 	
2.7239E+00 	-3.1864E-03 	
2.7240E+00 	-3.2264E-03 	
2.7241E+00 	-3.1864E-03 	
2.7242E+00 	-3.4310E-03 	
2.7243E+00 	-3.3416E-03 	
2.7244E+00 	-3.2476E-03 	
2.7245E+00 	-3.2805E-03 	
2.7246E+00 	-3.2382E-03 	
2.7247E+00 	-3.1723E-03 	
2.7248E+00 	-3.1441E-03 	
2.7249E+00 	-3.3628E-03 	
2.7250E+00 	-3.2923E-03 	
2.7251E+00 	-3.0218E-03 	
2.7252E+00 	-3.1347E-03 	
2.7253E+00 	-3.2876E-03 	
2.7254E+00 	-3.3699E-03 	
2.7255E+00 	-3.5369E-03 	
2.7256E+00 	-3.2123E-03 	
2.7257E+00 	-3.1864E-03 	
2.7258E+00 	-3.5157E-03 	
2.7259E+00 	-3.4640E-03 	
2.7260E+00 	-3.4263E-03 	
2.7261E+00 	-3.3887E-03 	
2.7262E+00 	-3.3111E-03 	
2.7263E+00 	-3.2076E-03 	
2.7264E+00 	-3.2099E-03 	
2.7265E+00 	-3.1394E-03 	
2.7266E+00 	-3.3887E-03 	
2.7267E+00 	-3.3558E-03 	
2.7268E+00 	-3.2570E-03 	
2.7269E+00 	-3.0100E-03 	
2.7270E+00 	-3.4122E-03 	
2.7271E+00 	-3.4898E-03 	
2.7272E+00 	-3.3205E-03 	
2.7273E+00 	-3.2358E-03 	
2.7274E+00 	-3.1558E-03 	
2.7275E+00 	-3.0429E-03 	
2.7276E+00 	-3.1464E-03 	
2.7277E+00 	-3.1817E-03 	
2.7278E+00 	-3.4522E-03 	
2.7279E+00 	-3.3369E-03 	
2.7280E+00 	-3.1135E-03 	
2.7281E+00 	-3.2476E-03 	
2.7282E+00 	-3.4287E-03 	
2.7283E+00 	-3.2546E-03 	
2.7284E+00 	-3.1841E-03 	
2.7285E+00 	-3.2828E-03 	
2.7286E+00 	-3.3957E-03 	
2.7287E+00 	-3.1229E-03 	
2.7288E+00 	-2.9183E-03 	
2.7289E+00 	-2.8712E-03 	
2.7290E+00 	-3.0759E-03 	
2.7291E+00 	-3.2593E-03 	
2.7292E+00 	-3.0970E-03 	
2.7293E+00 	-3.1347E-03 	
2.7294E+00 	-3.3511E-03 	
2.7295E+00 	-3.2734E-03 	
2.7296E+00 	-3.2546E-03 	
2.7297E+00 	-3.3605E-03 	
2.7298E+00 	-3.3981E-03 	
2.7299E+00 	-3.1041E-03 	
2.7300E+00 	-3.0265E-03 	
2.7301E+00 	-3.1017E-03 	
2.7302E+00 	-3.1558E-03 	
2.7303E+00 	-3.2946E-03 	
2.7304E+00 	-3.2335E-03 	
2.7305E+00 	-3.2499E-03 	
2.7306E+00 	-3.0688E-03 	
2.7307E+00 	-3.1182E-03 	
2.7308E+00 	-3.1841E-03 	
2.7309E+00 	-3.0759E-03 	
2.7310E+00 	-3.1112E-03 	
2.7311E+00 	-3.0571E-03 	
2.7312E+00 	-2.9112E-03 	
2.7313E+00 	-3.1558E-03 	
2.7314E+00 	-2.8313E-03 	
2.7315E+00 	-2.8665E-03 	
2.7316E+00 	-2.9653E-03 	
2.7317E+00 	-2.9371E-03 	
2.7318E+00 	-3.1464E-03 	
2.7319E+00 	-2.9512E-03 	
2.7320E+00 	-2.6502E-03 	
2.7321E+00 	-2.6431E-03 	
2.7322E+00 	-2.9653E-03 	
2.7323E+00 	-2.8148E-03 	
2.7324E+00 	-2.7254E-03 	
2.7325E+00 	-2.7066E-03 	
2.7326E+00 	-2.8077E-03 	
2.7327E+00 	-2.8571E-03 	
2.7328E+00 	-2.8172E-03 	
2.7329E+00 	-2.8854E-03 	
2.7330E+00 	-2.9348E-03 	
2.7331E+00 	-2.8948E-03 	
2.7332E+00 	-2.6925E-03 	
2.7333E+00 	-2.6784E-03 	
2.7334E+00 	-2.8665E-03 	
2.7335E+00 	-2.7019E-03 	
2.7336E+00 	-2.4902E-03 	
2.7337E+00 	-2.6149E-03 	
2.7338E+00 	-2.7254E-03 	
2.7339E+00 	-2.7278E-03 	
2.7340E+00 	-2.2950E-03 	
2.7341E+00 	-2.2268E-03 	
2.7342E+00 	-2.1892E-03 	
2.7343E+00 	-2.2621E-03 	
2.7344E+00 	-2.3232E-03 	
2.7345E+00 	-2.0175E-03 	
2.7346E+00 	-1.7446E-03 	
2.7347E+00 	-1.5706E-03 	
2.7348E+00 	-1.3660E-03 	
2.7349E+00 	-1.5259E-03 	
2.7350E+00 	-1.6247E-03 	
2.7351E+00 	-1.5800E-03 	
2.7352E+00 	-1.3354E-03 	
2.7353E+00 	-1.2295E-03 	
2.7354E+00 	-1.0108E-03 	
2.7355E+00 	-9.1437E-04 	
2.7356E+00 	-6.1096E-04 	
2.7357E+00 	-5.8039E-04 	
2.7358E+00 	-7.8266E-04 	
2.7359E+00 	-5.5922E-04 	
2.7360E+00 	-3.7576E-04 	
2.7361E+00 	-4.9572E-04 	
2.7362E+00 	-5.8274E-04 	
2.7363E+00 	-2.8874E-04 	
2.7364E+00 	1.0640E-04 	
2.7365E+00 	1.2522E-04 	
2.7366E+00 	2.5928E-04 	
2.7367E+00 	4.6626E-04 	
2.7368E+00 	4.3098E-04 	
2.7369E+00 	2.8045E-04 	
2.7370E+00 	4.6390E-04 	
2.7371E+00 	7.2027E-04 	
2.7372E+00 	1.2095E-03 	
2.7373E+00 	1.3459E-03 	
2.7374E+00 	1.5035E-03 	
2.7375E+00 	1.6634E-03 	
2.7376E+00 	2.1009E-03 	
2.7377E+00 	2.7054E-03 	
2.7378E+00 	3.2934E-03 	
2.7379E+00 	3.9872E-03 	
2.7380E+00 	4.5940E-03 	
2.7381E+00 	5.0221E-03 	
2.7382E+00 	5.4055E-03 	
2.7383E+00 	5.8453E-03 	
2.7384E+00 	6.5838E-03 	
2.7385E+00 	7.4494E-03 	
2.7386E+00 	7.9621E-03 	
2.7387E+00 	8.3408E-03 	
2.7388E+00 	8.6324E-03 	
2.7389E+00 	8.7618E-03 	
2.7390E+00 	8.9617E-03 	
2.7391E+00 	8.9100E-03 	
2.7392E+00 	8.9782E-03 	
2.7393E+00 	8.6230E-03 	
2.7394E+00 	8.2726E-03 	
2.7395E+00 	8.1809E-03 	
2.7396E+00 	8.3996E-03 	
2.7397E+00 	8.4278E-03 	
2.7398E+00 	8.0421E-03 	
2.7399E+00 	7.9856E-03 	
2.7400E+00 	8.0538E-03 	
2.7401E+00 	8.0915E-03 	
2.7402E+00 	8.4584E-03 	
2.7403E+00 	8.9358E-03 	
2.7404E+00 	9.1546E-03 	
2.7405E+00 	9.6085E-03 	
2.7406E+00 	9.6367E-03 	
2.7407E+00 	9.6462E-03 	
2.7408E+00 	9.8037E-03 	
2.7409E+00 	9.8249E-03 	
2.7410E+00 	1.0110E-02 	
2.7411E+00 	1.0693E-02 	
2.7412E+00 	1.1194E-02 	
2.7413E+00 	1.1671E-02 	
2.7414E+00 	1.2062E-02 	
2.7415E+00 	1.2951E-02 	
2.7416E+00 	1.3642E-02 	
2.7417E+00 	1.4261E-02 	
2.7418E+00 	1.5091E-02 	
2.7419E+00 	1.6338E-02 	
2.7420E+00 	1.7464E-02 	
2.7421E+00 	1.8532E-02 	
2.7422E+00 	2.0051E-02 	
2.7423E+00 	2.1373E-02 	
2.7424E+00 	2.3137E-02 	
2.7425E+00 	2.5040E-02 	
2.7426E+00 	2.6811E-02 	
2.7427E+00 	2.9170E-02 	
2.7428E+00 	3.2033E-02 	
2.7429E+00 	3.4559E-02 	
2.7430E+00 	3.6708E-02 	
2.7431E+00 	3.9267E-02 	
2.7432E+00 	4.1570E-02 	
2.7433E+00 	4.3586E-02 	
2.7434E+00 	4.5180E-02 	
2.7435E+00 	4.6876E-02 	
2.7436E+00 	4.7885E-02 	
2.7437E+00 	4.8203E-02 	
2.7438E+00 	4.8261E-02 	
2.7439E+00 	4.8292E-02 	
2.7440E+00 	4.7565E-02 	
2.7441E+00 	4.6314E-02 	
2.7442E+00 	4.4896E-02 	
2.7443E+00 	4.3456E-02 	
2.7444E+00 	4.2765E-02 	
2.7445E+00 	4.2007E-02 	
2.7446E+00 	4.1097E-02 	
2.7447E+00 	4.0519E-02 	
2.7448E+00 	4.0335E-02 	
2.7449E+00 	4.0185E-02 	
2.7450E+00 	4.0025E-02 	
2.7451E+00 	4.0483E-02 	
2.7452E+00 	4.1539E-02 	
2.7453E+00 	4.2396E-02 	
2.7454E+00 	4.3075E-02 	
2.7455E+00 	4.4501E-02 	
2.7456E+00 	4.5780E-02 	
2.7457E+00 	4.6655E-02 	
2.7458E+00 	4.7140E-02 	
2.7459E+00 	4.7539E-02 	
2.7460E+00 	4.7434E-02 	
2.7461E+00 	4.6714E-02 	
2.7462E+00 	4.5573E-02 	
2.7463E+00 	4.4336E-02 	
2.7464E+00 	4.3193E-02 	
2.7465E+00 	4.2203E-02 	
2.7466E+00 	4.1100E-02 	
2.7467E+00 	4.0154E-02 	
2.7468E+00 	3.9557E-02 	
2.7469E+00 	3.8933E-02 	
2.7470E+00 	3.8447E-02 	
2.7471E+00 	3.8374E-02 	
2.7472E+00 	3.8534E-02 	
2.7473E+00 	3.8731E-02 	
2.7474E+00 	3.9234E-02 	
2.7475E+00 	4.0469E-02 	
2.7476E+00 	4.1469E-02 	
2.7477E+00 	4.2109E-02 	
2.7478E+00 	4.3082E-02 	
2.7479E+00 	4.4073E-02 	
2.7480E+00 	4.4609E-02 	
2.7481E+00 	4.4240E-02 	
2.7482E+00 	4.3016E-02 	
2.7483E+00 	4.1953E-02 	
2.7484E+00 	4.0730E-02 	
2.7485E+00 	3.9225E-02 	
2.7486E+00 	3.7555E-02 	
2.7487E+00 	3.5822E-02 	
2.7488E+00 	3.4124E-02 	
2.7489E+00 	3.2197E-02 	
2.7490E+00 	3.0050E-02 	
2.7491E+00 	2.8187E-02 	
2.7492E+00 	2.6607E-02 	
2.7493E+00 	2.4772E-02 	
2.7494E+00 	2.2848E-02 	
2.7495E+00 	2.1543E-02 	
2.7496E+00 	2.0969E-02 	
2.7497E+00 	2.0385E-02 	
2.7498E+00 	1.9706E-02 	
2.7499E+00 	1.9315E-02 	
2.7500E+00 	1.8965E-02 	
2.7501E+00 	1.8584E-02 	
2.7502E+00 	1.8405E-02 	
2.7503E+00 	1.8436E-02 	
2.7504E+00 	1.8447E-02 	
2.7505E+00 	1.8621E-02 	
2.7506E+00 	1.8763E-02 	
2.7507E+00 	1.9405E-02 	
2.7508E+00 	1.9680E-02 	
2.7509E+00 	1.9795E-02 	
2.7510E+00 	1.9442E-02 	
2.7511E+00 	1.8845E-02 	
2.7512E+00 	1.8374E-02 	
2.7513E+00 	1.7601E-02 	
2.7514E+00 	1.6387E-02 	
2.7515E+00 	1.5166E-02 	
2.7516E+00 	1.4308E-02 	
2.7517E+00 	1.3508E-02 	
2.7518E+00 	1.2471E-02 	
2.7519E+00 	1.1561E-02 	
2.7520E+00 	1.1036E-02 	
2.7521E+00 	1.0013E-02 	
2.7522E+00 	9.0864E-03 	
2.7523E+00 	8.4984E-03 	
2.7524E+00 	7.7104E-03 	
2.7525E+00 	6.9508E-03 	
2.7526E+00 	6.3463E-03 	
2.7527E+00 	5.9276E-03 	
2.7528E+00 	5.9629E-03 	
2.7529E+00 	5.5607E-03 	
2.7530E+00 	4.7751E-03 	
2.7531E+00 	4.5023E-03 	
2.7532E+00 	4.8128E-03 	
2.7533E+00 	4.9021E-03 	
2.7534E+00 	4.5564E-03 	
2.7535E+00 	4.2577E-03 	
2.7536E+00 	4.0531E-03 	
2.7537E+00 	3.8861E-03 	
2.7538E+00 	3.6462E-03 	
2.7539E+00 	3.4345E-03 	
2.7540E+00 	3.3310E-03 	
2.7541E+00 	3.1758E-03 	
2.7542E+00 	2.6677E-03 	
2.7543E+00 	2.5878E-03 	
2.7544E+00 	2.2326E-03 	
2.7545E+00 	1.6893E-03 	
2.7546E+00 	1.4729E-03 	
2.7547E+00 	1.2706E-03 	
2.7548E+00 	9.4607E-04 	
2.7549E+00 	8.7080E-04 	
2.7550E+00 	6.7794E-04 	
2.7551E+00 	4.5214E-04 	
2.7552E+00 	4.7802E-04 	
2.7553E+00 	1.4638E-04 	
2.7554E+00 	-4.4162E-04 	
2.7555E+00 	-6.1567E-04 	
2.7556E+00 	-4.2045E-04 	
2.7557E+00 	-3.3578E-04 	
2.7558E+00 	-4.0399E-04 	
2.7559E+00 	-5.3100E-04 	
2.7560E+00 	-2.8874E-04 	
2.7561E+00 	-2.2288E-04 	
2.7562E+00 	-3.0285E-04 	
2.7563E+00 	-2.6522E-04 	
2.7564E+00 	-2.3935E-04 	
2.7565E+00 	-2.1818E-04 	
2.7566E+00 	-4.8866E-04 	
2.7567E+00 	-6.5800E-04 	
2.7568E+00 	-8.2029E-04 	
2.7569E+00 	-1.0226E-03 	
2.7570E+00 	-1.3683E-03 	
2.7571E+00 	-1.3119E-03 	
2.7572E+00 	-8.7674E-04 	
2.7573E+00 	-1.0508E-03 	
2.7574E+00 	-1.5800E-03 	
2.7575E+00 	-1.8387E-03 	
2.7576E+00 	-1.7493E-03 	
2.7577E+00 	-1.9916E-03 	
2.7578E+00 	-2.2268E-03 	
2.7579E+00 	-2.1586E-03 	
2.7580E+00 	-2.1163E-03 	
2.7581E+00 	-2.2809E-03 	
2.7582E+00 	-2.5514E-03 	
2.7583E+00 	-2.5678E-03 	
2.7584E+00 	-2.2574E-03 	
2.7585E+00 	-2.3279E-03 	
2.7586E+00 	-2.5702E-03 	
2.7587E+00 	-2.3350E-03 	
2.7588E+00 	-1.9822E-03 	
2.7589E+00 	-2.0410E-03 	
2.7590E+00 	-2.4385E-03 	
2.7591E+00 	-2.2080E-03 	
2.7592E+00 	-1.8481E-03 	
2.7593E+00 	-2.1021E-03 	
2.7594E+00 	-2.6831E-03 	
2.7595E+00 	-2.4314E-03 	
2.7596E+00 	-2.3256E-03 	
2.7597E+00 	-2.7348E-03 	
2.7598E+00 	-2.9771E-03 	
2.7599E+00 	-3.0947E-03 	
2.7600E+00 	-3.0030E-03 	
2.7601E+00 	-3.0171E-03 	
2.7602E+00 	-3.0806E-03 	
2.7603E+00 	-3.2052E-03 	
2.7604E+00 	-3.0806E-03 	
2.7605E+00 	-2.8383E-03 	
2.7606E+00 	-3.1794E-03 	
2.7607E+00 	-3.2288E-03 	
2.7608E+00 	-2.9912E-03 	
2.7609E+00 	-3.0006E-03 	
2.7610E+00 	-3.0618E-03 	
2.7611E+00 	-2.9677E-03 	
2.7612E+00 	-2.8712E-03 	
2.7613E+00 	-3.0618E-03 	
2.7614E+00 	-3.2523E-03 	
2.7615E+00 	-3.2640E-03 	
2.7616E+00 	-3.0500E-03 	
2.7617E+00 	-3.0265E-03 	
2.7618E+00 	-3.2170E-03 	
2.7619E+00 	-3.1323E-03 	
2.7620E+00 	-2.8736E-03 	
2.7621E+00 	-2.8054E-03 	
2.7622E+00 	-2.9324E-03 	
2.7623E+00 	-2.9089E-03 	
2.7624E+00 	-2.8877E-03 	
2.7625E+00 	-3.0453E-03 	
2.7626E+00 	-3.3299E-03 	
2.7627E+00 	-3.5322E-03 	
2.7628E+00 	-3.3158E-03 	
2.7629E+00 	-3.3487E-03 	
2.7630E+00 	-3.6309E-03 	
2.7631E+00 	-3.3322E-03 	
2.7632E+00 	-3.1511E-03 	
2.7633E+00 	-3.2076E-03 	
2.7634E+00 	-3.2617E-03 	
2.7635E+00 	-3.2240E-03 	
2.7636E+00 	-2.9888E-03 	
2.7637E+00 	-3.1723E-03 	
2.7638E+00 	-3.2382E-03 	
2.7639E+00 	-3.1535E-03 	
2.7640E+00 	-2.8783E-03 	
2.7641E+00 	-3.2288E-03 	
2.7642E+00 	-3.4804E-03 	
2.7643E+00 	-3.1864E-03 	
2.7644E+00 	-3.0735E-03 	
2.7645E+00 	-2.8877E-03 	
2.7646E+00 	-2.9395E-03 	
2.7647E+00 	-3.1135E-03 	
2.7648E+00 	-2.9606E-03 	
2.7649E+00 	-2.8689E-03 	
2.7650E+00 	-3.1229E-03 	
2.7651E+00 	-2.9983E-03 	
2.7652E+00 	-2.8548E-03 	
2.7653E+00 	-2.6831E-03 	
2.7654E+00 	-2.8736E-03 	
2.7655E+00 	-3.1676E-03 	
2.7656E+00 	-2.9489E-03 	
2.7657E+00 	-3.1017E-03 	
2.7658E+00 	-2.9489E-03 	
2.7659E+00 	-2.9136E-03 	
2.7660E+00 	-2.9912E-03 	
2.7661E+00 	-3.1488E-03 	
2.7662E+00 	-3.0923E-03 	
2.7663E+00 	-3.0665E-03 	
2.7664E+00 	-2.9065E-03 	
2.7665E+00 	-2.9912E-03 	
2.7666E+00 	-3.2311E-03 	
2.7667E+00 	-3.2335E-03 	
2.7668E+00 	-3.1982E-03 	
2.7669E+00 	-3.0594E-03 	
2.7670E+00 	-3.0547E-03 	
2.7671E+00 	-3.0335E-03 	
2.7672E+00 	-2.9653E-03 	
2.7673E+00 	-3.0194E-03 	
2.7674E+00 	-3.1888E-03 	
2.7675E+00 	-2.7019E-03 	
2.7676E+00 	-2.5420E-03 	
2.7677E+00 	-2.7536E-03 	
2.7678E+00 	-3.0594E-03 	
2.7679E+00 	-2.9395E-03 	
2.7680E+00 	-2.8807E-03 	
2.7681E+00 	-2.8571E-03 	
2.7682E+00 	-3.1347E-03 	
2.7683E+00 	-2.9936E-03 	
2.7684E+00 	-2.8007E-03 	
2.7685E+00 	-2.9442E-03 	
2.7686E+00 	-3.3699E-03 	
2.7687E+00 	-3.2311E-03 	
2.7688E+00 	-3.1511E-03 	
2.7689E+00 	-3.1605E-03 	
2.7690E+00 	-3.2640E-03 	
2.7691E+00 	-3.4334E-03 	
2.7692E+00 	-3.3181E-03 	
2.7693E+00 	-3.1112E-03 	
2.7694E+00 	-2.8783E-03 	
2.7695E+00 	-2.9512E-03 	
2.7696E+00 	-2.9818E-03 	
2.7697E+00 	-2.9724E-03 	
2.7698E+00 	-3.0500E-03 	
2.7699E+00 	-2.9183E-03 	
2.7700E+00 	-2.7090E-03 	
2.7701E+00 	-2.8924E-03 	
2.7702E+00 	-3.2076E-03 	
2.7703E+00 	-3.2382E-03 	
2.7704E+00 	-2.9465E-03 	
2.7705E+00 	-2.7866E-03 	
2.7706E+00 	-3.1135E-03 	
2.7707E+00 	-3.2029E-03 	
2.7708E+00 	-3.0359E-03 	
2.7709E+00 	-2.9724E-03 	
2.7710E+00 	-3.0453E-03 	
2.7711E+00 	-3.2052E-03 	
2.7712E+00 	-3.0453E-03 	
2.7713E+00 	-2.9206E-03 	
2.7714E+00 	-3.0453E-03 	
2.7715E+00 	-3.1958E-03 	
2.7716E+00 	-3.1135E-03 	
2.7717E+00 	-2.8830E-03 	
2.7718E+00 	-2.9583E-03 	
2.7719E+00 	-2.8595E-03 	
2.7720E+00 	-2.6901E-03 	
2.7721E+00 	-2.5514E-03 	
2.7722E+00 	-2.6525E-03 	
2.7723E+00 	-2.4079E-03 	
2.7724E+00 	-2.4220E-03 	
2.7725E+00 	-2.4361E-03 	
2.7726E+00 	-2.6172E-03 	
2.7727E+00 	-2.9771E-03 	
2.7728E+00 	-2.7607E-03 	
2.7729E+00 	-2.4879E-03 	
2.7730E+00 	-2.8336E-03 	
2.7731E+00 	-3.1323E-03 	
2.7732E+00 	-2.7372E-03 	
2.7733E+00 	-2.3326E-03 	
2.7734E+00 	-2.5819E-03 	
2.7735E+00 	-2.7113E-03 	
2.7736E+00 	-2.3703E-03 	
2.7737E+00 	-2.4738E-03 	
2.7738E+00 	-2.5819E-03 	
2.7739E+00 	-2.3397E-03 	
2.7740E+00 	-2.4126E-03 	
2.7741E+00 	-2.4150E-03 	
2.7742E+00 	-2.3444E-03 	
2.7743E+00 	-2.3162E-03 	
2.7744E+00 	-1.8175E-03 	
2.7745E+00 	-1.7046E-03 	
2.7746E+00 	-1.8669E-03 	
2.7747E+00 	-2.0527E-03 	
2.7748E+00 	-1.6647E-03 	
2.7749E+00 	-1.3213E-03 	
2.7750E+00 	-1.3918E-03 	
2.7751E+00 	-1.4365E-03 	
2.7752E+00 	-1.0955E-03 	
2.7753E+00 	-9.9434E-04 	
2.7754E+00 	-7.5444E-04 	
2.7755E+00 	-2.3464E-04 	
2.7756E+00 	3.4630E-04 	
2.7757E+00 	6.5442E-04 	
2.7758E+00 	6.1914E-04 	
2.7759E+00 	8.9197E-04 	
2.7760E+00 	1.3200E-03 	
2.7761E+00 	1.3741E-03 	
2.7762E+00 	1.1366E-03 	
2.7763E+00 	6.6618E-04 	
2.7764E+00 	5.5563E-04 	
2.7765E+00 	5.2976E-04 	
2.7766E+00 	3.9334E-04 	
2.7767E+00 	1.6755E-04 	
2.7768E+00 	5.2627E-06 	
2.7769E+00 	-2.4875E-04 	
2.7770E+00 	-4.9101E-04 	
2.7771E+00 	-4.2751E-04 	
2.7772E+00 	7.1119E-05 	
2.7773E+00 	3.0397E-04 	
2.7774E+00 	-1.5905E-05 	
2.7775E+00 	8.7583E-05 	
2.7776E+00 	3.8394E-04 	
2.7777E+00 	5.2506E-04 	
2.7778E+00 	5.6975E-04 	
2.7779E+00 	9.5312E-04 	
2.7780E+00 	1.1084E-03 	
2.7781E+00 	1.0401E-03 	
2.7782E+00 	6.5912E-04 	
2.7783E+00 	8.3787E-04 	
2.7784E+00 	1.1201E-03 	
2.7785E+00 	1.1789E-03 	
2.7786E+00 	1.0942E-03 	
2.7787E+00 	8.9903E-04 	
2.7788E+00 	1.3412E-03 	
2.7789E+00 	1.6282E-03 	
2.7790E+00 	1.8328E-03 	
2.7791E+00 	2.1315E-03 	
2.7792E+00 	2.5219E-03 	
2.7793E+00 	2.7877E-03 	
2.7794E+00 	3.3404E-03 	
2.7795E+00 	3.9660E-03 	
2.7796E+00 	4.9092E-03 	
2.7797E+00 	5.7771E-03 	
2.7798E+00 	6.5768E-03 	
2.7799E+00 	7.6305E-03 	
2.7800E+00 	8.7547E-03 	
2.7801E+00 	9.7261E-03 	
2.7802E+00 	1.0794E-02 	
2.7803E+00 	1.2085E-02 	
2.7804E+00 	1.3304E-02 	
2.7805E+00 	1.4296E-02 	
2.7806E+00 	1.4738E-02 	
2.7807E+00 	1.5251E-02 	
2.7808E+00 	1.5710E-02 	
2.7809E+00 	1.6608E-02 	
2.7810E+00 	1.7177E-02 	
2.7811E+00 	1.7060E-02 	
2.7812E+00 	1.6759E-02 	
2.7813E+00 	1.6276E-02 	
2.7814E+00 	1.5625E-02 	
2.7815E+00 	1.5025E-02 	
2.7816E+00 	1.4390E-02 	
2.7817E+00 	1.3692E-02 	
2.7818E+00 	1.3240E-02 	
2.7819E+00 	1.2812E-02 	
2.7820E+00 	1.2612E-02 	
2.7821E+00 	1.2426E-02 	
2.7822E+00 	1.1913E-02 	
2.7823E+00 	1.1603E-02 	
2.7824E+00 	1.1848E-02 	
2.7825E+00 	1.2177E-02 	
2.7826E+00 	1.2817E-02 	
2.7827E+00 	1.3729E-02 	
2.7828E+00 	1.4783E-02 	
2.7829E+00 	1.5411E-02 	
2.7830E+00 	1.5783E-02 	
2.7831E+00 	1.6192E-02 	
2.7832E+00 	1.6239E-02 	
2.7833E+00 	1.6427E-02 	
2.7834E+00 	1.5992E-02 	
2.7835E+00 	1.5592E-02 	
2.7836E+00 	1.5479E-02 	
2.7837E+00 	1.5009E-02 	
2.7838E+00 	1.4188E-02 	
2.7839E+00 	1.3793E-02 	
2.7840E+00 	1.3633E-02 	
2.7841E+00 	1.3085E-02 	
2.7842E+00 	1.2671E-02 	
2.7843E+00 	1.2476E-02 	
2.7844E+00 	1.2701E-02 	
2.7845E+00 	1.3068E-02 	
2.7846E+00 	1.3383E-02 	
2.7847E+00 	1.3819E-02 	
2.7848E+00 	1.4583E-02 	
2.7849E+00 	1.5152E-02 	
2.7850E+00 	1.5331E-02 	
2.7851E+00 	1.5717E-02 	
2.7852E+00 	1.6737E-02 	
2.7853E+00 	1.7234E-02 	
2.7854E+00 	1.7015E-02 	
2.7855E+00 	1.7130E-02 	
2.7856E+00 	1.6883E-02 	
2.7857E+00 	1.6197E-02 	
2.7858E+00 	1.5028E-02 	
2.7859E+00 	1.4223E-02 	
2.7860E+00 	1.3619E-02 	
2.7861E+00 	1.2937E-02 	
2.7862E+00 	1.1866E-02 	
2.7863E+00 	1.0787E-02 	
2.7864E+00 	1.0276E-02 	
2.7865E+00 	9.7073E-03 	
2.7866E+00 	8.7830E-03 	
2.7867E+00 	8.0162E-03 	
2.7868E+00 	7.5928E-03 	
2.7869E+00 	7.1718E-03 	
2.7870E+00 	6.5203E-03 	
2.7871E+00 	6.3251E-03 	
2.7872E+00 	6.2263E-03 	
2.7873E+00 	6.4992E-03 	
2.7874E+00 	6.4145E-03 	
2.7875E+00 	6.7367E-03 	
2.7876E+00 	7.3647E-03 	
2.7877E+00 	7.5458E-03 	
2.7878E+00 	7.6705E-03 	
2.7879E+00 	8.4043E-03 	
2.7880E+00 	8.7171E-03 	
2.7881E+00 	8.6489E-03 	
2.7882E+00 	8.6230E-03 	
2.7883E+00 	8.2420E-03 	
2.7884E+00 	7.8869E-03 	
2.7885E+00 	7.5176E-03 	
2.7886E+00 	6.8590E-03 	
2.7887E+00 	6.0617E-03 	
2.7888E+00 	5.5537E-03 	
2.7889E+00 	5.1444E-03 	
2.7890E+00 	4.3612E-03 	
2.7891E+00 	3.6956E-03 	
2.7892E+00 	3.6227E-03 	
2.7893E+00 	3.3404E-03 	
2.7894E+00 	2.8324E-03 	
2.7895E+00 	2.4561E-03 	
2.7896E+00 	2.5478E-03 	
2.7897E+00 	2.3973E-03 	
2.7898E+00 	2.1668E-03 	
2.7899E+00 	2.2091E-03 	
2.7900E+00 	2.1926E-03 	
2.7901E+00 	2.0986E-03 	
2.7902E+00 	1.7810E-03 	
2.7903E+00 	1.5200E-03 	
2.7904E+00 	1.3459E-03 	
2.7905E+00 	1.2213E-03 	
2.7906E+00 	1.2965E-03 	
2.7907E+00 	1.1672E-03 	
2.7908E+00 	1.0543E-03 	
2.7909E+00 	7.8613E-04 	
2.7910E+00 	4.6390E-04 	
2.7911E+00 	4.8037E-04 	
2.7912E+00 	5.4387E-04 	
2.7913E+00 	4.1451E-04 	
2.7914E+00 	6.1711E-05 	
2.7915E+00 	-2.5313E-05 	
2.7916E+00 	1.2286E-04 	
2.7917E+00 	1.5579E-04 	
2.7918E+00 	-9.1170E-05 	
2.7919E+00 	-4.2280E-04 	
2.7920E+00 	-4.3692E-04 	
2.7921E+00 	-5.5687E-04 	
2.7922E+00 	-3.4989E-04 	
2.7923E+00 	-5.5687E-04 	
2.7924E+00 	-5.7804E-04 	
2.7925E+00 	-7.0269E-04 	
2.7926E+00 	-1.1449E-03 	
2.7927E+00 	-1.5306E-03 	
2.7928E+00 	-1.1331E-03 	
2.7929E+00 	-1.1660E-03 	
2.7930E+00 	-1.3283E-03 	
2.7931E+00 	-1.1660E-03 	
2.7932E+00 	-1.0014E-03 	
2.7933E+00 	-7.8266E-04 	
2.7934E+00 	-8.7909E-04 	
2.7935E+00 	-1.0696E-03 	
2.7936E+00 	-1.1119E-03 	
2.7937E+00 	-1.1707E-03 	
2.7938E+00 	-1.4553E-03 	
2.7939E+00 	-1.5635E-03 	
2.7940E+00 	-1.4906E-03 	
2.7941E+00 	-1.5118E-03 	
2.7942E+00 	-1.7423E-03 	
2.7943E+00 	-2.0951E-03 	
2.7944E+00 	-2.1798E-03 	
2.7945E+00 	-2.0504E-03 	
2.7946E+00 	-2.0128E-03 	
2.7947E+00 	-2.2315E-03 	
2.7948E+00 	-2.3797E-03 	
2.7949E+00 	-2.1609E-03 	
2.7950E+00 	-1.9422E-03 	
2.7951E+00 	-1.8528E-03 	
2.7952E+00 	-1.8528E-03 	
2.7953E+00 	-1.9422E-03 	
2.7954E+00 	-2.5490E-03 	
2.7955E+00 	-2.8124E-03 	
2.7956E+00 	-2.9442E-03 	
2.7957E+00 	-2.7184E-03 	
2.7958E+00 	-2.7278E-03 	
2.7959E+00 	-2.6431E-03 	
2.7960E+00 	-2.6784E-03 	
2.7961E+00 	-2.8313E-03 	
2.7962E+00 	-2.9794E-03 	
2.7963E+00 	-2.7184E-03 	
2.7964E+00 	-2.7442E-03 	
2.7965E+00 	-2.9936E-03 	
2.7966E+00 	-3.1300E-03 	
2.7967E+00 	-3.1676E-03 	
2.7968E+00 	-2.7795E-03 	
2.7969E+00 	-2.7607E-03 	
2.7970E+00 	-3.0665E-03 	
2.7971E+00 	-3.2052E-03 	
2.7972E+00 	-2.8971E-03 	
2.7973E+00 	-2.8454E-03 	
2.7974E+00 	-3.0171E-03 	
2.7975E+00 	-3.0994E-03 	
2.7976E+00 	-3.0077E-03 	
2.7977E+00 	-3.1394E-03 	
2.7978E+00 	-3.2311E-03 	
2.7979E+00 	-3.3181E-03 	
2.7980E+00 	-3.0241E-03 	
2.7981E+00 	-2.7607E-03 	
2.7982E+00 	-2.8760E-03 	
2.7983E+00 	-3.2476E-03 	
2.7984E+00 	-3.1394E-03 	
2.7985E+00 	-2.8665E-03 	
2.7986E+00 	-3.0171E-03 	
2.7987E+00 	-3.2781E-03 	
2.7988E+00 	-3.2617E-03 	
2.7989E+00 	-2.9888E-03 	
2.7990E+00 	-3.0735E-03 	
2.7991E+00 	-3.2640E-03 	
2.7992E+00 	-3.0147E-03 	
2.7993E+00 	-3.1347E-03 	
2.7994E+00 	-3.1629E-03 	
2.7995E+00 	-3.3064E-03 	
2.7996E+00 	-3.1794E-03 	
2.7997E+00 	-3.0688E-03 	
2.7998E+00 	-2.9630E-03 	
2.7999E+00 	-3.2899E-03 	
2.8000E+00 	-3.3040E-03 	
