2.7000E+00 	-3.3106E-03 	
2.7008E+00 	-3.0406E-03 	
2.7016E+00 	-3.0241E-03 	
2.7024E+00 	-3.1097E-03 	
2.7032E+00 	-3.2151E-03 	
2.7040E+00 	-3.4950E-03 	
2.7048E+00 	-3.4522E-03 	
2.7056E+00 	-3.5148E-03 	
2.7064E+00 	-3.4621E-03 	
2.7072E+00 	-3.2546E-03 	
2.7080E+00 	-3.0011E-03 	
2.7088E+00 	-3.2250E-03 	
2.7096E+00 	-3.0208E-03 	
2.7104E+00 	-2.9714E-03 	
2.7112E+00 	-3.2447E-03 	
2.7120E+00 	-3.2941E-03 	
2.7128E+00 	-3.0867E-03 	
2.7136E+00 	-3.0538E-03 	
2.7144E+00 	-2.8694E-03 	
2.7152E+00 	-3.2118E-03 	
2.7160E+00 	-3.4390E-03 	
2.7168E+00 	-3.3830E-03 	
2.7176E+00 	-3.2151E-03 	
2.7184E+00 	-3.3567E-03 	
2.7192E+00 	-3.3666E-03 	
2.7200E+00 	-3.4621E-03 	
2.7208E+00 	-3.5806E-03 	
2.7216E+00 	-3.6168E-03 	
2.7224E+00 	-3.4028E-03 	
2.7232E+00 	-3.3534E-03 	
2.7240E+00 	-3.1986E-03 	
2.7248E+00 	-3.2810E-03 	
2.7256E+00 	-3.1361E-03 	
2.7264E+00 	-3.1921E-03 	
2.7272E+00 	-3.4687E-03 	
2.7280E+00 	-3.3929E-03 	
2.7288E+00 	-3.2415E-03 	
2.7296E+00 	-3.1921E-03 	
2.7304E+00 	-3.0472E-03 	
2.7312E+00 	-2.8529E-03 	
2.7320E+00 	-2.9418E-03 	
2.7328E+00 	-2.9484E-03 	
2.7336E+00 	-2.4182E-03 	
2.7344E+00 	-1.5786E-03 	
2.7352E+00 	-6.4342E-04 	
2.7360E+00 	6.1773E-04 	
2.7368E+00 	1.7702E-03 	
2.7376E+00 	2.4354E-03 	
2.7384E+00 	3.1664E-03 	
2.7392E+00 	5.3265E-03 	
2.7400E+00 	1.0727E-02 	
2.7408E+00 	1.9775E-02 	
2.7416E+00 	2.6967E-02 	
2.7424E+00 	3.0237E-02 	
2.7432E+00 	3.2647E-02 	
2.7440E+00 	3.3885E-02 	
2.7448E+00 	3.4563E-02 	
2.7456E+00 	3.5597E-02 	
2.7464E+00 	3.2696E-02 	
2.7472E+00 	2.6990E-02 	
2.7480E+00 	2.2844E-02 	
2.7488E+00 	2.1188E-02 	
2.7496E+00 	2.3328E-02 	
2.7504E+00 	2.8788E-02 	
2.7512E+00 	3.1820E-02 	
2.7520E+00 	3.1886E-02 	
2.7528E+00 	3.2463E-02 	
2.7536E+00 	3.1590E-02 	
2.7544E+00 	3.0862E-02 	
2.7552E+00 	2.9542E-02 	
2.7560E+00 	2.4701E-02 	
2.7568E+00 	1.8580E-02 	
2.7576E+00 	1.4490E-02 	
2.7584E+00 	1.1481E-02 	
2.7592E+00 	8.0200E-03 	
2.7600E+00 	4.7733E-03 	
2.7608E+00 	2.4749E-03 	
2.7616E+00 	6.7041E-04 	
2.7624E+00 	-4.9195E-04 	
2.7632E+00 	-1.1867E-03 	
2.7640E+00 	-1.6938E-03 	
2.7648E+00 	-2.1351E-03 	
2.7656E+00 	-2.6323E-03 	
2.7664E+00 	-2.9385E-03 	
2.7672E+00 	-3.1097E-03 	
2.7680E+00 	-2.9879E-03 	
2.7688E+00 	-3.1097E-03 	
2.7696E+00 	-3.1591E-03 	
2.7704E+00 	-2.8825E-03 	
2.7712E+00 	-3.0208E-03 	
2.7720E+00 	-3.4291E-03 	
2.7728E+00 	-3.3468E-03 	
2.7736E+00 	-3.3468E-03 	
2.7744E+00 	-3.3666E-03 	
2.7752E+00 	-3.2480E-03 	
2.7760E+00 	-3.1855E-03 	
2.7768E+00 	-3.1756E-03 	
2.7776E+00 	-3.2447E-03 	
2.7784E+00 	-3.5641E-03 	
2.7792E+00 	-3.3896E-03 	
2.7800E+00 	-3.2876E-03 	
2.7808E+00 	-3.5279E-03 	
2.7816E+00 	-3.6070E-03 	
2.7824E+00 	-3.5115E-03 	
2.7832E+00 	-3.3732E-03 	
2.7840E+00 	-3.2184E-03 	
2.7848E+00 	-3.1460E-03 	
2.7856E+00 	-3.2283E-03 	
2.7864E+00 	-3.3830E-03 	
2.7872E+00 	-3.3304E-03 	
2.7880E+00 	-3.0801E-03 	
2.7888E+00 	-3.1723E-03 	
2.7896E+00 	-2.9583E-03 	
2.7904E+00 	-2.9220E-03 	
2.7912E+00 	-2.4512E-03 	
2.7920E+00 	-1.8091E-03 	
2.7928E+00 	-9.3978E-04 	
2.7936E+00 	-2.9438E-04 	
2.7944E+00 	1.5015E-04 	
2.7952E+00 	1.1676E-03 	
2.7960E+00 	3.4726E-03 	
2.7968E+00 	7.5722E-03 	
2.7976E+00 	1.1556E-02 	
2.7984E+00 	1.3829E-02 	
2.7992E+00 	1.5620E-02 	
2.8000E+00 	1.7125E-02 	
2.8008E+00 	1.7635E-02 	
2.8016E+00 	1.8000E-02 	
2.8024E+00 	1.7250E-02 	
2.8032E+00 	1.4573E-02 	
2.8040E+00 	1.2689E-02 	
2.8048E+00 	1.4569E-02 	
2.8056E+00 	1.8784E-02 	
2.8064E+00 	2.0226E-02 	
2.8072E+00 	1.9844E-02 	
2.8080E+00 	1.9578E-02 	
2.8088E+00 	1.8550E-02 	
2.8096E+00 	1.7856E-02 	
2.8104E+00 	1.7536E-02 	
2.8112E+00 	1.4787E-02 	
2.8120E+00 	1.1675E-02 	
2.8128E+00 	9.8113E-03 	
2.8136E+00 	7.8191E-03 	
2.8144E+00 	5.2046E-03 	
2.8152E+00 	3.0215E-03 	
2.8160E+00 	1.7867E-03 	
2.8168E+00 	7.6920E-04 	
2.8176E+00 	1.5344E-04 	
2.8184E+00 	-5.3147E-04 	
2.8192E+00 	-1.0912E-03 	
2.8200E+00 	-1.6708E-03 	
2.8208E+00 	-2.0330E-03 	
2.8216E+00 	-2.2470E-03 	
2.8224E+00 	-2.5664E-03 	
2.8232E+00 	-2.7377E-03 	
2.8240E+00 	-2.8035E-03 	
2.8248E+00 	-3.0603E-03 	
2.8256E+00 	-3.2316E-03 	
2.8264E+00 	-3.5213E-03 	
2.8272E+00 	-3.5082E-03 	
2.8280E+00 	-3.3666E-03 	
2.8288E+00 	-3.4489E-03 	
2.8296E+00 	-3.6333E-03 	
2.8304E+00 	-3.6234E-03 	
2.8312E+00 	-3.4423E-03 	
2.8320E+00 	-3.3534E-03 	
2.8328E+00 	-3.3600E-03 	
2.8336E+00 	-3.4291E-03 	
2.8344E+00 	-3.4621E-03 	
2.8352E+00 	-3.3040E-03 	
2.8360E+00 	-3.1690E-03 	
2.8368E+00 	-3.2447E-03 	
2.8376E+00 	-3.4687E-03 	
2.8384E+00 	-3.4950E-03 	
2.8392E+00 	-3.3600E-03 	
2.8400E+00 	-3.2908E-03 	
2.8408E+00 	-3.2250E-03 	
2.8416E+00 	-3.2447E-03 	
2.8424E+00 	-3.6135E-03 	
2.8432E+00 	-3.5872E-03 	
2.8440E+00 	-3.1888E-03 	
2.8448E+00 	-3.1624E-03 	
2.8456E+00 	-3.3238E-03 	
2.8464E+00 	-3.3567E-03 	
2.8472E+00 	-3.0702E-03 	
2.8480E+00 	-3.2349E-03 	
2.8488E+00 	-3.3962E-03 	
2.8496E+00 	-3.3304E-03 	
2.8504E+00 	-3.2843E-03 	
2.8512E+00 	-3.0011E-03 	
2.8520E+00 	-3.4423E-03 	
2.8528E+00 	-3.5345E-03 	
2.8536E+00 	-3.5378E-03 	
2.8544E+00 	-3.5016E-03 	
2.8552E+00 	-3.1262E-03 	
2.8560E+00 	-3.2645E-03 	
2.8568E+00 	-3.2085E-03 	
2.8576E+00 	-3.1888E-03 	
2.8584E+00 	-3.2941E-03 	
2.8592E+00 	-3.4357E-03 	
2.8600E+00 	-3.3863E-03 	
2.8608E+00 	-3.3798E-03 	
2.8616E+00 	-3.2250E-03 	
2.8624E+00 	-3.4588E-03 	
2.8632E+00 	-3.3402E-03 	
2.8640E+00 	-3.2908E-03 	
2.8648E+00 	-3.3007E-03 	
2.8656E+00 	-3.3600E-03 	
2.8664E+00 	-3.3106E-03 	
2.8672E+00 	-3.1789E-03 	
2.8680E+00 	-3.2908E-03 	
2.8688E+00 	-3.3798E-03 	
2.8696E+00 	-3.3732E-03 	
2.8704E+00 	-3.3304E-03 	
2.8712E+00 	-3.3600E-03 	
2.8720E+00 	-3.4028E-03 	
2.8728E+00 	-3.5543E-03 	
2.8736E+00 	-3.2382E-03 	
2.8744E+00 	-3.4621E-03 	
2.8752E+00 	-3.5543E-03 	
2.8760E+00 	-3.4621E-03 	
2.8768E+00 	-3.4324E-03 	
2.8776E+00 	-3.4950E-03 	
2.8784E+00 	-3.3435E-03 	
2.8792E+00 	-3.3798E-03 	
2.8800E+00 	-3.3929E-03 	
2.8808E+00 	-3.5938E-03 	
2.8816E+00 	-3.3271E-03 	
2.8824E+00 	-3.3271E-03 	
2.8832E+00 	-3.0538E-03 	
2.8840E+00 	-3.3073E-03 	
2.8848E+00 	-3.2678E-03 	
2.8856E+00 	-3.2118E-03 	
2.8864E+00 	-3.4094E-03 	
2.8872E+00 	-3.3929E-03 	
2.8880E+00 	-3.4983E-03 	
2.8888E+00 	-3.3304E-03 	
2.8896E+00 	-3.0340E-03 	
2.8904E+00 	-3.0801E-03 	
2.8912E+00 	-3.3929E-03 	
2.8920E+00 	-3.4489E-03 	
2.8928E+00 	-3.1855E-03 	
2.8936E+00 	-2.8529E-03 	
2.8944E+00 	-2.9780E-03 	
2.8952E+00 	-3.3600E-03 	
2.8960E+00 	-3.6267E-03 	
2.8968E+00 	-3.3633E-03 	
2.8976E+00 	-3.3205E-03 	
2.8984E+00 	-3.3435E-03 	
2.8992E+00 	-3.3699E-03 	
2.9000E+00 	-3.5773E-03 	
2.9008E+00 	-3.5674E-03 	
2.9016E+00 	-3.2052E-03 	
2.9024E+00 	-3.1493E-03 	
2.9032E+00 	-3.2810E-03 	
2.9040E+00 	-3.4621E-03 	
2.9048E+00 	-3.3534E-03 	
2.9056E+00 	-3.3172E-03 	
2.9064E+00 	-3.3765E-03 	
2.9072E+00 	-3.3468E-03 	
2.9080E+00 	-3.2415E-03 	
2.9088E+00 	-3.1690E-03 	
2.9096E+00 	-3.4456E-03 	
2.9104E+00 	-3.4028E-03 	
2.9112E+00 	-2.9253E-03 	
2.9120E+00 	-2.9220E-03 	
2.9128E+00 	-3.2579E-03 	
2.9136E+00 	-3.3863E-03 	
2.9144E+00 	-3.2678E-03 	
2.9152E+00 	-2.9879E-03 	
2.9160E+00 	-3.1525E-03 	
2.9168E+00 	-3.2711E-03 	
2.9176E+00 	-3.1888E-03 	
2.9184E+00 	-3.2316E-03 	
2.9192E+00 	-3.3304E-03 	
2.9200E+00 	-3.4621E-03 	
2.9208E+00 	-3.3435E-03 	
2.9216E+00 	-3.1723E-03 	
2.9224E+00 	-3.1493E-03 	
2.9232E+00 	-3.1525E-03 	
2.9240E+00 	-3.0274E-03 	
2.9248E+00 	-2.8694E-03 	
2.9256E+00 	-3.1130E-03 	
2.9264E+00 	-3.2810E-03 	
2.9272E+00 	-3.2876E-03 	
2.9280E+00 	-3.2250E-03 	
2.9288E+00 	-3.2283E-03 	
2.9296E+00 	-3.2217E-03 	
2.9304E+00 	-3.0472E-03 	
2.9312E+00 	-3.0933E-03 	
2.9320E+00 	-3.1394E-03 	
2.9328E+00 	-3.1986E-03 	
2.9336E+00 	-3.1163E-03 	
2.9344E+00 	-3.3830E-03 	
2.9352E+00 	-3.5279E-03 	
2.9360E+00 	-3.5016E-03 	
2.9368E+00 	-3.5312E-03 	
2.9376E+00 	-3.1591E-03 	
2.9384E+00 	-3.4357E-03 	
2.9392E+00 	-3.4588E-03 	
2.9400E+00 	-3.3863E-03 	
2.9408E+00 	-3.1032E-03 	
2.9416E+00 	-3.0966E-03 	
2.9424E+00 	-3.0735E-03 	
2.9432E+00 	-3.1196E-03 	
2.9440E+00 	-3.1954E-03 	
2.9448E+00 	-3.2250E-03 	
2.9456E+00 	-2.9220E-03 	
2.9464E+00 	-3.0274E-03 	
2.9472E+00 	-3.0867E-03 	
2.9480E+00 	-3.0208E-03 	
2.9488E+00 	-3.4061E-03 	
2.9496E+00 	-3.1789E-03 	
2.9504E+00 	-3.0867E-03 	
2.9512E+00 	-3.3238E-03 	
2.9520E+00 	-3.3271E-03 	
2.9528E+00 	-3.2151E-03 	
2.9536E+00 	-3.0538E-03 	
2.9544E+00 	-2.7212E-03 	
2.9552E+00 	-2.7903E-03 	
2.9560E+00 	-2.5434E-03 	
2.9568E+00 	-1.9046E-03 	
2.9576E+00 	-1.5555E-03 	
2.9584E+00 	-5.0842E-04 	
2.9592E+00 	3.6747E-04 	
2.9600E+00 	8.8774E-04 	
2.9608E+00 	1.5595E-03 	
2.9616E+00 	2.7548E-03 	
2.9624E+00 	5.1421E-03 	
2.9632E+00 	1.0404E-02 	
2.9640E+00 	1.5880E-02 	
2.9648E+00 	1.8024E-02 	
2.9656E+00 	1.9476E-02 	
2.9664E+00 	2.0490E-02 	
2.9672E+00 	2.0450E-02 	
2.9680E+00 	2.1494E-02 	
2.9688E+00 	2.1247E-02 	
2.9696E+00 	1.8215E-02 	
2.9704E+00 	1.6927E-02 	
2.9712E+00 	1.8876E-02 	
2.9720E+00 	1.9423E-02 	
2.9728E+00 	1.7648E-02 	
2.9736E+00 	1.7214E-02 	
2.9744E+00 	1.6641E-02 	
2.9752E+00 	1.6077E-02 	
2.9760E+00 	1.5771E-02 	
2.9768E+00 	1.3097E-02 	
2.9776E+00 	9.2416E-03 	
2.9784E+00 	6.8510E-03 	
2.9792E+00 	5.1816E-03 	
2.9800E+00 	3.0379E-03 	
2.9808E+00 	1.4376E-03 	
2.9816E+00 	9.7462E-05 	
2.9824E+00 	-6.2037E-04 	
2.9832E+00 	-1.5292E-03 	
2.9840E+00 	-1.6049E-03 	
2.9848E+00 	-1.9737E-03 	
2.9856E+00 	-2.3985E-03 	
2.9864E+00 	-2.7870E-03 	
2.9872E+00 	-2.9319E-03 	
2.9880E+00 	-2.8595E-03 	
2.9888E+00 	-3.1460E-03 	
2.9896E+00 	-3.3337E-03 	
2.9904E+00 	-3.0966E-03 	
2.9912E+00 	-2.8825E-03 	
2.9920E+00 	-3.2184E-03 	
2.9928E+00 	-3.3534E-03 	
2.9936E+00 	-3.1986E-03 	
2.9944E+00 	-2.7080E-03 	
2.9952E+00 	-2.9089E-03 	
2.9960E+00 	-2.9319E-03 	
2.9968E+00 	-2.9352E-03 	
2.9976E+00 	-3.0603E-03 	
2.9984E+00 	-3.1032E-03 	
2.9992E+00 	-3.0636E-03 	
3.0000E+00 	-2.9550E-03 	
3.0008E+00 	-2.6059E-03 	
3.0016E+00 	-2.1746E-03 	
3.0024E+00 	-1.3217E-03 	
3.0032E+00 	-1.8901E-04 	
3.0040E+00 	2.3905E-04 	
3.0048E+00 	1.0392E-03 	
3.0056E+00 	2.1357E-03 	
3.0064E+00 	5.3001E-03 	
3.0072E+00 	1.1695E-02 	
3.0080E+00 	1.9038E-02 	
3.0088E+00 	2.3532E-02 	
3.0096E+00 	2.6308E-02 	
3.0104E+00 	2.8969E-02 	
3.0112E+00 	3.0171E-02 	
3.0120E+00 	3.1955E-02 	
3.0128E+00 	3.2854E-02 	
3.0136E+00 	3.2390E-02 	
3.0144E+00 	3.4349E-02 	
3.0152E+00 	3.5851E-02 	
3.0160E+00 	3.4814E-02 	
3.0168E+00 	3.4175E-02 	
3.0176E+00 	3.1850E-02 	
3.0184E+00 	2.9486E-02 	
3.0192E+00 	2.8244E-02 	
3.0200E+00 	2.3842E-02 	
3.0208E+00 	1.7615E-02 	
3.0216E+00 	1.3229E-02 	
3.0224E+00 	9.6763E-03 	
3.0232E+00 	6.3242E-03 	
3.0240E+00 	3.3277E-03 	
3.0248E+00 	1.3751E-03 	
3.0256E+00 	-1.0999E-04 	
3.0264E+00 	-9.4636E-04 	
3.0272E+00 	-1.6016E-03 	
3.0280E+00 	-2.2964E-03 	
3.0288E+00 	-2.5829E-03 	
3.0296E+00 	-2.4841E-03 	
3.0304E+00 	-2.3952E-03 	
3.0312E+00 	-2.7541E-03 	
3.0320E+00 	-3.0603E-03 	
3.0328E+00 	-3.2052E-03 	
3.0336E+00 	-3.3040E-03 	
3.0344E+00 	-3.2908E-03 	
3.0352E+00 	-3.3106E-03 	
3.0360E+00 	-3.1624E-03 	
3.0368E+00 	-2.7442E-03 	
3.0376E+00 	-2.8562E-03 	
3.0384E+00 	-3.1032E-03 	
3.0392E+00 	-3.3205E-03 	
3.0400E+00 	-3.2250E-03 	
3.0408E+00 	-3.4061E-03 	
3.0416E+00 	-3.2052E-03 	
3.0424E+00 	-3.1954E-03 	
3.0432E+00 	-3.5279E-03 	
3.0440E+00 	-3.4489E-03 	
3.0448E+00 	-3.3567E-03 	
3.0456E+00 	-3.2711E-03 	
3.0464E+00 	-3.1986E-03 	
3.0472E+00 	-3.2876E-03 	
3.0480E+00 	-3.4621E-03 	
3.0488E+00 	-3.2217E-03 	
3.0496E+00 	-3.3765E-03 	
3.0504E+00 	-3.3172E-03 	
3.0512E+00 	-3.2447E-03 	
3.0520E+00 	-3.4028E-03 	
3.0528E+00 	-3.4390E-03 	
3.0536E+00 	-3.5641E-03 	
3.0544E+00 	-3.7255E-03 	
3.0552E+00 	-3.4127E-03 	
3.0560E+00 	-3.3929E-03 	
3.0568E+00 	-3.6201E-03 	
3.0576E+00 	-3.3139E-03 	
3.0584E+00 	-2.9846E-03 	
3.0592E+00 	-3.2513E-03 	
3.0600E+00 	-3.5378E-03 	
3.0608E+00 	-3.2052E-03 	
3.0616E+00 	-3.0900E-03 	
3.0624E+00 	-3.1460E-03 	
3.0632E+00 	-3.3633E-03 	
3.0640E+00 	-3.4720E-03 	
3.0648E+00 	-3.3633E-03 	
3.0656E+00 	-3.3271E-03 	
3.0664E+00 	-3.5279E-03 	
3.0672E+00 	-3.7387E-03 	
3.0680E+00 	-3.5872E-03 	
3.0688E+00 	-3.6563E-03 	
3.0696E+00 	-3.6102E-03 	
3.0704E+00 	-3.2447E-03 	
3.0712E+00 	-2.9451E-03 	
3.0720E+00 	-3.2777E-03 	
3.0728E+00 	-3.3929E-03 	
3.0736E+00 	-3.2480E-03 	
3.0744E+00 	-3.1558E-03 	
3.0752E+00 	-3.3040E-03 	
3.0760E+00 	-2.9319E-03 	
3.0768E+00 	-2.9319E-03 	
3.0776E+00 	-3.1789E-03 	
3.0784E+00 	-3.3238E-03 	
3.0792E+00 	-3.3040E-03 	
3.0800E+00 	-3.3304E-03 	
3.0808E+00 	-3.3337E-03 	
3.0816E+00 	-3.3995E-03 	
3.0824E+00 	-3.1690E-03 	
3.0832E+00 	-2.9089E-03 	
3.0840E+00 	-3.0439E-03 	
3.0848E+00 	-2.9912E-03 	
3.0856E+00 	-3.0373E-03 	
3.0864E+00 	-3.2876E-03 	
3.0872E+00 	-3.1657E-03 	
3.0880E+00 	-3.2217E-03 	
3.0888E+00 	-3.4127E-03 	
3.0896E+00 	-3.5641E-03 	
3.0904E+00 	-3.4423E-03 	
3.0912E+00 	-3.6102E-03 	
3.0920E+00 	-3.4687E-03 	
3.0928E+00 	-2.9912E-03 	
3.0936E+00 	-2.8068E-03 	
3.0944E+00 	-2.8266E-03 	
3.0952E+00 	-3.0867E-03 	
3.0960E+00 	-3.2678E-03 	
3.0968E+00 	-3.2711E-03 	
3.0976E+00 	-3.5049E-03 	
3.0984E+00 	-3.6761E-03 	
3.0992E+00 	-3.4291E-03 	
3.1000E+00 	-3.3172E-03 	
