2.6000E+00 	1.9439E-02 	
2.6002E+00 	2.1042E-02 	
2.6003E+00 	2.0064E-02 	
2.6005E+00 	1.6964E-02 	
2.6007E+00 	1.3018E-02 	
2.6008E+00 	1.1022E-02 	
2.6010E+00 	1.0251E-02 	
2.6012E+00 	9.8077E-03 	
2.6013E+00 	9.0316E-03 	
2.6015E+00 	7.0862E-03 	
2.6017E+00 	5.5087E-03 	
2.6018E+00 	5.8867E-03 	
2.6020E+00 	8.0387E-03 	
2.6022E+00 	1.0574E-02 	
2.6023E+00 	1.1683E-02 	
2.6025E+00 	1.2378E-02 	
2.6027E+00 	1.0579E-02 	
2.6028E+00 	8.8854E-03 	
2.6030E+00 	1.0332E-02 	
2.6032E+00 	1.3195E-02 	
2.6033E+00 	1.4979E-02 	
2.6035E+00 	1.5321E-02 	
2.6037E+00 	1.5049E-02 	
2.6038E+00 	1.6365E-02 	
2.6040E+00 	1.9747E-02 	
2.6042E+00 	2.1193E-02 	
2.6043E+00 	1.9474E-02 	
2.6045E+00 	1.7136E-02 	
2.6047E+00 	1.4959E-02 	
2.6048E+00 	1.3028E-02 	
2.6050E+00 	1.3522E-02 	
2.6052E+00 	1.4061E-02 	
2.6053E+00 	1.3225E-02 	
2.6055E+00 	1.0871E-02 	
2.6057E+00 	1.2207E-02 	
2.6058E+00 	1.5362E-02 	
2.6060E+00 	1.8406E-02 	
2.6062E+00 	2.0860E-02 	
2.6063E+00 	2.2922E-02 	
2.6065E+00 	2.4635E-02 	
2.6067E+00 	2.3012E-02 	
2.6068E+00 	1.9721E-02 	
2.6070E+00 	1.9343E-02 	
2.6072E+00 	2.1223E-02 	
2.6073E+00 	2.1909E-02 	
2.6075E+00 	2.2725E-02 	
2.6077E+00 	2.3421E-02 	
2.6078E+00 	2.1647E-02 	
2.6080E+00 	1.7972E-02 	
2.6082E+00 	1.3452E-02 	
2.6083E+00 	1.2297E-02 	
2.6085E+00 	1.2812E-02 	
2.6087E+00 	1.3154E-02 	
2.6088E+00 	1.3361E-02 	
2.6090E+00 	1.5674E-02 	
2.6092E+00 	1.8502E-02 	
2.6093E+00 	2.1228E-02 	
2.6095E+00 	2.2624E-02 	
2.6097E+00 	2.3925E-02 	
2.6098E+00 	2.3607E-02 	
2.6100E+00 	2.2846E-02 	
2.6102E+00 	2.1133E-02 	
2.6103E+00 	1.8920E-02 	
2.6105E+00 	1.7141E-02 	
2.6107E+00 	1.6455E-02 	
2.6108E+00 	1.7443E-02 	
2.6110E+00 	1.7005E-02 	
2.6112E+00 	1.6229E-02 	
2.6113E+00 	1.5901E-02 	
2.6115E+00 	1.8436E-02 	
2.6117E+00 	2.1803E-02 	
2.6118E+00 	2.2398E-02 	
2.6120E+00 	2.1697E-02 	
2.6122E+00 	2.3708E-02 	
2.6123E+00 	2.6687E-02 	
2.6125E+00 	2.7805E-02 	
2.6127E+00 	2.4378E-02 	
2.6128E+00 	1.8739E-02 	
2.6130E+00 	1.5584E-02 	
2.6132E+00 	1.3739E-02 	
2.6133E+00 	1.3356E-02 	
2.6135E+00 	1.4172E-02 	
2.6137E+00 	1.5725E-02 	
2.6138E+00 	1.8431E-02 	
2.6140E+00 	2.1601E-02 	
2.6142E+00 	2.0492E-02 	
2.6143E+00 	1.7670E-02 	
2.6145E+00 	1.5493E-02 	
2.6147E+00 	1.4233E-02 	
2.6148E+00 	1.4404E-02 	
2.6150E+00 	1.6541E-02 	
2.6152E+00 	1.8895E-02 	
2.6153E+00 	2.0749E-02 	
2.6155E+00 	2.2090E-02 	
2.6157E+00 	2.1657E-02 	
2.6158E+00 	1.9540E-02 	
2.6160E+00 	1.5458E-02 	
2.6162E+00 	1.0100E-02 	
2.6163E+00 	6.3352E-03 	
2.6165E+00 	2.3083E-03 	
2.6167E+00 	9.9791E-04 	
2.6168E+00 	4.0924E-03 	
2.6170E+00 	5.5439E-03 	
2.6172E+00 	7.5801E-03 	
2.6173E+00 	9.5608E-03 	
2.6175E+00 	9.7321E-03 	
2.6177E+00 	8.2454E-03 	
2.6178E+00 	6.3352E-03 	
2.6180E+00 	6.1790E-03 	
2.6182E+00 	7.5347E-03 	
2.6183E+00 	7.6103E-03 	
2.6185E+00 	5.5691E-03 	
2.6187E+00 	5.8262E-03 	
2.6188E+00 	5.9522E-03 	
2.6190E+00 	3.9513E-03 	
2.6192E+00 	4.3646E-03 	
2.6193E+00 	5.2617E-03 	
2.6195E+00 	4.5914E-03 	
2.6197E+00 	2.9736E-03 	
2.6198E+00 	1.6934E-03 	
2.6200E+00 	3.5330E-03 	
2.6202E+00 	6.9047E-03 	
2.6203E+00 	9.3441E-03 	
2.6205E+00 	1.0503E-02 	
2.6207E+00 	9.2685E-03 	
2.6208E+00 	6.4511E-03 	
2.6210E+00 	6.6628E-03 	
2.6212E+00 	6.0479E-03 	
2.6213E+00 	3.2407E-03 	
2.6215E+00 	2.5149E-03 	
2.6217E+00 	4.2336E-03 	
2.6218E+00 	4.3898E-03 	
2.6220E+00 	6.5419E-03 	
2.6222E+00 	8.4873E-03 	
2.6223E+00 	7.0862E-03 	
2.6225E+00 	2.6157E-03 	
2.6227E+00 	6.4511E-04 	
2.6228E+00 	1.8345E-03 	
2.6230E+00 	3.5128E-03 	
2.6232E+00 	5.0954E-03 	
2.6233E+00 	5.2415E-03 	
2.6235E+00 	4.2436E-03 	
2.6237E+00 	3.3314E-03 	
2.6238E+00 	3.6136E-03 	
2.6240E+00 	6.0379E-03 	
2.6242E+00 	7.4843E-03 	
2.6243E+00 	7.3382E-03 	
2.6245E+00 	7.5498E-03 	
2.6247E+00 	7.8472E-03 	
2.6248E+00 	6.3907E-03 	
2.6250E+00 	5.5439E-03 	
2.6252E+00 	5.5339E-03 	
2.6253E+00 	6.7636E-03 	
2.6255E+00 	7.8069E-03 	
2.6257E+00 	9.1072E-03 	
2.6258E+00 	1.0579E-02 	
2.6260E+00 	8.9207E-03 	
2.6262E+00 	9.0265E-03 	
2.6263E+00 	1.0191E-02 	
2.6265E+00 	8.9711E-03 	
2.6267E+00 	6.8442E-03 	
2.6268E+00 	4.7880E-03 	
2.6270E+00 	2.3083E-03 	
2.6272E+00 	1.1138E-03 	
2.6273E+00 	2.2327E-03 	
2.6275E+00 	4.5259E-03 	
2.6277E+00 	5.6246E-03 	
2.6278E+00 	5.9824E-03 	
2.6280E+00 	4.2084E-03 	
2.6282E+00 	4.1882E-03 	
2.6283E+00 	7.5297E-03 	
2.6285E+00 	7.3382E-03 	
2.6287E+00 	5.8312E-03 	
2.6288E+00 	6.3554E-03 	
2.6290E+00 	6.7233E-03 	
2.6292E+00 	6.9602E-03 	
2.6293E+00 	6.3957E-03 	
2.6295E+00 	5.2869E-03 	
2.6297E+00 	5.2970E-03 	
2.6298E+00 	7.1769E-03 	
2.6300E+00 	7.1114E-03 	
2.6302E+00 	6.6880E-03 	
2.6303E+00 	9.0165E-03 	
2.6305E+00 	1.1073E-02 	
2.6307E+00 	1.1007E-02 	
2.6308E+00 	1.1647E-02 	
2.6310E+00 	8.8653E-03 	
2.6312E+00 	6.7838E-03 	
2.6313E+00 	7.5650E-03 	
2.6315E+00 	7.9682E-03 	
2.6317E+00 	7.8018E-03 	
2.6318E+00 	7.8069E-03 	
2.6320E+00 	6.9954E-03 	
2.6322E+00 	6.1941E-03 	
2.6323E+00 	4.8988E-03 	
2.6325E+00 	4.1731E-03 	
2.6327E+00 	5.7203E-03 	
2.6328E+00 	6.8745E-03 	
2.6330E+00 	6.4461E-03 	
2.6332E+00 	6.8090E-03 	
2.6333E+00 	7.4894E-03 	
2.6335E+00 	7.0962E-03 	
2.6337E+00 	6.8493E-03 	
2.6338E+00 	4.4200E-03 	
2.6340E+00 	2.6913E-03 	
2.6342E+00 	4.9190E-03 	
2.6343E+00 	6.3655E-03 	
2.6345E+00 	5.1256E-03 	
2.6347E+00 	3.4725E-03 	
2.6348E+00 	6.1588E-03 	
2.6350E+00 	8.4570E-03 	
2.6352E+00 	8.8653E-03 	
2.6353E+00 	8.7695E-03 	
2.6355E+00 	7.6506E-03 	
2.6357E+00 	7.3432E-03 	
2.6358E+00 	7.5549E-03 	
2.6360E+00 	7.7464E-03 	
2.6362E+00 	7.8774E-03 	
2.6363E+00 	9.4045E-03 	
2.6365E+00 	1.1940E-02 	
2.6367E+00 	1.3905E-02 	
2.6368E+00 	1.6113E-02 	
2.6370E+00 	1.8330E-02 	
2.6372E+00 	1.8547E-02 	
2.6373E+00 	1.6279E-02 	
2.6375E+00 	1.2731E-02 	
2.6377E+00 	9.5053E-03 	
2.6378E+00 	5.3121E-03 	
2.6380E+00 	4.3999E-03 	
2.6382E+00 	6.4360E-03 	
2.6383E+00 	7.7817E-03 	
2.6385E+00 	9.5356E-03 	
2.6387E+00 	1.2267E-02 	
2.6388E+00 	1.5881E-02 	
2.6390E+00 	1.8235E-02 	
2.6392E+00 	1.6718E-02 	
2.6393E+00 	1.3840E-02 	
2.6395E+00 	1.1123E-02 	
2.6397E+00 	1.0251E-02 	
2.6398E+00 	1.2922E-02 	
2.6400E+00 	1.3578E-02 	
2.6402E+00 	1.2655E-02 	
2.6403E+00 	1.2857E-02 	
2.6405E+00 	1.4686E-02 	
2.6407E+00 	1.5427E-02 	
2.6408E+00 	1.6838E-02 	
2.6410E+00 	1.7227E-02 	
2.6412E+00 	1.6637E-02 	
2.6413E+00 	1.4394E-02 	
2.6415E+00 	1.1919E-02 	
2.6417E+00 	1.1239E-02 	
2.6418E+00 	1.3799E-02 	
2.6420E+00 	1.5160E-02 	
2.6422E+00 	1.4848E-02 	
2.6423E+00 	1.3598E-02 	
2.6425E+00 	1.3185E-02 	
2.6427E+00 	1.3416E-02 	
2.6428E+00 	1.5951E-02 	
2.6430E+00 	2.0523E-02 	
2.6432E+00 	2.2226E-02 	
2.6433E+00 	2.2211E-02 	
2.6435E+00 	2.1470E-02 	
2.6437E+00 	2.2372E-02 	
2.6438E+00 	2.3910E-02 	
2.6440E+00 	2.4620E-02 	
2.6442E+00 	2.4464E-02 	
2.6443E+00 	2.2609E-02 	
2.6445E+00 	2.0689E-02 	
2.6447E+00 	2.0563E-02 	
2.6448E+00 	2.3007E-02 	
2.6450E+00 	2.8461E-02 	
2.6452E+00 	3.3586E-02 	
2.6453E+00 	3.7023E-02 	
2.6455E+00 	4.0904E-02 	
2.6457E+00 	4.0501E-02 	
2.6458E+00 	3.8682E-02 	
2.6460E+00 	3.8021E-02 	
2.6462E+00 	3.7291E-02 	
2.6463E+00 	3.7215E-02 	
2.6465E+00 	3.9790E-02 	
2.6467E+00 	4.2648E-02 	
2.6468E+00 	4.3555E-02 	
2.6470E+00 	4.2819E-02 	
2.6472E+00 	4.4336E-02 	
2.6473E+00 	4.7295E-02 	
2.6475E+00 	5.0631E-02 	
2.6477E+00 	5.1488E-02 	
2.6478E+00 	5.1932E-02 	
2.6480E+00 	5.2294E-02 	
2.6482E+00 	5.4381E-02 	
2.6483E+00 	5.8836E-02 	
2.6485E+00 	6.2828E-02 	
2.6487E+00 	6.5555E-02 	
2.6488E+00 	6.7046E-02 	
2.6490E+00 	6.7041E-02 	
2.6492E+00 	6.8039E-02 	
2.6493E+00 	6.9501E-02 	
2.6495E+00 	7.1073E-02 	
2.6497E+00 	7.4123E-02 	
2.6498E+00 	8.0397E-02 	
2.6500E+00 	8.5180E-02 	
2.6502E+00 	8.6808E-02 	
2.6503E+00 	8.7821E-02 	
2.6505E+00 	9.0402E-02 	
2.6507E+00 	9.3345E-02 	
2.6508E+00 	9.5114E-02 	
2.6510E+00 	9.7291E-02 	
2.6512E+00 	1.0056E-01 	
2.6513E+00 	1.0511E-01 	
2.6515E+00 	1.1035E-01 	
2.6517E+00 	1.1322E-01 	
2.6518E+00 	1.1681E-01 	
2.6520E+00 	1.2291E-01 	
2.6522E+00 	1.2929E-01 	
2.6523E+00 	1.3540E-01 	
2.6525E+00 	1.3975E-01 	
2.6527E+00 	1.4375E-01 	
2.6528E+00 	1.4842E-01 	
2.6530E+00 	1.5311E-01 	
2.6532E+00 	1.5782E-01 	
2.6533E+00 	1.6268E-01 	
2.6535E+00 	1.6793E-01 	
2.6537E+00 	1.7315E-01 	
2.6538E+00 	1.7810E-01 	
2.6540E+00 	1.8462E-01 	
2.6542E+00 	1.9083E-01 	
2.6543E+00 	1.9561E-01 	
2.6545E+00 	2.0168E-01 	
2.6547E+00 	2.0955E-01 	
2.6548E+00 	2.1642E-01 	
2.6550E+00 	2.2220E-01 	
2.6552E+00 	2.2910E-01 	
2.6553E+00 	2.3760E-01 	
2.6555E+00 	2.5063E-01 	
2.6557E+00 	2.6332E-01 	
2.6558E+00 	2.7139E-01 	
2.6560E+00 	2.7601E-01 	
2.6562E+00 	2.8148E-01 	
2.6563E+00 	2.9009E-01 	
2.6565E+00 	2.9962E-01 	
2.6567E+00 	3.0870E-01 	
2.6568E+00 	3.1618E-01 	
2.6570E+00 	3.2263E-01 	
2.6572E+00 	3.3015E-01 	
2.6573E+00 	3.4085E-01 	
2.6575E+00 	3.5111E-01 	
2.6577E+00 	3.5926E-01 	
2.6578E+00 	3.6639E-01 	
2.6580E+00 	3.7462E-01 	
2.6582E+00 	3.8483E-01 	
2.6583E+00 	3.9623E-01 	
2.6585E+00 	4.0901E-01 	
2.6587E+00 	4.2106E-01 	
2.6588E+00 	4.3205E-01 	
2.6590E+00 	4.4452E-01 	
2.6592E+00 	4.5559E-01 	
2.6593E+00 	4.6482E-01 	
2.6595E+00 	4.7365E-01 	
2.6597E+00 	4.8267E-01 	
2.6598E+00 	4.9142E-01 	
2.6600E+00 	5.0235E-01 	
2.6602E+00 	5.1516E-01 	
2.6603E+00 	5.2873E-01 	
2.6605E+00 	5.4313E-01 	
2.6607E+00 	5.5659E-01 	
2.6608E+00 	5.6742E-01 	
2.6610E+00 	5.7505E-01 	
2.6612E+00 	5.7995E-01 	
2.6613E+00 	5.8478E-01 	
2.6615E+00 	5.9173E-01 	
2.6617E+00 	6.0014E-01 	
2.6618E+00 	6.1122E-01 	
2.6620E+00 	6.2273E-01 	
2.6622E+00 	6.3213E-01 	
2.6623E+00 	6.3965E-01 	
2.6625E+00 	6.4772E-01 	
2.6627E+00 	6.5530E-01 	
2.6628E+00 	6.6316E-01 	
2.6630E+00 	6.7026E-01 	
2.6632E+00 	6.7718E-01 	
2.6633E+00 	6.8445E-01 	
2.6635E+00 	6.9283E-01 	
2.6637E+00 	7.0218E-01 	
2.6638E+00 	7.0932E-01 	
2.6640E+00 	7.1219E-01 	
2.6642E+00 	7.0995E-01 	
2.6643E+00 	7.0652E-01 	
2.6645E+00 	7.0588E-01 	
2.6647E+00 	7.0950E-01 	
2.6648E+00 	7.1365E-01 	
2.6650E+00 	7.1618E-01 	
2.6652E+00 	7.1653E-01 	
2.6653E+00 	7.0603E-01 	
2.6655E+00 	6.9565E-01 	
2.6657E+00 	6.9602E-01 	
2.6658E+00 	7.0130E-01 	
2.6660E+00 	7.0599E-01 	
2.6662E+00 	7.0864E-01 	
2.6663E+00 	7.0996E-01 	
2.6665E+00 	7.0908E-01 	
2.6667E+00 	7.0560E-01 	
2.6668E+00 	6.9996E-01 	
2.6670E+00 	6.9401E-01 	
2.6672E+00 	6.8847E-01 	
2.6673E+00 	6.8170E-01 	
2.6675E+00 	6.7670E-01 	
2.6677E+00 	6.7322E-01 	
2.6678E+00 	6.6879E-01 	
2.6680E+00 	6.6238E-01 	
2.6682E+00 	6.5472E-01 	
2.6683E+00 	6.4725E-01 	
2.6685E+00 	6.3935E-01 	
2.6687E+00 	6.3110E-01 	
2.6688E+00 	6.2277E-01 	
2.6690E+00 	6.1406E-01 	
2.6692E+00 	6.0246E-01 	
2.6693E+00 	5.9091E-01 	
2.6695E+00 	5.8318E-01 	
2.6697E+00 	5.7480E-01 	
2.6698E+00 	5.6251E-01 	
2.6700E+00 	5.4999E-01 	
2.6702E+00 	5.3928E-01 	
2.6703E+00 	5.2783E-01 	
2.6705E+00 	5.1463E-01 	
2.6707E+00 	5.0323E-01 	
2.6708E+00 	4.9453E-01 	
2.6710E+00 	4.8795E-01 	
2.6712E+00 	4.8023E-01 	
2.6713E+00 	4.7226E-01 	
2.6715E+00 	4.6286E-01 	
2.6717E+00 	4.5203E-01 	
2.6718E+00 	4.4167E-01 	
2.6720E+00 	4.3066E-01 	
2.6722E+00 	4.2025E-01 	
2.6723E+00 	4.1056E-01 	
2.6725E+00 	3.9935E-01 	
2.6727E+00 	3.8621E-01 	
2.6728E+00 	3.7543E-01 	
2.6730E+00 	3.6706E-01 	
2.6732E+00 	3.5881E-01 	
2.6733E+00 	3.4970E-01 	
2.6735E+00 	3.4084E-01 	
2.6737E+00 	3.3168E-01 	
2.6738E+00 	3.2057E-01 	
2.6740E+00 	3.1020E-01 	
2.6742E+00 	3.0321E-01 	
2.6743E+00 	2.9804E-01 	
2.6745E+00 	2.9122E-01 	
2.6747E+00 	2.8292E-01 	
2.6748E+00 	2.7196E-01 	
2.6750E+00 	2.6024E-01 	
2.6752E+00 	2.5028E-01 	
2.6753E+00 	2.4154E-01 	
2.6755E+00 	2.3471E-01 	
2.6757E+00 	2.2864E-01 	
2.6758E+00 	2.2328E-01 	
2.6760E+00 	2.1714E-01 	
2.6762E+00 	2.1003E-01 	
2.6763E+00 	2.0316E-01 	
2.6765E+00 	1.9751E-01 	
2.6767E+00 	1.9249E-01 	
2.6768E+00 	1.8780E-01 	
2.6770E+00 	1.8334E-01 	
2.6772E+00 	1.7686E-01 	
2.6773E+00 	1.7168E-01 	
2.6775E+00 	1.6742E-01 	
2.6777E+00 	1.6292E-01 	
2.6778E+00 	1.5804E-01 	
2.6780E+00 	1.5442E-01 	
2.6782E+00 	1.5195E-01 	
2.6783E+00 	1.4945E-01 	
2.6785E+00 	1.4276E-01 	
2.6787E+00 	1.3456E-01 	
2.6788E+00 	1.2798E-01 	
2.6790E+00 	1.2439E-01 	
2.6792E+00 	1.1905E-01 	
2.6793E+00 	1.1293E-01 	
2.6795E+00 	1.0967E-01 	
2.6797E+00 	1.0902E-01 	
2.6798E+00 	1.0671E-01 	
2.6800E+00 	1.0108E-01 	
2.6802E+00 	9.7775E-02 	
2.6803E+00 	9.7684E-02 	
2.6805E+00 	9.8123E-02 	
2.6807E+00 	9.4610E-02 	
2.6808E+00 	9.1026E-02 	
2.6810E+00 	8.6647E-02 	
2.6812E+00 	8.0770E-02 	
2.6813E+00 	7.5660E-02 	
2.6815E+00 	7.1739E-02 	
2.6817E+00 	6.8276E-02 	
2.6818E+00 	6.5983E-02 	
2.6820E+00 	6.5998E-02 	
2.6822E+00 	6.7203E-02 	
2.6823E+00 	6.8251E-02 	
2.6825E+00 	6.8261E-02 	
2.6827E+00 	6.6900E-02 	
2.6828E+00 	6.4224E-02 	
2.6830E+00 	5.9280E-02 	
2.6832E+00 	5.4295E-02 	
2.6833E+00 	5.2874E-02 	
2.6835E+00 	5.1987E-02 	
2.6837E+00 	5.0364E-02 	
2.6838E+00 	4.9507E-02 	
2.6840E+00 	4.9366E-02 	
2.6842E+00 	4.8983E-02 	
2.6843E+00 	4.8217E-02 	
2.6845E+00 	4.6176E-02 	
2.6847E+00 	4.2199E-02 	
2.6848E+00 	3.8717E-02 	
2.6850E+00 	3.6540E-02 	
2.6852E+00 	3.4972E-02 	
2.6853E+00 	3.3047E-02 	
2.6855E+00 	3.0527E-02 	
2.6857E+00 	2.5920E-02 	
2.6858E+00 	2.3748E-02 	
2.6860E+00 	2.4509E-02 	
2.6862E+00 	2.7800E-02 	
2.6863E+00 	3.0492E-02 	
2.6865E+00 	2.7826E-02 	
2.6867E+00 	2.3829E-02 	
2.6868E+00 	2.2196E-02 	
2.6870E+00 	2.1828E-02 	
2.6872E+00 	2.1899E-02 	
2.6873E+00 	2.2529E-02 	
2.6875E+00 	2.4111E-02 	
2.6877E+00 	2.6177E-02 	
2.6878E+00 	2.6384E-02 	
2.6880E+00 	2.5744E-02 	
2.6882E+00 	2.3829E-02 	
2.6883E+00 	2.1173E-02 	
2.6885E+00 	1.9711E-02 	
2.6887E+00 	1.7625E-02 	
2.6888E+00 	1.5538E-02 	
2.6890E+00 	1.5765E-02 	
2.6892E+00 	1.6390E-02 	
2.6893E+00 	1.5135E-02 	
2.6895E+00 	1.2751E-02 	
2.6897E+00 	1.0276E-02 	
2.6898E+00 	9.2785E-03 	
2.6900E+00 	1.0407E-02 	
2.6902E+00 	1.2010E-02 	
2.6903E+00 	1.3134E-02 	
2.6905E+00 	1.3623E-02 	
2.6907E+00 	1.3542E-02 	
2.6908E+00 	1.3739E-02 	
2.6910E+00 	1.5337E-02 	
2.6912E+00 	1.6425E-02 	
2.6913E+00 	1.6773E-02 	
2.6915E+00 	1.6642E-02 	
2.6917E+00 	1.7166E-02 	
2.6918E+00 	1.8895E-02 	
2.6920E+00 	2.0256E-02 	
2.6922E+00 	1.8406E-02 	
2.6923E+00 	1.6647E-02 	
2.6925E+00 	1.5241E-02 	
2.6927E+00 	1.2681E-02 	
2.6928E+00 	8.9761E-03 	
2.6930E+00 	1.0740E-02 	
2.6932E+00 	1.3603E-02 	
2.6933E+00 	1.4056E-02 	
2.6935E+00 	1.3678E-02 	
2.6937E+00 	1.2166E-02 	
2.6938E+00 	9.4247E-03 	
2.6940E+00 	6.9047E-03 	
2.6942E+00 	8.0538E-03 	
2.6943E+00 	1.2126E-02 	
2.6945E+00 	1.5533E-02 	
2.6947E+00 	1.6914E-02 	
2.6948E+00 	1.7146E-02 	
2.6950E+00 	1.7252E-02 	
2.6952E+00 	1.5059E-02 	
2.6953E+00 	1.0896E-02 	
2.6955E+00 	8.6788E-03 	
2.6957E+00 	9.1223E-03 	
2.6958E+00 	8.3764E-03 	
2.6960E+00 	6.9400E-03 	
2.6962E+00 	4.8837E-03 	
2.6963E+00 	4.7224E-03 	
2.6965E+00 	6.8896E-03 	
2.6967E+00 	7.9480E-03 	
2.6968E+00 	8.7242E-03 	
2.6970E+00 	7.7615E-03 	
2.6972E+00 	7.4591E-03 	
2.6973E+00 	8.3310E-03 	
2.6975E+00 	7.3886E-03 	
2.6977E+00 	6.6729E-03 	
2.6978E+00 	5.2466E-03 	
2.6980E+00 	3.9412E-03 	
2.6982E+00 	5.4381E-03 	
2.6983E+00 	7.2626E-03 	
2.6985E+00 	1.0246E-02 	
2.6987E+00 	1.0755E-02 	
2.6988E+00 	7.3533E-03 	
2.6990E+00 	3.1550E-03 	
2.6992E+00 	0.0000E+00 	
2.6993E+00 	1.0735E-03 	
2.6995E+00 	2.5250E-03 	
2.6997E+00 	5.0651E-03 	
2.6998E+00 	8.3109E-03 	
2.7000E+00 	9.2433E-03 	
2.7002E+00 	1.0176E-02 	
2.7003E+00 	1.0090E-02 	
2.7005E+00 	8.6284E-03 	
2.7007E+00 	7.7867E-03 	
2.7008E+00 	8.6284E-03 	
2.7010E+00 	9.2785E-03 	
2.7012E+00 	9.3390E-03 	
2.7013E+00 	9.9791E-03 	
2.7015E+00 	1.0221E-02 	
2.7017E+00 	9.2937E-03 	
2.7018E+00 	6.7031E-03 	
2.7020E+00 	5.7203E-03 	
2.7022E+00 	5.3575E-03 	
2.7023E+00 	4.2336E-03 	
2.7025E+00 	5.6800E-03 	
2.7027E+00 	7.7363E-03 	
2.7028E+00 	6.8997E-03 	
2.7030E+00 	5.3222E-03 	
2.7032E+00 	3.8304E-03 	
2.7033E+00 	4.9996E-03 	
2.7035E+00 	6.9702E-03 	
2.7037E+00 	9.3138E-03 	
2.7038E+00 	6.8846E-03 	
2.7040E+00 	3.4826E-03 	
2.7042E+00 	5.0349E-03 	
2.7043E+00 	6.9501E-03 	
2.7045E+00 	8.1597E-03 	
2.7047E+00 	1.0972E-02 	
2.7048E+00 	1.1184E-02 	
2.7050E+00 	9.3289E-03 	
2.7052E+00 	8.4369E-03 	
2.7053E+00 	5.1609E-03 	
2.7055E+00 	2.6964E-03 	
2.7057E+00 	4.0521E-03 	
2.7058E+00 	6.6527E-03 	
2.7060E+00 	6.2495E-03 	
2.7062E+00 	4.3646E-03 	
2.7063E+00 	3.7497E-03 	
2.7065E+00 	4.1428E-03 	
2.7067E+00 	5.6498E-03 	
2.7068E+00 	6.4209E-03 	
2.7070E+00 	5.9723E-03 	
2.7072E+00 	6.5167E-03 	
2.7073E+00 	6.2344E-03 	
2.7075E+00 	4.1176E-03 	
2.7077E+00 	3.0441E-03 	
2.7078E+00 	4.8132E-03 	
2.7080E+00 	5.5389E-03 	
2.7082E+00 	5.8514E-03 	
2.7083E+00 	7.0307E-03 	
2.7085E+00 	5.7203E-03 	
2.7087E+00 	4.2940E-03 	
2.7088E+00 	4.4503E-03 	
2.7090E+00 	4.9391E-03 	
2.7092E+00 	4.7880E-03 	
2.7093E+00 	4.3142E-03 	
2.7095E+00 	4.4553E-03 	
2.7097E+00 	3.8102E-03 	
2.7098E+00 	3.7598E-03 	
2.7100E+00 	3.9967E-03 	
2.7102E+00 	4.7426E-03 	
2.7103E+00 	3.7044E-03 	
2.7105E+00 	3.7548E-03 	
2.7107E+00 	4.3293E-03 	
2.7108E+00 	4.3545E-03 	
2.7110E+00 	3.0643E-03 	
2.7112E+00 	1.0231E-03 	
2.7113E+00 	1.6027E-03 	
2.7115E+00 	3.8505E-03 	
2.7117E+00 	7.0862E-03 	
2.7118E+00 	1.2116E-02 	
2.7120E+00 	1.5034E-02 	
2.7122E+00 	1.2953E-02 	
2.7123E+00 	1.0155E-02 	
2.7125E+00 	7.8774E-03 	
2.7127E+00 	6.9350E-03 	
2.7128E+00 	7.2474E-03 	
2.7130E+00 	6.0379E-03 	
2.7132E+00 	6.5318E-03 	
2.7133E+00 	7.4591E-03 	
2.7135E+00 	8.2806E-03 	
2.7137E+00 	9.5608E-03 	
2.7138E+00 	1.0901E-02 	
2.7140E+00 	1.0675E-02 	
2.7142E+00 	9.6616E-03 	
2.7143E+00 	8.5427E-03 	
2.7145E+00 	8.1194E-03 	
2.7147E+00 	9.9186E-03 	
2.7148E+00 	1.1763E-02 	
2.7150E+00 	1.3275E-02 	
2.7152E+00 	1.1683E-02 	
2.7153E+00 	7.7212E-03 	
2.7155E+00 	7.3684E-03 	
2.7157E+00 	8.9560E-03 	
2.7158E+00 	1.0493E-02 	
2.7160E+00 	1.2000E-02 	
2.7162E+00 	1.2736E-02 	
2.7163E+00 	1.2927E-02 	
2.7165E+00 	1.1169E-02 	
2.7167E+00 	1.1330E-02 	
2.7168E+00 	1.3366E-02 	
2.7170E+00 	1.5659E-02 	
2.7172E+00 	1.5704E-02 	
2.7173E+00 	1.4812E-02 	
2.7175E+00 	1.5513E-02 	
2.7177E+00 	1.6838E-02 	
2.7178E+00 	1.5972E-02 	
2.7180E+00 	1.3119E-02 	
2.7182E+00 	1.0816E-02 	
2.7183E+00 	9.4801E-03 	
2.7185E+00 	7.8623E-03 	
2.7187E+00 	8.5730E-03 	
2.7188E+00 	1.1753E-02 	
2.7190E+00 	1.4228E-02 	
2.7192E+00 	1.4772E-02 	
2.7193E+00 	1.4525E-02 	
2.7195E+00 	1.2892E-02 	
2.7197E+00 	1.1269E-02 	
2.7198E+00 	1.0302E-02 	
2.7200E+00 	1.1113E-02 	
2.7202E+00 	1.4046E-02 	
2.7203E+00 	1.7000E-02 	
2.7205E+00 	1.7297E-02 	
2.7207E+00 	1.4535E-02 	
2.7208E+00 	1.3265E-02 	
2.7210E+00 	1.4762E-02 	
2.7212E+00 	1.8169E-02 	
2.7213E+00 	1.9117E-02 	
2.7215E+00 	1.6042E-02 	
2.7217E+00 	1.3144E-02 	
2.7218E+00 	9.7926E-03 	
2.7220E+00 	7.9732E-03 	
2.7222E+00 	8.6637E-03 	
2.7223E+00 	1.0080E-02 	
2.7225E+00 	1.3139E-02 	
2.7227E+00 	1.5246E-02 	
2.7228E+00 	1.4540E-02 	
2.7230E+00 	1.3507E-02 	
2.7232E+00 	1.4691E-02 	
2.7233E+00 	1.6390E-02 	
2.7235E+00 	1.7922E-02 	
2.7237E+00 	1.7776E-02 	
2.7238E+00 	1.6597E-02 	
2.7240E+00 	1.7116E-02 	
2.7242E+00 	1.7645E-02 	
2.7243E+00 	1.7403E-02 	
2.7245E+00 	1.8300E-02 	
2.7247E+00 	1.7882E-02 	
2.7248E+00 	1.5437E-02 	
2.7250E+00 	1.3910E-02 	
2.7252E+00 	1.4213E-02 	
2.7253E+00 	1.5014E-02 	
2.7255E+00 	1.7564E-02 	
2.7257E+00 	1.8366E-02 	
2.7258E+00 	1.6919E-02 	
2.7260E+00 	1.5916E-02 	
2.7262E+00 	1.6380E-02 	
2.7263E+00 	1.7151E-02 	
2.7265E+00 	1.4198E-02 	
2.7267E+00 	1.3119E-02 	
2.7268E+00 	1.4051E-02 	
2.7270E+00 	1.5624E-02 	
2.7272E+00 	1.7690E-02 	
2.7273E+00 	1.8537E-02 	
2.7275E+00 	1.6082E-02 	
2.7277E+00 	1.4576E-02 	
2.7278E+00 	1.5200E-02 	
2.7280E+00 	1.6682E-02 	
2.7282E+00 	1.7433E-02 	
2.7283E+00 	1.6380E-02 	
2.7285E+00 	1.6203E-02 	
2.7287E+00 	1.7126E-02 	
2.7288E+00 	1.9358E-02 	
2.7290E+00 	2.2841E-02 	
2.7292E+00 	2.5421E-02 	
2.7293E+00 	2.7392E-02 	
2.7295E+00 	2.5729E-02 	
2.7297E+00 	2.1269E-02 	
2.7298E+00 	1.7710E-02 	
2.7300E+00 	1.6657E-02 	
2.7302E+00 	1.7161E-02 	
2.7303E+00 	1.7479E-02 	
2.7305E+00 	1.9021E-02 	
2.7307E+00 	2.0271E-02 	
2.7308E+00 	2.1657E-02 	
2.7310E+00 	2.4288E-02 	
2.7312E+00 	2.4555E-02 	
2.7313E+00 	2.2604E-02 	
2.7315E+00 	2.1984E-02 	
2.7317E+00 	2.2695E-02 	
2.7318E+00 	2.3784E-02 	
2.7320E+00 	2.2695E-02 	
2.7322E+00 	2.1702E-02 	
2.7323E+00 	2.2826E-02 	
2.7325E+00 	2.3668E-02 	
2.7327E+00 	2.5517E-02 	
2.7328E+00 	2.8022E-02 	
2.7330E+00 	3.0270E-02 	
2.7332E+00 	3.0003E-02 	
2.7333E+00 	2.8934E-02 	
2.7335E+00 	2.7805E-02 	
2.7337E+00 	2.7977E-02 	
2.7338E+00 	2.7684E-02 	
2.7340E+00 	2.5366E-02 	
2.7342E+00 	2.2125E-02 	
2.7343E+00 	2.1667E-02 	
2.7345E+00 	2.4116E-02 	
2.7347E+00 	2.6530E-02 	
2.7348E+00 	2.8330E-02 	
2.7350E+00 	2.9847E-02 	
2.7352E+00 	3.0855E-02 	
2.7353E+00 	3.1984E-02 	
2.7355E+00 	3.1651E-02 	
2.7357E+00 	3.0325E-02 	
2.7358E+00 	2.8788E-02 	
2.7360E+00 	2.8526E-02 	
2.7362E+00 	2.8708E-02 	
2.7363E+00 	3.0023E-02 	
2.7365E+00 	3.1726E-02 	
2.7367E+00 	3.4272E-02 	
2.7368E+00 	3.5839E-02 	
2.7370E+00 	3.7679E-02 	
2.7372E+00 	3.7230E-02 	
2.7373E+00 	3.5557E-02 	
2.7375E+00 	3.3984E-02 	
2.7377E+00 	3.4619E-02 	
2.7378E+00 	3.5617E-02 	
2.7380E+00 	3.6479E-02 	
2.7382E+00 	3.5527E-02 	
2.7383E+00 	3.4509E-02 	
2.7385E+00 	3.2205E-02 	
2.7387E+00 	2.8516E-02 	
2.7388E+00 	2.6213E-02 	
2.7390E+00 	2.5699E-02 	
2.7392E+00 	2.4887E-02 	
2.7393E+00 	2.2629E-02 	
2.7395E+00 	2.2821E-02 	
2.7397E+00 	2.5900E-02 	
2.7398E+00 	2.8577E-02 	
2.7400E+00 	3.0834E-02 	
2.7402E+00 	3.1555E-02 	
2.7403E+00 	3.1474E-02 	
2.7405E+00 	3.1797E-02 	
2.7407E+00 	3.2306E-02 	
2.7408E+00 	3.2654E-02 	
2.7410E+00 	3.2427E-02 	
2.7412E+00 	3.2729E-02 	
2.7413E+00 	3.3556E-02 	
2.7415E+00 	3.3969E-02 	
2.7417E+00 	3.2931E-02 	
2.7418E+00 	3.0351E-02 	
2.7420E+00 	2.9136E-02 	
2.7422E+00 	2.9685E-02 	
2.7423E+00 	3.1233E-02 	
2.7425E+00 	3.4604E-02 	
2.7427E+00 	3.7956E-02 	
2.7428E+00 	3.8188E-02 	
2.7430E+00 	3.7386E-02 	
2.7432E+00 	3.7165E-02 	
2.7433E+00 	3.6550E-02 	
2.7435E+00 	3.3884E-02 	
2.7437E+00 	3.0809E-02 	
2.7438E+00 	2.8939E-02 	
2.7440E+00 	3.0381E-02 	
2.7442E+00 	3.2871E-02 	
2.7443E+00 	3.4408E-02 	
2.7445E+00 	3.5753E-02 	
2.7447E+00 	3.5864E-02 	
2.7448E+00 	3.4609E-02 	
2.7450E+00 	3.2593E-02 	
2.7452E+00 	3.1091E-02 	
2.7453E+00 	2.9030E-02 	
2.7455E+00 	2.7861E-02 	
2.7457E+00 	2.8224E-02 	
2.7458E+00 	2.7730E-02 	
2.7460E+00 	2.8849E-02 	
2.7462E+00 	3.0230E-02 	
2.7463E+00 	2.9751E-02 	
2.7465E+00 	2.8647E-02 	
2.7467E+00 	2.8042E-02 	
2.7468E+00 	2.6550E-02 	
2.7470E+00 	2.6248E-02 	
2.7472E+00 	2.7468E-02 	
2.7473E+00 	2.8496E-02 	
2.7475E+00 	3.1041E-02 	
2.7477E+00 	3.2835E-02 	
2.7478E+00 	3.1212E-02 	
2.7480E+00 	2.7644E-02 	
2.7482E+00 	2.5094E-02 	
2.7483E+00 	2.4136E-02 	
2.7485E+00 	2.4151E-02 	
2.7487E+00 	2.5003E-02 	
2.7488E+00 	2.4419E-02 	
2.7490E+00 	2.1964E-02 	
2.7492E+00 	2.2382E-02 	
2.7493E+00 	2.5114E-02 	
2.7495E+00 	2.6984E-02 	
2.7497E+00 	2.7180E-02 	
2.7498E+00 	2.7538E-02 	
2.7500E+00 	2.6646E-02 	
2.7502E+00 	2.5406E-02 	
2.7503E+00 	2.3773E-02 	
2.7505E+00 	2.3547E-02 	
2.7507E+00 	2.6490E-02 	
2.7508E+00 	2.9897E-02 	
2.7510E+00 	3.0396E-02 	
2.7512E+00 	2.8849E-02 	
2.7513E+00 	2.8924E-02 	
2.7515E+00 	3.0855E-02 	
2.7517E+00 	3.1893E-02 	
2.7518E+00 	3.1122E-02 	
2.7520E+00 	3.0068E-02 	
2.7522E+00 	3.0451E-02 	
2.7523E+00 	3.1081E-02 	
2.7525E+00 	3.2629E-02 	
2.7527E+00 	3.3238E-02 	
2.7528E+00 	3.0890E-02 	
2.7530E+00 	2.7921E-02 	
2.7532E+00 	2.6530E-02 	
2.7533E+00 	2.5502E-02 	
2.7535E+00 	2.4393E-02 	
2.7537E+00 	2.4912E-02 	
2.7538E+00 	2.5351E-02 	
2.7540E+00 	2.5573E-02 	
2.7542E+00 	2.6490E-02 	
2.7543E+00 	2.8088E-02 	
2.7545E+00 	2.9292E-02 	
2.7547E+00 	2.8289E-02 	
2.7548E+00 	2.6117E-02 	
2.7550E+00 	2.4474E-02 	
2.7552E+00 	2.4993E-02 	
2.7553E+00 	2.7029E-02 	
2.7555E+00 	2.8118E-02 	
2.7557E+00 	2.8183E-02 	
2.7558E+00 	2.8561E-02 	
2.7560E+00 	2.9811E-02 	
2.7562E+00 	2.9640E-02 	
2.7563E+00 	2.9746E-02 	
2.7565E+00 	2.8798E-02 	
2.7567E+00 	2.7065E-02 	
2.7568E+00 	2.6349E-02 	
2.7570E+00 	2.8128E-02 	
2.7572E+00 	2.8854E-02 	
2.7573E+00 	2.8440E-02 	
2.7575E+00 	2.7810E-02 	
2.7577E+00 	2.7191E-02 	
2.7578E+00 	2.6213E-02 	
2.7580E+00 	2.5391E-02 	
2.7582E+00 	2.5875E-02 	
2.7583E+00 	2.4514E-02 	
2.7585E+00 	2.3738E-02 	
2.7587E+00 	2.4786E-02 	
2.7588E+00 	2.4257E-02 	
2.7590E+00 	2.4645E-02 	
2.7592E+00 	2.7145E-02 	
2.7593E+00 	2.9232E-02 	
2.7595E+00 	2.9962E-02 	
2.7597E+00 	2.8834E-02 	
2.7598E+00 	2.6198E-02 	
2.7600E+00 	2.6646E-02 	
2.7602E+00 	2.8229E-02 	
2.7603E+00 	2.9242E-02 	
2.7605E+00 	2.9448E-02 	
2.7607E+00 	2.9932E-02 	
2.7608E+00 	3.0744E-02 	
2.7610E+00 	3.2271E-02 	
2.7612E+00 	3.4277E-02 	
2.7613E+00 	3.5612E-02 	
2.7615E+00 	3.6202E-02 	
2.7617E+00 	3.6031E-02 	
2.7618E+00 	3.4892E-02 	
2.7620E+00 	3.2765E-02 	
2.7622E+00 	3.2246E-02 	
2.7623E+00 	3.3299E-02 	
2.7625E+00 	3.4125E-02 	
2.7627E+00 	3.4897E-02 	
2.7628E+00 	3.4640E-02 	
2.7630E+00 	3.3193E-02 	
2.7632E+00 	3.3183E-02 	
2.7633E+00 	3.3143E-02 	
2.7635E+00 	3.3254E-02 	
2.7637E+00 	3.3768E-02 	
2.7638E+00 	3.5572E-02 	
2.7640E+00 	3.9821E-02 	
2.7642E+00 	4.2966E-02 	
2.7643E+00 	4.3999E-02 	
2.7645E+00 	4.2250E-02 	
2.7647E+00 	4.1549E-02 	
2.7648E+00 	4.0652E-02 	
2.7650E+00 	3.7280E-02 	
2.7652E+00 	3.4866E-02 	
2.7653E+00 	3.4902E-02 	
2.7655E+00 	3.7532E-02 	
2.7657E+00 	4.1650E-02 	
2.7658E+00 	4.5349E-02 	
2.7660E+00 	4.6882E-02 	
2.7662E+00 	4.7804E-02 	
2.7663E+00 	4.9316E-02 	
2.7665E+00 	5.2083E-02 	
2.7667E+00 	5.6589E-02 	
2.7668E+00 	5.9668E-02 	
2.7670E+00 	6.2274E-02 	
2.7672E+00 	6.4310E-02 	
2.7673E+00 	6.6845E-02 	
2.7675E+00 	6.9037E-02 	
2.7677E+00 	6.9970E-02 	
2.7678E+00 	6.8911E-02 	
2.7680E+00 	6.7203E-02 	
2.7682E+00 	6.5131E-02 	
2.7683E+00 	6.4254E-02 	
2.7685E+00 	6.7631E-02 	
2.7687E+00 	7.1083E-02 	
2.7688E+00 	7.4506E-02 	
2.7690E+00 	7.7847E-02 	
2.7692E+00 	8.1385E-02 	
2.7693E+00 	8.4490E-02 	
2.7695E+00 	8.8113E-02 	
2.7697E+00 	9.1616E-02 	
2.7698E+00 	9.3562E-02 	
2.7700E+00 	9.4423E-02 	
2.7702E+00 	9.4665E-02 	
2.7703E+00 	9.4806E-02 	
2.7705E+00 	9.6475E-02 	
2.7707E+00 	1.0003E-01 	
2.7708E+00 	1.0381E-01 	
2.7710E+00 	1.0532E-01 	
2.7712E+00 	1.0478E-01 	
2.7713E+00 	1.0693E-01 	
2.7715E+00 	1.1149E-01 	
2.7717E+00 	1.1668E-01 	
2.7718E+00 	1.2191E-01 	
2.7720E+00 	1.2579E-01 	
2.7722E+00 	1.2865E-01 	
2.7723E+00 	1.3237E-01 	
2.7725E+00 	1.3629E-01 	
2.7727E+00 	1.3916E-01 	
2.7728E+00 	1.4277E-01 	
2.7730E+00 	1.4724E-01 	
2.7732E+00 	1.5097E-01 	
2.7733E+00 	1.5365E-01 	
2.7735E+00 	1.5605E-01 	
2.7737E+00 	1.6068E-01 	
2.7738E+00 	1.6784E-01 	
2.7740E+00 	1.7535E-01 	
2.7742E+00 	1.8116E-01 	
2.7743E+00 	1.8708E-01 	
2.7745E+00 	1.9464E-01 	
2.7747E+00 	2.0348E-01 	
2.7748E+00 	2.1281E-01 	
2.7750E+00 	2.2140E-01 	
2.7752E+00 	2.2403E-01 	
2.7753E+00 	2.2578E-01 	
2.7755E+00 	2.3035E-01 	
2.7757E+00 	2.3891E-01 	
2.7758E+00 	2.4806E-01 	
2.7760E+00 	2.5477E-01 	
2.7762E+00 	2.6158E-01 	
2.7763E+00 	2.6993E-01 	
2.7765E+00 	2.7890E-01 	
2.7767E+00 	2.8740E-01 	
2.7768E+00 	2.9566E-01 	
2.7770E+00 	3.0354E-01 	
2.7772E+00 	3.1295E-01 	
2.7773E+00 	3.2209E-01 	
2.7775E+00 	3.3084E-01 	
2.7777E+00 	3.4121E-01 	
2.7778E+00 	3.5164E-01 	
2.7780E+00 	3.6174E-01 	
2.7782E+00 	3.7192E-01 	
2.7783E+00 	3.8024E-01 	
2.7785E+00 	3.8958E-01 	
2.7787E+00 	4.0129E-01 	
2.7788E+00 	4.1145E-01 	
2.7790E+00 	4.2086E-01 	
2.7792E+00 	4.3258E-01 	
2.7793E+00 	4.4476E-01 	
2.7795E+00 	4.5697E-01 	
2.7797E+00 	4.6975E-01 	
2.7798E+00 	4.8132E-01 	
2.7800E+00 	4.9150E-01 	
2.7802E+00 	5.0275E-01 	
2.7803E+00 	5.1553E-01 	
2.7805E+00 	5.3087E-01 	
2.7807E+00 	5.4556E-01 	
2.7808E+00 	5.5677E-01 	
2.7810E+00 	5.6753E-01 	
2.7812E+00 	5.7928E-01 	
2.7813E+00 	5.9185E-01 	
2.7815E+00 	6.0388E-01 	
2.7817E+00 	6.1541E-01 	
2.7818E+00 	6.2737E-01 	
2.7820E+00 	6.3949E-01 	
2.7822E+00 	6.5025E-01 	
2.7823E+00 	6.6043E-01 	
2.7825E+00 	6.7037E-01 	
2.7827E+00 	6.8128E-01 	
2.7828E+00 	6.9219E-01 	
2.7830E+00 	7.0461E-01 	
2.7832E+00 	7.1781E-01 	
2.7833E+00 	7.2982E-01 	
2.7835E+00 	7.4125E-01 	
2.7837E+00 	7.5308E-01 	
2.7838E+00 	7.6165E-01 	
2.7840E+00 	7.7016E-01 	
2.7842E+00 	7.8099E-01 	
2.7843E+00 	7.9191E-01 	
2.7845E+00 	8.0044E-01 	
2.7847E+00 	8.0606E-01 	
2.7848E+00 	8.0989E-01 	
2.7850E+00 	8.1484E-01 	
2.7852E+00 	8.1937E-01 	
2.7853E+00 	8.2310E-01 	
2.7855E+00 	8.2641E-01 	
2.7857E+00 	8.3270E-01 	
2.7858E+00 	8.3957E-01 	
2.7860E+00 	8.4410E-01 	
2.7862E+00 	8.4569E-01 	
2.7863E+00 	8.4699E-01 	
2.7865E+00 	8.4857E-01 	
2.7867E+00 	8.5130E-01 	
2.7868E+00 	8.5150E-01 	
2.7870E+00 	8.4916E-01 	
2.7872E+00 	8.4883E-01 	
2.7873E+00 	8.4949E-01 	
2.7875E+00 	8.5128E-01 	
2.7877E+00 	8.5019E-01 	
2.7878E+00 	8.4679E-01 	
2.7880E+00 	8.4323E-01 	
2.7882E+00 	8.4088E-01 	
2.7883E+00 	8.3647E-01 	
2.7885E+00 	8.2916E-01 	
2.7887E+00 	8.1971E-01 	
2.7888E+00 	8.1021E-01 	
2.7890E+00 	8.0328E-01 	
2.7892E+00 	7.9881E-01 	
2.7893E+00 	7.9418E-01 	
2.7895E+00 	7.8879E-01 	
2.7897E+00 	7.8092E-01 	
2.7898E+00 	7.7022E-01 	
2.7900E+00 	7.5766E-01 	
2.7902E+00 	7.4573E-01 	
2.7903E+00 	7.3305E-01 	
2.7905E+00 	7.2102E-01 	
2.7907E+00 	7.1143E-01 	
2.7908E+00 	7.0235E-01 	
2.7910E+00 	6.9344E-01 	
2.7912E+00 	6.8392E-01 	
2.7913E+00 	6.7344E-01 	
2.7915E+00 	6.6145E-01 	
2.7917E+00 	6.4957E-01 	
2.7918E+00 	6.3658E-01 	
2.7920E+00 	6.2285E-01 	
2.7922E+00 	6.0933E-01 	
2.7923E+00 	5.9743E-01 	
2.7925E+00 	5.8660E-01 	
2.7927E+00 	5.7583E-01 	
2.7928E+00 	5.6493E-01 	
2.7930E+00 	5.5452E-01 	
2.7932E+00 	5.4207E-01 	
2.7933E+00 	5.2815E-01 	
2.7935E+00 	5.1430E-01 	
2.7937E+00 	5.0167E-01 	
2.7938E+00 	4.9071E-01 	
2.7940E+00 	4.8048E-01 	
2.7942E+00 	4.6929E-01 	
2.7943E+00 	4.5731E-01 	
2.7945E+00 	4.4470E-01 	
2.7947E+00 	4.3405E-01 	
2.7948E+00 	4.2439E-01 	
2.7950E+00 	4.1652E-01 	
2.7952E+00 	4.0762E-01 	
2.7953E+00 	3.9709E-01 	
2.7955E+00 	3.8514E-01 	
2.7957E+00 	3.7412E-01 	
2.7958E+00 	3.6541E-01 	
2.7960E+00 	3.5761E-01 	
2.7962E+00 	3.5073E-01 	
2.7963E+00 	3.4240E-01 	
2.7965E+00 	3.3266E-01 	
2.7967E+00 	3.2222E-01 	
2.7968E+00 	3.1000E-01 	
2.7970E+00 	3.0154E-01 	
2.7972E+00 	2.9577E-01 	
2.7973E+00 	2.9051E-01 	
2.7975E+00 	2.8394E-01 	
2.7977E+00 	2.7581E-01 	
2.7978E+00 	2.6892E-01 	
2.7980E+00 	2.6471E-01 	
2.7982E+00 	2.6027E-01 	
2.7983E+00 	2.5443E-01 	
2.7985E+00 	2.4566E-01 	
2.7987E+00 	2.3900E-01 	
2.7988E+00 	2.3505E-01 	
2.7990E+00 	2.3136E-01 	
2.7992E+00 	2.2856E-01 	
2.7993E+00 	2.2678E-01 	
2.7995E+00 	2.2466E-01 	
2.7997E+00 	2.2203E-01 	
2.7998E+00 	2.1703E-01 	
2.8000E+00 	2.0971E-01 	
2.8002E+00 	2.0185E-01 	
2.8003E+00 	1.9603E-01 	
2.8005E+00 	1.9252E-01 	
2.8007E+00 	1.9112E-01 	
2.8008E+00 	1.8891E-01 	
2.8010E+00 	1.8616E-01 	
2.8012E+00 	1.8355E-01 	
2.8013E+00 	1.8206E-01 	
2.8015E+00 	1.8170E-01 	
2.8017E+00 	1.8038E-01 	
2.8018E+00 	1.7884E-01 	
2.8020E+00 	1.7811E-01 	
2.8022E+00 	1.7838E-01 	
2.8023E+00 	1.7965E-01 	
2.8025E+00 	1.8074E-01 	
2.8027E+00 	1.7818E-01 	
2.8028E+00 	1.7201E-01 	
2.8030E+00 	1.6755E-01 	
2.8032E+00 	1.6600E-01 	
2.8033E+00 	1.6522E-01 	
2.8035E+00 	1.6432E-01 	
2.8037E+00 	1.6611E-01 	
2.8038E+00 	1.7151E-01 	
2.8040E+00 	1.7684E-01 	
2.8042E+00 	1.7912E-01 	
2.8043E+00 	1.7874E-01 	
2.8045E+00 	1.7933E-01 	
2.8047E+00 	1.8250E-01 	
2.8048E+00 	1.8654E-01 	
2.8050E+00 	1.9079E-01 	
2.8052E+00 	1.9316E-01 	
2.8053E+00 	1.9426E-01 	
2.8055E+00 	1.9693E-01 	
2.8057E+00 	2.0038E-01 	
2.8058E+00 	2.0247E-01 	
2.8060E+00 	2.0520E-01 	
2.8062E+00 	2.0735E-01 	
2.8063E+00 	2.0884E-01 	
2.8065E+00 	2.0977E-01 	
2.8067E+00 	2.1347E-01 	
2.8068E+00 	2.1822E-01 	
2.8070E+00 	2.2525E-01 	
2.8072E+00 	2.3311E-01 	
2.8073E+00 	2.3975E-01 	
2.8075E+00 	2.4565E-01 	
2.8077E+00 	2.5174E-01 	
2.8078E+00 	2.5902E-01 	
2.8080E+00 	2.6757E-01 	
2.8082E+00 	2.7501E-01 	
2.8083E+00 	2.8089E-01 	
2.8085E+00 	2.8792E-01 	
2.8087E+00 	2.9528E-01 	
2.8088E+00 	3.0223E-01 	
2.8090E+00 	3.0802E-01 	
2.8092E+00 	3.1308E-01 	
2.8093E+00 	3.1963E-01 	
2.8095E+00 	3.2747E-01 	
2.8097E+00 	3.3638E-01 	
2.8098E+00 	3.4566E-01 	
2.8100E+00 	3.5225E-01 	
2.8102E+00 	3.5690E-01 	
2.8103E+00 	3.6354E-01 	
2.8105E+00 	3.7113E-01 	
2.8107E+00 	3.7770E-01 	
2.8108E+00 	3.8648E-01 	
2.8110E+00 	3.9710E-01 	
2.8112E+00 	4.0591E-01 	
2.8113E+00 	4.1025E-01 	
2.8115E+00 	4.1383E-01 	
2.8117E+00 	4.1961E-01 	
2.8118E+00 	4.2734E-01 	
2.8120E+00 	4.3574E-01 	
2.8122E+00 	4.4780E-01 	
2.8123E+00 	4.5916E-01 	
2.8125E+00 	4.6911E-01 	
2.8127E+00 	4.8107E-01 	
2.8128E+00 	4.9390E-01 	
2.8130E+00 	5.0394E-01 	
2.8132E+00 	5.1284E-01 	
2.8133E+00 	5.2141E-01 	
2.8135E+00 	5.2990E-01 	
2.8137E+00 	5.3821E-01 	
2.8138E+00 	5.4783E-01 	
2.8140E+00 	5.5935E-01 	
2.8142E+00 	5.7181E-01 	
2.8143E+00 	5.8609E-01 	
2.8145E+00 	6.0079E-01 	
2.8147E+00 	6.1117E-01 	
2.8148E+00 	6.1806E-01 	
2.8150E+00 	6.2661E-01 	
2.8152E+00 	6.3572E-01 	
2.8153E+00 	6.4709E-01 	
2.8155E+00 	6.5995E-01 	
2.8157E+00 	6.7209E-01 	
2.8158E+00 	6.8273E-01 	
2.8160E+00 	6.9565E-01 	
2.8162E+00 	7.0649E-01 	
2.8163E+00 	7.1680E-01 	
2.8165E+00 	7.2657E-01 	
2.8167E+00 	7.3576E-01 	
2.8168E+00 	7.4703E-01 	
2.8170E+00 	7.5800E-01 	
2.8172E+00 	7.6775E-01 	
2.8173E+00 	7.7560E-01 	
2.8175E+00 	7.8243E-01 	
2.8177E+00 	7.8949E-01 	
2.8178E+00 	7.9713E-01 	
2.8180E+00 	8.0760E-01 	
2.8182E+00 	8.2022E-01 	
2.8183E+00 	8.3332E-01 	
2.8185E+00 	8.4397E-01 	
2.8187E+00 	8.5205E-01 	
2.8188E+00 	8.5855E-01 	
2.8190E+00 	8.6481E-01 	
2.8192E+00 	8.7105E-01 	
2.8193E+00 	8.7760E-01 	
2.8195E+00 	8.8254E-01 	
2.8197E+00 	8.8613E-01 	
2.8198E+00 	8.9009E-01 	
2.8200E+00 	8.9470E-01 	
2.8202E+00 	8.9937E-01 	
2.8203E+00 	9.0583E-01 	
2.8205E+00 	9.1296E-01 	
2.8207E+00 	9.1715E-01 	
2.8208E+00 	9.1694E-01 	
2.8210E+00 	9.1537E-01 	
2.8212E+00 	9.1389E-01 	
2.8213E+00 	9.1493E-01 	
2.8215E+00 	9.1575E-01 	
2.8217E+00 	9.1567E-01 	
2.8218E+00 	9.1518E-01 	
2.8220E+00 	9.1524E-01 	
2.8222E+00 	9.1559E-01 	
2.8223E+00 	9.1664E-01 	
2.8225E+00 	9.1730E-01 	
2.8227E+00 	9.1606E-01 	
2.8228E+00 	9.1408E-01 	
2.8230E+00 	9.0961E-01 	
2.8232E+00 	9.0048E-01 	
2.8233E+00 	8.9062E-01 	
2.8235E+00 	8.8185E-01 	
2.8237E+00 	8.7459E-01 	
2.8238E+00 	8.7050E-01 	
2.8240E+00 	8.6487E-01 	
2.8242E+00 	8.5690E-01 	
2.8243E+00 	8.4796E-01 	
2.8245E+00 	8.3661E-01 	
2.8247E+00 	8.2412E-01 	
2.8248E+00 	8.1145E-01 	
2.8250E+00 	7.9831E-01 	
2.8252E+00 	7.8422E-01 	
2.8253E+00 	7.7077E-01 	
2.8255E+00 	7.5746E-01 	
2.8257E+00 	7.4522E-01 	
2.8258E+00 	7.3328E-01 	
2.8260E+00 	7.2200E-01 	
2.8262E+00 	7.1132E-01 	
2.8263E+00 	6.9998E-01 	
2.8265E+00 	6.8921E-01 	
2.8267E+00 	6.8152E-01 	
2.8268E+00 	6.7272E-01 	
2.8270E+00 	6.6071E-01 	
2.8272E+00 	6.4715E-01 	
2.8273E+00 	6.3394E-01 	
2.8275E+00 	6.2182E-01 	
2.8277E+00 	6.1102E-01 	
2.8278E+00 	6.0287E-01 	
2.8280E+00 	5.9446E-01 	
2.8282E+00 	5.8700E-01 	
2.8283E+00 	5.7909E-01 	
2.8285E+00 	5.6943E-01 	
2.8287E+00 	5.5859E-01 	
2.8288E+00 	5.4803E-01 	
2.8290E+00 	5.3601E-01 	
2.8292E+00 	5.2202E-01 	
2.8293E+00 	5.0913E-01 	
2.8295E+00 	4.9702E-01 	
2.8297E+00 	4.8419E-01 	
2.8298E+00 	4.7245E-01 	
2.8300E+00 	4.6095E-01 	
2.8302E+00 	4.4438E-01 	
2.8303E+00 	4.2799E-01 	
2.8305E+00 	4.1723E-01 	
2.8307E+00 	4.0975E-01 	
2.8308E+00 	4.0227E-01 	
2.8310E+00 	3.9425E-01 	
2.8312E+00 	3.8633E-01 	
2.8313E+00 	3.7874E-01 	
2.8315E+00 	3.7119E-01 	
2.8317E+00 	3.6416E-01 	
2.8318E+00 	3.5618E-01 	
2.8320E+00 	3.4747E-01 	
2.8322E+00 	3.3830E-01 	
2.8323E+00 	3.3008E-01 	
2.8325E+00 	3.2381E-01 	
2.8327E+00 	3.1711E-01 	
2.8328E+00 	3.0889E-01 	
2.8330E+00 	3.0148E-01 	
2.8332E+00 	2.9260E-01 	
2.8333E+00 	2.8306E-01 	
2.8335E+00 	2.7657E-01 	
2.8337E+00 	2.7241E-01 	
2.8338E+00 	2.6786E-01 	
2.8340E+00 	2.6289E-01 	
2.8342E+00 	2.5627E-01 	
2.8343E+00 	2.4900E-01 	
2.8345E+00 	2.4411E-01 	
2.8347E+00 	2.3971E-01 	
2.8348E+00 	2.3480E-01 	
2.8350E+00 	2.3014E-01 	
2.8352E+00 	2.2460E-01 	
2.8353E+00 	2.1749E-01 	
2.8355E+00 	2.1095E-01 	
2.8357E+00 	2.0473E-01 	
2.8358E+00 	1.9992E-01 	
2.8360E+00 	1.9595E-01 	
2.8362E+00 	1.9355E-01 	
2.8363E+00 	1.9337E-01 	
2.8365E+00 	1.9367E-01 	
2.8367E+00 	1.9036E-01 	
2.8368E+00 	1.8398E-01 	
2.8370E+00 	1.7681E-01 	
2.8372E+00 	1.7139E-01 	
2.8373E+00 	1.6974E-01 	
2.8375E+00 	1.7119E-01 	
2.8377E+00 	1.7278E-01 	
2.8378E+00 	1.7305E-01 	
2.8380E+00 	1.7092E-01 	
2.8382E+00 	1.6803E-01 	
2.8383E+00 	1.6633E-01 	
2.8385E+00 	1.6664E-01 	
2.8387E+00 	1.6552E-01 	
2.8388E+00 	1.6303E-01 	
2.8390E+00 	1.6080E-01 	
2.8392E+00 	1.5700E-01 	
2.8393E+00 	1.5195E-01 	
2.8395E+00 	1.4768E-01 	
2.8397E+00 	1.4555E-01 	
2.8398E+00 	1.4346E-01 	
2.8400E+00 	1.4272E-01 	
2.8402E+00 	1.4263E-01 	
2.8403E+00 	1.4236E-01 	
2.8405E+00 	1.4331E-01 	
2.8407E+00 	1.4601E-01 	
2.8408E+00 	1.4906E-01 	
2.8410E+00 	1.5015E-01 	
2.8412E+00 	1.5086E-01 	
2.8413E+00 	1.5378E-01 	
2.8415E+00 	1.5691E-01 	
2.8417E+00 	1.5829E-01 	
2.8418E+00 	1.5902E-01 	
2.8420E+00 	1.5950E-01 	
2.8422E+00 	1.6094E-01 	
2.8423E+00 	1.6330E-01 	
2.8425E+00 	1.6508E-01 	
2.8427E+00 	1.6677E-01 	
2.8428E+00 	1.6939E-01 	
2.8430E+00 	1.7313E-01 	
2.8432E+00 	1.7759E-01 	
2.8433E+00 	1.8253E-01 	
2.8435E+00 	1.8742E-01 	
2.8437E+00 	1.9151E-01 	
2.8438E+00 	1.9393E-01 	
2.8440E+00 	1.9676E-01 	
2.8442E+00 	1.9759E-01 	
2.8443E+00 	1.9776E-01 	
2.8445E+00 	1.9820E-01 	
2.8447E+00 	1.9966E-01 	
2.8448E+00 	2.0391E-01 	
2.8450E+00 	2.0974E-01 	
2.8452E+00 	2.1622E-01 	
2.8453E+00 	2.1971E-01 	
2.8455E+00 	2.2276E-01 	
2.8457E+00 	2.2689E-01 	
2.8458E+00 	2.3168E-01 	
2.8460E+00 	2.3892E-01 	
2.8462E+00 	2.4594E-01 	
2.8463E+00 	2.5191E-01 	
2.8465E+00 	2.5824E-01 	
2.8467E+00 	2.6558E-01 	
2.8468E+00 	2.7198E-01 	
2.8470E+00 	2.7558E-01 	
2.8472E+00 	2.7739E-01 	
2.8473E+00 	2.8108E-01 	
2.8475E+00 	2.8666E-01 	
2.8477E+00 	2.9384E-01 	
2.8478E+00 	3.0143E-01 	
2.8480E+00 	3.0987E-01 	
2.8482E+00 	3.1705E-01 	
2.8483E+00 	3.2283E-01 	
2.8485E+00 	3.2724E-01 	
2.8487E+00 	3.3253E-01 	
2.8488E+00 	3.3886E-01 	
2.8490E+00 	3.4654E-01 	
2.8492E+00 	3.5405E-01 	
2.8493E+00 	3.6145E-01 	
2.8495E+00 	3.6654E-01 	
2.8497E+00 	3.7004E-01 	
2.8498E+00 	3.7529E-01 	
2.8500E+00 	3.8397E-01 	
2.8502E+00 	3.9400E-01 	
2.8503E+00 	4.0351E-01 	
2.8505E+00 	4.0906E-01 	
2.8507E+00 	4.1514E-01 	
2.8508E+00 	4.2167E-01 	
2.8510E+00 	4.2778E-01 	
2.8512E+00 	4.3334E-01 	
2.8513E+00 	4.3792E-01 	
2.8515E+00 	4.4431E-01 	
2.8517E+00 	4.5181E-01 	
2.8518E+00 	4.5966E-01 	
2.8520E+00 	4.6745E-01 	
2.8522E+00 	4.7531E-01 	
2.8523E+00 	4.8369E-01 	
2.8525E+00 	4.8878E-01 	
2.8527E+00 	4.9289E-01 	
2.8528E+00 	4.9684E-01 	
2.8530E+00 	5.0141E-01 	
2.8532E+00 	5.0638E-01 	
2.8533E+00 	5.0973E-01 	
2.8535E+00 	5.1152E-01 	
2.8537E+00 	5.1500E-01 	
2.8538E+00 	5.2128E-01 	
2.8540E+00 	5.2727E-01 	
2.8542E+00 	5.3213E-01 	
2.8543E+00 	5.3572E-01 	
2.8545E+00 	5.3934E-01 	
2.8547E+00 	5.4309E-01 	
2.8548E+00 	5.4643E-01 	
2.8550E+00 	5.4756E-01 	
2.8552E+00 	5.4667E-01 	
2.8553E+00 	5.4598E-01 	
2.8555E+00 	5.4476E-01 	
2.8557E+00 	5.4375E-01 	
2.8558E+00 	5.4505E-01 	
2.8560E+00 	5.4814E-01 	
2.8562E+00 	5.5128E-01 	
2.8563E+00 	5.5177E-01 	
2.8565E+00 	5.4911E-01 	
2.8567E+00 	5.4417E-01 	
2.8568E+00 	5.3968E-01 	
2.8570E+00 	5.3758E-01 	
2.8572E+00 	5.3757E-01 	
2.8573E+00 	5.3704E-01 	
2.8575E+00 	5.3492E-01 	
2.8577E+00 	5.2710E-01 	
2.8578E+00 	5.1611E-01 	
2.8580E+00 	5.0961E-01 	
2.8582E+00 	5.0652E-01 	
2.8583E+00 	5.0415E-01 	
2.8585E+00 	5.0126E-01 	
2.8587E+00 	4.9885E-01 	
2.8588E+00 	4.9658E-01 	
2.8590E+00 	4.9340E-01 	
2.8592E+00 	4.8804E-01 	
2.8593E+00 	4.8255E-01 	
2.8595E+00 	4.7575E-01 	
2.8597E+00 	4.6930E-01 	
2.8598E+00 	4.6336E-01 	
2.8600E+00 	4.5597E-01 	
2.8602E+00 	4.4770E-01 	
2.8603E+00 	4.3892E-01 	
2.8605E+00 	4.2924E-01 	
2.8607E+00 	4.2105E-01 	
2.8608E+00 	4.1531E-01 	
2.8610E+00 	4.0821E-01 	
2.8612E+00 	3.9945E-01 	
2.8613E+00 	3.9257E-01 	
2.8615E+00 	3.8444E-01 	
2.8617E+00 	3.7423E-01 	
2.8618E+00 	3.6403E-01 	
2.8620E+00 	3.5749E-01 	
2.8622E+00 	3.5249E-01 	
2.8623E+00 	3.4780E-01 	
2.8625E+00 	3.3940E-01 	
2.8627E+00 	3.3020E-01 	
2.8628E+00 	3.2270E-01 	
2.8630E+00 	3.1661E-01 	
2.8632E+00 	3.0913E-01 	
2.8633E+00 	3.0095E-01 	
2.8635E+00 	2.9347E-01 	
2.8637E+00 	2.8570E-01 	
2.8638E+00 	2.7823E-01 	
2.8640E+00 	2.7123E-01 	
2.8642E+00 	2.6669E-01 	
2.8643E+00 	2.6128E-01 	
2.8645E+00 	2.5163E-01 	
2.8647E+00 	2.4291E-01 	
2.8648E+00 	2.3750E-01 	
2.8650E+00 	2.3349E-01 	
2.8652E+00 	2.2753E-01 	
2.8653E+00 	2.1992E-01 	
2.8655E+00 	2.1144E-01 	
2.8657E+00 	2.0529E-01 	
2.8658E+00 	2.0211E-01 	
2.8660E+00 	1.9853E-01 	
2.8662E+00 	1.9498E-01 	
2.8663E+00 	1.8928E-01 	
2.8665E+00 	1.8211E-01 	
2.8667E+00 	1.7514E-01 	
2.8668E+00 	1.7003E-01 	
2.8670E+00 	1.6546E-01 	
2.8672E+00 	1.6016E-01 	
2.8673E+00 	1.5479E-01 	
2.8675E+00 	1.4966E-01 	
2.8677E+00 	1.4442E-01 	
2.8678E+00 	1.3944E-01 	
2.8680E+00 	1.3691E-01 	
2.8682E+00 	1.3649E-01 	
2.8683E+00 	1.3629E-01 	
2.8685E+00 	1.3208E-01 	
2.8687E+00 	1.2648E-01 	
2.8688E+00 	1.2050E-01 	
2.8690E+00 	1.1599E-01 	
2.8692E+00 	1.1230E-01 	
2.8693E+00 	1.0753E-01 	
2.8695E+00 	1.0139E-01 	
2.8697E+00 	9.6550E-02 	
2.8698E+00 	9.4192E-02 	
2.8700E+00 	9.1863E-02 	
2.8702E+00 	8.8255E-02 	
2.8703E+00 	8.3270E-02 	
2.8705E+00 	7.8910E-02 	
2.8707E+00 	7.6784E-02 	
2.8708E+00 	7.5579E-02 	
2.8710E+00 	7.6990E-02 	
2.8712E+00 	7.8104E-02 	
2.8713E+00 	7.7383E-02 	
2.8715E+00 	7.5423E-02 	
2.8717E+00 	7.3745E-02 	
2.8718E+00 	7.2096E-02 	
2.8720E+00 	7.0534E-02 	
2.8722E+00 	6.8316E-02 	
2.8723E+00 	6.5751E-02 	
2.8725E+00 	6.3937E-02 	
2.8727E+00 	5.9864E-02 	
2.8728E+00 	5.3701E-02 	
2.8730E+00 	5.0460E-02 	
2.8732E+00 	4.8893E-02 	
2.8733E+00 	4.9507E-02 	
2.8735E+00 	5.0052E-02 	
2.8737E+00 	5.0858E-02 	
2.8738E+00 	5.0168E-02 	
2.8740E+00 	5.0147E-02 	
2.8742E+00 	4.8182E-02 	
2.8743E+00 	4.5475E-02 	
2.8745E+00 	4.3228E-02 	
2.8747E+00 	4.2441E-02 	
2.8748E+00 	4.2280E-02 	
2.8750E+00 	4.2996E-02 	
2.8752E+00 	4.4311E-02 	
2.8753E+00 	4.4906E-02 	
2.8755E+00 	4.3167E-02 	
2.8757E+00 	4.1837E-02 	
2.8758E+00 	4.1166E-02 	
2.8760E+00 	3.9710E-02 	
2.8762E+00 	3.7674E-02 	
2.8763E+00 	3.5708E-02 	
2.8765E+00 	3.5859E-02 	
2.8767E+00 	3.7936E-02 	
2.8768E+00 	3.9533E-02 	
2.8770E+00 	3.8913E-02 	
2.8772E+00 	3.6535E-02 	
2.8773E+00 	3.2750E-02 	
2.8775E+00 	3.1389E-02 	
2.8777E+00 	3.3087E-02 	
2.8778E+00 	3.5259E-02 	
2.8780E+00 	3.4902E-02 	
2.8782E+00 	3.2619E-02 	
2.8783E+00 	2.9015E-02 	
2.8785E+00 	2.4494E-02 	
2.8787E+00 	2.2256E-02 	
2.8788E+00 	2.3108E-02 	
2.8790E+00 	2.4696E-02 	
2.8792E+00 	2.5679E-02 	
2.8793E+00 	2.5018E-02 	
2.8795E+00 	2.4797E-02 	
2.8797E+00 	2.4781E-02 	
2.8798E+00 	2.4978E-02 	
2.8800E+00 	2.4212E-02 	
2.8802E+00 	2.3552E-02 	
2.8803E+00 	2.5421E-02 	
2.8805E+00 	2.6863E-02 	
2.8807E+00 	2.7145E-02 	
2.8808E+00 	2.6374E-02 	
2.8810E+00 	2.3300E-02 	
2.8812E+00 	1.9117E-02 	
2.8813E+00 	1.7070E-02 	
2.8815E+00 	1.8270E-02 	
2.8817E+00 	2.0125E-02 	
2.8818E+00 	1.8708E-02 	
2.8820E+00 	1.6007E-02 	
2.8822E+00 	1.5397E-02 	
2.8823E+00 	1.5760E-02 	
2.8825E+00 	1.7625E-02 	
2.8827E+00 	1.9792E-02 	
2.8828E+00 	1.9731E-02 	
2.8830E+00 	1.7569E-02 	
2.8832E+00 	1.7267E-02 	
2.8833E+00 	1.8366E-02 	
2.8835E+00 	1.8698E-02 	
2.8837E+00 	2.0150E-02 	
2.8838E+00 	2.0820E-02 	
2.8840E+00 	2.0472E-02 	
2.8842E+00 	1.9434E-02 	
2.8843E+00 	1.9293E-02 	
2.8845E+00 	2.0140E-02 	
2.8847E+00 	1.9913E-02 	
2.8848E+00 	1.7479E-02 	
2.8850E+00 	1.6289E-02 	
2.8852E+00 	1.7116E-02 	
2.8853E+00 	1.7912E-02 	
2.8855E+00 	1.8235E-02 	
2.8857E+00 	1.7988E-02 	
2.8858E+00 	1.7559E-02 	
2.8860E+00 	1.8844E-02 	
2.8862E+00 	2.0815E-02 	
2.8863E+00 	2.1571E-02 	
2.8865E+00 	1.9142E-02 	
2.8867E+00 	1.5704E-02 	
2.8868E+00 	1.4077E-02 	
2.8870E+00 	1.3492E-02 	
2.8872E+00 	1.3729E-02 	
2.8873E+00 	1.2675E-02 	
2.8875E+00 	1.1415E-02 	
2.8877E+00 	1.4334E-02 	
2.8878E+00 	1.7151E-02 	
2.8880E+00 	1.6838E-02 	
2.8882E+00 	1.5871E-02 	
2.8883E+00 	1.6128E-02 	
2.8885E+00 	1.5679E-02 	
2.8887E+00 	1.5629E-02 	
2.8888E+00 	1.4737E-02 	
2.8890E+00 	1.5699E-02 	
2.8892E+00 	1.9182E-02 	
2.8893E+00 	2.2226E-02 	
2.8895E+00 	2.2755E-02 	
2.8897E+00 	2.3930E-02 	
2.8898E+00 	2.3521E-02 	
2.8900E+00 	2.1042E-02 	
2.8902E+00 	1.8905E-02 	
2.8903E+00 	2.0598E-02 	
2.8905E+00 	2.3925E-02 	
2.8907E+00 	2.7226E-02 	
2.8908E+00 	2.7463E-02 	
2.8910E+00 	2.4877E-02 	
2.8912E+00 	2.0291E-02 	
2.8913E+00 	1.5725E-02 	
2.8915E+00 	1.5967E-02 	
2.8917E+00 	1.8749E-02 	
2.8918E+00 	1.9827E-02 	
2.8920E+00 	2.0422E-02 	
2.8922E+00 	2.2125E-02 	
2.8923E+00 	2.4494E-02 	
2.8925E+00 	2.4741E-02 	
2.8927E+00 	2.2151E-02 	
2.8928E+00 	1.9641E-02 	
2.8930E+00 	1.9474E-02 	
2.8932E+00 	1.7972E-02 	
2.8933E+00 	1.4495E-02 	
2.8935E+00 	1.2358E-02 	
2.8937E+00 	1.2313E-02 	
2.8938E+00 	1.3401E-02 	
2.8940E+00 	1.4606E-02 	
2.8942E+00 	1.6259E-02 	
2.8943E+00 	1.7720E-02 	
2.8945E+00 	2.0457E-02 	
2.8947E+00 	2.2660E-02 	
2.8948E+00 	2.2009E-02 	
2.8950E+00 	2.1027E-02 	
2.8952E+00 	2.0311E-02 	
2.8953E+00 	2.0190E-02 	
2.8955E+00 	1.9948E-02 	
2.8957E+00 	1.8794E-02 	
2.8958E+00 	1.8154E-02 	
2.8960E+00 	1.8502E-02 	
2.8962E+00 	2.0855E-02 	
2.8963E+00 	2.3441E-02 	
2.8965E+00 	2.5799E-02 	
2.8967E+00 	2.8793E-02 	
2.8968E+00 	2.8823E-02 	
2.8970E+00 	2.7936E-02 	
2.8972E+00 	2.6545E-02 	
2.8973E+00 	2.5003E-02 	
2.8975E+00 	2.4177E-02 	
2.8977E+00 	2.5301E-02 	
2.8978E+00 	2.7180E-02 	
2.8980E+00 	2.8017E-02 	
2.8982E+00 	2.7090E-02 	
2.8983E+00 	2.6676E-02 	
2.8985E+00 	2.7296E-02 	
2.8987E+00 	2.7120E-02 	
2.8988E+00 	2.5588E-02 	
2.8990E+00 	2.5341E-02 	
2.8992E+00 	2.6036E-02 	
2.8993E+00 	2.8370E-02 	
2.8995E+00 	3.0174E-02 	
2.8997E+00 	3.1313E-02 	
2.8998E+00 	3.1187E-02 	
2.9000E+00 	2.9710E-02 	
2.9002E+00 	2.6863E-02 	
2.9003E+00 	2.4555E-02 	
2.9005E+00 	2.3839E-02 	
2.9007E+00 	2.4449E-02 	
2.9008E+00 	2.6404E-02 	
2.9010E+00 	2.9010E-02 	
2.9012E+00 	2.9267E-02 	
2.9013E+00 	2.8561E-02 	
2.9015E+00 	2.9227E-02 	
2.9017E+00 	2.9620E-02 	
2.9018E+00 	3.1303E-02 	
2.9020E+00 	3.2316E-02 	
2.9022E+00 	2.9897E-02 	
2.9023E+00 	2.7191E-02 	
2.9025E+00 	2.6137E-02 	
2.9027E+00 	2.5144E-02 	
2.9028E+00 	2.4469E-02 	
2.9030E+00 	2.3920E-02 	
2.9032E+00 	2.3784E-02 	
2.9033E+00 	2.3269E-02 	
2.9035E+00 	2.3113E-02 	
2.9037E+00 	2.3068E-02 	
2.9038E+00 	2.0477E-02 	
2.9040E+00 	1.6496E-02 	
2.9042E+00 	1.3426E-02 	
2.9043E+00 	1.3084E-02 	
2.9045E+00 	1.4893E-02 	
2.9047E+00 	1.8295E-02 	
2.9048E+00 	2.2398E-02 	
2.9050E+00 	2.6152E-02 	
2.9052E+00 	2.8229E-02 	
2.9053E+00 	2.8874E-02 	
2.9055E+00 	2.9146E-02 	
2.9057E+00 	2.8244E-02 	
2.9058E+00 	2.6283E-02 	
2.9060E+00 	2.4101E-02 	
2.9062E+00 	2.2559E-02 	
2.9063E+00 	2.3088E-02 	
2.9065E+00 	2.4146E-02 	
2.9067E+00 	2.5205E-02 	
2.9068E+00 	2.5321E-02 	
2.9070E+00 	2.4126E-02 	
2.9072E+00 	2.4706E-02 	
2.9073E+00 	2.6933E-02 	
2.9075E+00 	2.9721E-02 	
2.9077E+00 	3.2004E-02 	
2.9078E+00 	3.2498E-02 	
2.9080E+00 	3.2190E-02 	
2.9082E+00 	3.0970E-02 	
2.9083E+00 	2.9418E-02 	
2.9085E+00 	2.7357E-02 	
2.9087E+00 	2.6692E-02 	
2.9088E+00 	2.7463E-02 	
2.9090E+00 	2.6888E-02 	
2.9092E+00 	2.5709E-02 	
2.9093E+00 	2.5658E-02 	
2.9095E+00 	2.7689E-02 	
2.9097E+00 	3.1263E-02 	
2.9098E+00 	3.3400E-02 	
2.9100E+00 	3.7316E-02 	
2.9102E+00 	4.2325E-02 	
2.9103E+00 	4.6065E-02 	
2.9105E+00 	4.7013E-02 	
2.9107E+00 	4.8746E-02 	
2.9108E+00 	5.0863E-02 	
2.9110E+00 	5.2184E-02 	
2.9112E+00 	5.1569E-02 	
2.9113E+00 	4.8258E-02 	
2.9115E+00 	4.5410E-02 	
2.9117E+00 	4.4422E-02 	
2.9118E+00 	4.6408E-02 	
2.9120E+00 	4.9699E-02 	
2.9122E+00 	5.1014E-02 	
2.9123E+00 	5.0798E-02 	
2.9125E+00 	5.1377E-02 	
2.9127E+00 	5.2763E-02 	
2.9128E+00 	5.3232E-02 	
2.9130E+00 	5.3625E-02 	
2.9132E+00 	5.4976E-02 	
2.9133E+00 	5.6246E-02 	
2.9135E+00 	5.8751E-02 	
2.9137E+00 	6.2218E-02 	
2.9138E+00 	6.6724E-02 	
2.9140E+00 	7.1275E-02 	
2.9142E+00 	7.2268E-02 	
2.9143E+00 	7.1028E-02 	
2.9145E+00 	7.0539E-02 	
2.9147E+00 	7.2248E-02 	
2.9148E+00 	7.4742E-02 	
2.9150E+00 	7.6970E-02 	
2.9152E+00 	7.7721E-02 	
2.9153E+00 	7.8054E-02 	
2.9155E+00 	8.1224E-02 	
2.9157E+00 	8.6984E-02 	
2.9158E+00 	9.2024E-02 	
2.9160E+00 	9.5583E-02 	
2.9162E+00 	9.7326E-02 	
2.9163E+00 	9.7841E-02 	
2.9165E+00 	9.8536E-02 	
2.9167E+00 	9.8299E-02 	
2.9168E+00 	9.9715E-02 	
2.9170E+00 	1.0483E-01 	
2.9172E+00 	1.1077E-01 	
2.9173E+00 	1.1584E-01 	
2.9175E+00 	1.1907E-01 	
2.9177E+00 	1.2386E-01 	
2.9178E+00 	1.2967E-01 	
2.9180E+00 	1.3631E-01 	
2.9182E+00 	1.4120E-01 	
2.9183E+00 	1.4388E-01 	
2.9185E+00 	1.4785E-01 	
2.9187E+00 	1.5064E-01 	
2.9188E+00 	1.5385E-01 	
2.9190E+00 	1.5647E-01 	
2.9192E+00 	1.5936E-01 	
2.9193E+00 	1.6401E-01 	
2.9195E+00 	1.6949E-01 	
2.9197E+00 	1.7298E-01 	
2.9198E+00 	1.7542E-01 	
2.9200E+00 	1.7910E-01 	
2.9202E+00 	1.8348E-01 	
2.9203E+00 	1.8993E-01 	
2.9205E+00 	1.9738E-01 	
2.9207E+00 	2.0328E-01 	
2.9208E+00 	2.0701E-01 	
2.9210E+00 	2.0969E-01 	
2.9212E+00 	2.1260E-01 	
2.9213E+00 	2.1711E-01 	
2.9215E+00 	2.2135E-01 	
2.9217E+00 	2.2560E-01 	
2.9218E+00 	2.3070E-01 	
2.9220E+00 	2.3700E-01 	
2.9222E+00 	2.4400E-01 	
2.9223E+00 	2.4989E-01 	
2.9225E+00 	2.5602E-01 	
2.9227E+00 	2.6223E-01 	
2.9228E+00 	2.6637E-01 	
2.9230E+00 	2.6916E-01 	
2.9232E+00 	2.7293E-01 	
2.9233E+00 	2.7665E-01 	
2.9235E+00 	2.7913E-01 	
2.9237E+00 	2.8183E-01 	
2.9238E+00 	2.8424E-01 	
2.9240E+00 	2.9004E-01 	
2.9242E+00 	2.9572E-01 	
2.9243E+00 	3.0083E-01 	
2.9245E+00 	3.0663E-01 	
2.9247E+00 	3.1116E-01 	
2.9248E+00 	3.1469E-01 	
2.9250E+00 	3.1669E-01 	
2.9252E+00 	3.1793E-01 	
2.9253E+00 	3.2242E-01 	
2.9255E+00 	3.2753E-01 	
2.9257E+00 	3.3143E-01 	
2.9258E+00 	3.3319E-01 	
2.9260E+00 	3.3369E-01 	
2.9262E+00 	3.3660E-01 	
2.9263E+00 	3.3996E-01 	
2.9265E+00 	3.4389E-01 	
2.9267E+00 	3.4803E-01 	
2.9268E+00 	3.4839E-01 	
2.9270E+00 	3.4852E-01 	
2.9272E+00 	3.5044E-01 	
2.9273E+00 	3.5164E-01 	
2.9275E+00 	3.5169E-01 	
2.9277E+00 	3.5129E-01 	
2.9278E+00 	3.5037E-01 	
2.9280E+00 	3.4883E-01 	
2.9282E+00 	3.4622E-01 	
2.9283E+00 	3.4299E-01 	
2.9285E+00 	3.4391E-01 	
2.9287E+00 	3.4819E-01 	
2.9288E+00 	3.5102E-01 	
2.9290E+00 	3.5177E-01 	
2.9292E+00 	3.5163E-01 	
2.9293E+00 	3.5233E-01 	
2.9295E+00 	3.5175E-01 	
2.9297E+00 	3.4963E-01 	
2.9298E+00 	3.4620E-01 	
2.9300E+00 	3.4308E-01 	
2.9302E+00 	3.3949E-01 	
2.9303E+00 	3.3449E-01 	
2.9305E+00 	3.2872E-01 	
2.9307E+00 	3.2261E-01 	
2.9308E+00 	3.1908E-01 	
2.9310E+00 	3.1770E-01 	
2.9312E+00 	3.1558E-01 	
2.9313E+00 	3.1188E-01 	
2.9315E+00 	3.0781E-01 	
2.9317E+00 	3.0512E-01 	
2.9318E+00 	3.0364E-01 	
2.9320E+00 	2.9949E-01 	
2.9322E+00 	2.9556E-01 	
2.9323E+00 	2.9281E-01 	
2.9325E+00 	2.9043E-01 	
2.9327E+00 	2.8610E-01 	
2.9328E+00 	2.8070E-01 	
2.9330E+00 	2.7641E-01 	
2.9332E+00 	2.7288E-01 	
2.9333E+00 	2.6788E-01 	
2.9335E+00 	2.6466E-01 	
2.9337E+00 	2.6159E-01 	
2.9338E+00 	2.5816E-01 	
2.9340E+00 	2.5500E-01 	
2.9342E+00 	2.5157E-01 	
2.9343E+00 	2.4757E-01 	
2.9345E+00 	2.4403E-01 	
2.9347E+00 	2.3950E-01 	
2.9348E+00 	2.3468E-01 	
2.9350E+00 	2.3041E-01 	
2.9352E+00 	2.2424E-01 	
2.9353E+00 	2.1892E-01 	
2.9355E+00 	2.1441E-01 	
2.9357E+00 	2.1192E-01 	
2.9358E+00 	2.0907E-01 	
2.9360E+00 	2.0612E-01 	
2.9362E+00 	2.0282E-01 	
2.9363E+00 	1.9680E-01 	
2.9365E+00 	1.9085E-01 	
2.9367E+00 	1.8808E-01 	
2.9368E+00 	1.8497E-01 	
2.9370E+00 	1.8072E-01 	
2.9372E+00 	1.7740E-01 	
2.9373E+00 	1.7446E-01 	
2.9375E+00 	1.7155E-01 	
2.9377E+00 	1.7068E-01 	
2.9378E+00 	1.6876E-01 	
2.9380E+00 	1.6530E-01 	
2.9382E+00 	1.6028E-01 	
2.9383E+00 	1.5655E-01 	
2.9385E+00 	1.5651E-01 	
2.9387E+00 	1.5705E-01 	
2.9388E+00 	1.5473E-01 	
2.9390E+00 	1.5108E-01 	
2.9392E+00 	1.4599E-01 	
2.9393E+00 	1.4134E-01 	
2.9395E+00 	1.4017E-01 	
2.9397E+00 	1.4057E-01 	
2.9398E+00 	1.4184E-01 	
2.9400E+00 	1.4040E-01 	
2.9402E+00 	1.3512E-01 	
2.9403E+00 	1.3149E-01 	
2.9405E+00 	1.3172E-01 	
2.9407E+00 	1.3321E-01 	
2.9408E+00 	1.3212E-01 	
2.9410E+00 	1.2936E-01 	
2.9412E+00 	1.2515E-01 	
2.9413E+00 	1.2257E-01 	
2.9415E+00 	1.2356E-01 	
2.9417E+00 	1.2321E-01 	
2.9418E+00 	1.2186E-01 	
2.9420E+00 	1.2157E-01 	
2.9422E+00 	1.2142E-01 	
2.9423E+00 	1.2233E-01 	
2.9425E+00 	1.2258E-01 	
2.9427E+00 	1.2159E-01 	
2.9428E+00 	1.2119E-01 	
2.9430E+00 	1.2200E-01 	
2.9432E+00 	1.2507E-01 	
2.9433E+00 	1.2776E-01 	
2.9435E+00 	1.2919E-01 	
2.9437E+00 	1.2993E-01 	
2.9438E+00 	1.2945E-01 	
2.9440E+00 	1.2873E-01 	
2.9442E+00 	1.2767E-01 	
2.9443E+00 	1.2742E-01 	
2.9445E+00 	1.2760E-01 	
2.9447E+00 	1.2757E-01 	
2.9448E+00 	1.2849E-01 	
2.9450E+00 	1.3253E-01 	
2.9452E+00 	1.3672E-01 	
2.9453E+00 	1.3866E-01 	
2.9455E+00 	1.4136E-01 	
2.9457E+00 	1.4463E-01 	
2.9458E+00 	1.4559E-01 	
2.9460E+00 	1.4644E-01 	
2.9462E+00 	1.5038E-01 	
2.9463E+00 	1.5380E-01 	
2.9465E+00 	1.5634E-01 	
2.9467E+00 	1.5797E-01 	
2.9468E+00 	1.6057E-01 	
2.9470E+00 	1.6422E-01 	
2.9472E+00 	1.6812E-01 	
2.9473E+00 	1.7086E-01 	
2.9475E+00 	1.7473E-01 	
2.9477E+00 	1.8123E-01 	
2.9478E+00 	1.8763E-01 	
2.9480E+00 	1.9132E-01 	
2.9482E+00 	1.9312E-01 	
2.9483E+00 	1.9525E-01 	
2.9485E+00 	1.9886E-01 	
2.9487E+00 	2.0469E-01 	
2.9488E+00 	2.1010E-01 	
2.9490E+00 	2.1431E-01 	
2.9492E+00 	2.2053E-01 	
2.9493E+00 	2.2747E-01 	
2.9495E+00 	2.3527E-01 	
2.9497E+00 	2.4320E-01 	
2.9498E+00 	2.5175E-01 	
2.9500E+00 	2.6029E-01 	
2.9502E+00 	2.6813E-01 	
2.9503E+00 	2.7370E-01 	
2.9505E+00 	2.7951E-01 	
2.9507E+00 	2.8557E-01 	
2.9508E+00 	2.9191E-01 	
2.9510E+00 	2.9768E-01 	
2.9512E+00 	3.0478E-01 	
2.9513E+00 	3.1391E-01 	
2.9515E+00 	3.2322E-01 	
2.9517E+00 	3.3385E-01 	
2.9518E+00 	3.4529E-01 	
2.9520E+00 	3.5801E-01 	
2.9522E+00 	3.6949E-01 	
2.9523E+00 	3.7758E-01 	
2.9525E+00 	3.8570E-01 	
2.9527E+00 	3.9643E-01 	
2.9528E+00 	4.0750E-01 	
2.9530E+00 	4.1953E-01 	
2.9532E+00 	4.3167E-01 	
2.9533E+00 	4.4326E-01 	
2.9535E+00 	4.5576E-01 	
2.9537E+00 	4.6951E-01 	
2.9538E+00 	4.8178E-01 	
2.9540E+00 	4.9384E-01 	
2.9542E+00 	5.0774E-01 	
2.9543E+00 	5.2178E-01 	
2.9545E+00 	5.3470E-01 	
2.9547E+00 	5.4538E-01 	
2.9548E+00 	5.5578E-01 	
2.9550E+00 	5.6966E-01 	
2.9552E+00 	5.8760E-01 	
2.9553E+00 	6.0343E-01 	
2.9555E+00 	6.1702E-01 	
2.9557E+00 	6.3129E-01 	
2.9558E+00 	6.4779E-01 	
2.9560E+00 	6.6251E-01 	
2.9562E+00 	6.7538E-01 	
2.9563E+00 	6.8859E-01 	
2.9565E+00 	7.0245E-01 	
2.9567E+00 	7.1662E-01 	
2.9568E+00 	7.3184E-01 	
2.9570E+00 	7.4752E-01 	
2.9572E+00 	7.6265E-01 	
2.9573E+00 	7.7690E-01 	
2.9575E+00 	7.8941E-01 	
2.9577E+00 	8.0319E-01 	
2.9578E+00 	8.1640E-01 	
2.9580E+00 	8.2789E-01 	
2.9582E+00 	8.4019E-01 	
2.9583E+00 	8.5249E-01 	
2.9585E+00 	8.6511E-01 	
2.9587E+00 	8.7623E-01 	
2.9588E+00 	8.8800E-01 	
2.9590E+00 	8.9974E-01 	
2.9592E+00 	9.1048E-01 	
2.9593E+00 	9.2047E-01 	
2.9595E+00 	9.3021E-01 	
2.9597E+00 	9.4039E-01 	
2.9598E+00 	9.4933E-01 	
2.9600E+00 	9.5630E-01 	
2.9602E+00 	9.6331E-01 	
2.9603E+00 	9.7053E-01 	
2.9605E+00 	9.7574E-01 	
2.9607E+00 	9.7876E-01 	
2.9608E+00 	9.8035E-01 	
2.9610E+00 	9.8191E-01 	
2.9612E+00 	9.8483E-01 	
2.9613E+00 	9.8985E-01 	
2.9615E+00 	9.9520E-01 	
2.9617E+00 	9.9926E-01 	
2.9618E+00 	1.0000E+00 	
2.9620E+00 	9.9836E-01 	
2.9622E+00 	9.9483E-01 	
2.9623E+00 	9.9178E-01 	
2.9625E+00 	9.8996E-01 	
2.9627E+00 	9.8717E-01 	
2.9628E+00 	9.8272E-01 	
2.9630E+00 	9.7719E-01 	
2.9632E+00 	9.7057E-01 	
2.9633E+00 	9.6367E-01 	
2.9635E+00 	9.5710E-01 	
2.9637E+00 	9.5081E-01 	
2.9638E+00 	9.4412E-01 	
2.9640E+00 	9.3817E-01 	
2.9642E+00 	9.3182E-01 	
2.9643E+00 	9.2469E-01 	
2.9645E+00 	9.1473E-01 	
2.9647E+00 	9.0362E-01 	
2.9648E+00 	8.9300E-01 	
2.9650E+00 	8.8547E-01 	
2.9652E+00 	8.7852E-01 	
2.9653E+00 	8.6785E-01 	
2.9655E+00 	8.5492E-01 	
2.9657E+00 	8.4133E-01 	
2.9658E+00 	8.2699E-01 	
2.9660E+00 	8.1293E-01 	
2.9662E+00 	8.0029E-01 	
2.9663E+00 	7.8763E-01 	
2.9665E+00 	7.7520E-01 	
2.9667E+00 	7.6234E-01 	
2.9668E+00 	7.5056E-01 	
2.9670E+00 	7.3665E-01 	
2.9672E+00 	7.1900E-01 	
2.9673E+00 	7.0362E-01 	
2.9675E+00 	6.8457E-01 	
2.9677E+00 	6.6389E-01 	
2.9678E+00 	6.5238E-01 	
2.9680E+00 	6.4690E-01 	
2.9682E+00 	6.4132E-01 	
2.9683E+00 	6.3158E-01 	
2.9685E+00 	6.1902E-01 	
2.9687E+00 	6.0416E-01 	
2.9688E+00 	5.9224E-01 	
2.9690E+00 	5.8166E-01 	
2.9692E+00 	5.6966E-01 	
2.9693E+00 	5.5664E-01 	
2.9695E+00 	5.4172E-01 	
2.9697E+00 	5.2923E-01 	
2.9698E+00 	5.1855E-01 	
2.9700E+00 	5.0886E-01 	
2.9702E+00 	5.0000E-01 	
2.9703E+00 	4.9190E-01 	
2.9705E+00 	4.8230E-01 	
2.9707E+00 	4.7204E-01 	
2.9708E+00 	4.6052E-01 	
2.9710E+00 	4.4850E-01 	
2.9712E+00 	4.3797E-01 	
2.9713E+00 	4.2935E-01 	
2.9715E+00 	4.2293E-01 	
2.9717E+00 	4.1715E-01 	
2.9718E+00 	4.0840E-01 	
2.9720E+00 	4.0106E-01 	
2.9722E+00 	3.9629E-01 	
2.9723E+00 	3.9034E-01 	
2.9725E+00 	3.8260E-01 	
2.9727E+00 	3.7692E-01 	
2.9728E+00 	3.7054E-01 	
2.9730E+00 	3.6417E-01 	
2.9732E+00 	3.6035E-01 	
2.9733E+00 	3.5601E-01 	
2.9735E+00 	3.4938E-01 	
2.9737E+00 	3.4429E-01 	
2.9738E+00 	3.3922E-01 	
2.9740E+00 	3.3360E-01 	
2.9742E+00 	3.2868E-01 	
2.9743E+00 	3.2472E-01 	
2.9745E+00 	3.2285E-01 	
2.9747E+00 	3.2371E-01 	
2.9748E+00 	3.2300E-01 	
2.9750E+00 	3.2058E-01 	
2.9752E+00 	3.1711E-01 	
2.9753E+00 	3.1418E-01 	
2.9755E+00 	3.1196E-01 	
2.9757E+00 	3.1002E-01 	
2.9758E+00 	3.0909E-01 	
2.9760E+00 	3.0973E-01 	
2.9762E+00 	3.1036E-01 	
2.9763E+00 	3.1043E-01 	
2.9765E+00 	3.0930E-01 	
2.9767E+00 	3.0748E-01 	
2.9768E+00 	3.0730E-01 	
2.9770E+00 	3.0917E-01 	
2.9772E+00 	3.1103E-01 	
2.9773E+00 	3.1199E-01 	
2.9775E+00 	3.1489E-01 	
2.9777E+00 	3.2078E-01 	
2.9778E+00 	3.2519E-01 	
2.9780E+00 	3.2866E-01 	
2.9782E+00 	3.3343E-01 	
2.9783E+00 	3.3778E-01 	
2.9785E+00 	3.4181E-01 	
2.9787E+00 	3.4459E-01 	
2.9788E+00 	3.4741E-01 	
2.9790E+00 	3.5221E-01 	
2.9792E+00 	3.5980E-01 	
2.9793E+00 	3.6828E-01 	
2.9795E+00 	3.7726E-01 	
2.9797E+00 	3.8630E-01 	
2.9798E+00 	3.9371E-01 	
2.9800E+00 	4.0006E-01 	
2.9802E+00 	4.0803E-01 	
2.9803E+00 	4.1670E-01 	
2.9805E+00 	4.2430E-01 	
2.9807E+00 	4.3130E-01 	
2.9808E+00 	4.3809E-01 	
2.9810E+00 	4.4435E-01 	
2.9812E+00 	4.5130E-01 	
2.9813E+00 	4.6019E-01 	
2.9815E+00 	4.6950E-01 	
2.9817E+00 	4.8088E-01 	
2.9818E+00 	4.9165E-01 	
2.9820E+00 	5.0113E-01 	
2.9822E+00 	5.0962E-01 	
2.9823E+00 	5.1934E-01 	
2.9825E+00 	5.3045E-01 	
2.9827E+00 	5.3977E-01 	
2.9828E+00 	5.4655E-01 	
2.9830E+00 	5.5459E-01 	
2.9832E+00 	5.6455E-01 	
2.9833E+00 	5.7802E-01 	
2.9835E+00 	5.9206E-01 	
2.9837E+00 	6.0474E-01 	
2.9838E+00 	6.1754E-01 	
2.9840E+00 	6.3100E-01 	
2.9842E+00 	6.4459E-01 	
2.9843E+00 	6.5787E-01 	
2.9845E+00 	6.6888E-01 	
2.9847E+00 	6.7814E-01 	
2.9848E+00 	6.8834E-01 	
2.9850E+00 	6.9845E-01 	
2.9852E+00 	7.0873E-01 	
2.9853E+00 	7.2086E-01 	
2.9855E+00 	7.3288E-01 	
2.9857E+00 	7.4290E-01 	
2.9858E+00 	7.5382E-01 	
2.9860E+00 	7.6387E-01 	
2.9862E+00 	7.7244E-01 	
2.9863E+00 	7.8178E-01 	
2.9865E+00 	7.8972E-01 	
2.9867E+00 	7.9662E-01 	
2.9868E+00 	8.0365E-01 	
2.9870E+00 	8.1096E-01 	
2.9872E+00 	8.1845E-01 	
2.9873E+00 	8.2520E-01 	
2.9875E+00 	8.3189E-01 	
2.9877E+00 	8.3738E-01 	
2.9878E+00 	8.4236E-01 	
2.9880E+00 	8.4611E-01 	
2.9882E+00 	8.4891E-01 	
2.9883E+00 	8.4279E-01 	
2.9885E+00 	8.2155E-01 	
2.9887E+00 	7.8023E-01 	
2.9888E+00 	7.1988E-01 	
2.9890E+00 	6.5364E-01 	
2.9892E+00 	5.9766E-01 	
2.9893E+00 	5.5847E-01 	
2.9895E+00 	5.3703E-01 	
2.9897E+00 	5.2668E-01 	
2.9898E+00 	5.1976E-01 	
2.9900E+00 	5.1369E-01 	
2.9902E+00 	5.0962E-01 	
2.9903E+00 	5.0662E-01 	
2.9905E+00 	5.0523E-01 	
2.9907E+00 	5.0426E-01 	
2.9908E+00 	5.0304E-01 	
2.9910E+00 	5.0037E-01 	
2.9912E+00 	4.9791E-01 	
2.9913E+00 	4.9565E-01 	
2.9915E+00 	4.9231E-01 	
2.9917E+00 	4.8517E-01 	
2.9918E+00 	4.7927E-01 	
2.9920E+00 	4.7343E-01 	
2.9922E+00 	4.6692E-01 	
2.9923E+00 	4.5895E-01 	
2.9925E+00 	4.5158E-01 	
2.9927E+00 	4.4452E-01 	
2.9928E+00 	4.3868E-01 	
2.9930E+00 	4.3331E-01 	
2.9932E+00 	4.2657E-01 	
2.9933E+00 	4.2200E-01 	
2.9935E+00 	4.2376E-01 	
2.9937E+00 	4.2673E-01 	
2.9938E+00 	4.2802E-01 	
2.9940E+00 	4.3479E-01 	
2.9942E+00 	4.4544E-01 	
2.9943E+00 	4.5888E-01 	
2.9945E+00 	4.7168E-01 	
2.9947E+00 	4.7635E-01 	
2.9948E+00 	4.7429E-01 	
2.9950E+00 	4.6444E-01 	
2.9952E+00 	4.5360E-01 	
2.9953E+00 	4.5282E-01 	
2.9955E+00 	4.5685E-01 	
2.9957E+00 	4.5914E-01 	
2.9958E+00 	4.5763E-01 	
2.9960E+00 	4.5304E-01 	
2.9962E+00 	4.4543E-01 	
2.9963E+00 	4.3727E-01 	
2.9965E+00 	4.2799E-01 	
2.9967E+00 	4.1689E-01 	
2.9968E+00 	4.0534E-01 	
2.9970E+00 	3.9519E-01 	
2.9972E+00 	3.8623E-01 	
2.9973E+00 	3.7604E-01 	
2.9975E+00 	3.6635E-01 	
2.9977E+00 	3.5836E-01 	
2.9978E+00 	3.4689E-01 	
2.9980E+00 	3.3486E-01 	
2.9982E+00 	3.2565E-01 	
2.9983E+00 	3.1733E-01 	
2.9985E+00 	3.0635E-01 	
2.9987E+00 	2.9385E-01 	
2.9988E+00 	2.8287E-01 	
2.9990E+00 	2.7282E-01 	
2.9992E+00 	2.6394E-01 	
2.9993E+00 	2.5531E-01 	
2.9995E+00 	2.4788E-01 	
2.9997E+00 	2.4251E-01 	
2.9998E+00 	2.3745E-01 	
3.0000E+00 	2.3088E-01 	
3.0002E+00 	2.2278E-01 	
3.0003E+00 	2.1359E-01 	
3.0005E+00 	2.0711E-01 	
3.0007E+00 	2.0338E-01 	
3.0008E+00 	2.0045E-01 	
3.0010E+00 	1.9511E-01 	
3.0012E+00 	1.8762E-01 	
3.0013E+00 	1.7862E-01 	
3.0015E+00 	1.7114E-01 	
3.0017E+00 	1.6640E-01 	
3.0018E+00 	1.6294E-01 	
3.0020E+00 	1.5860E-01 	
3.0022E+00 	1.5335E-01 	
3.0023E+00 	1.4962E-01 	
3.0025E+00 	1.4528E-01 	
3.0027E+00 	1.4128E-01 	
3.0028E+00 	1.3910E-01 	
3.0030E+00 	1.3767E-01 	
3.0032E+00 	1.3641E-01 	
3.0033E+00 	1.3080E-01 	
3.0035E+00 	1.2312E-01 	
3.0037E+00 	1.1764E-01 	
3.0038E+00 	1.1248E-01 	
3.0040E+00 	1.0875E-01 	
3.0042E+00 	1.0522E-01 	
3.0043E+00 	1.0123E-01 	
3.0045E+00 	9.8591E-02 	
3.0047E+00 	9.7432E-02 	
3.0048E+00 	9.4993E-02 	
3.0050E+00 	9.0235E-02 	
3.0052E+00 	8.7499E-02 	
3.0053E+00 	8.6743E-02 	
3.0055E+00 	8.4757E-02 	
3.0057E+00 	8.0931E-02 	
3.0058E+00 	7.9102E-02 	
3.0060E+00 	7.8648E-02 	
3.0062E+00 	7.8835E-02 	
3.0063E+00 	7.9162E-02 	
3.0065E+00 	7.7696E-02 	
3.0067E+00 	7.6068E-02 	
3.0068E+00 	7.4188E-02 	
3.0070E+00 	7.1124E-02 	
3.0072E+00 	6.7928E-02 	
3.0073E+00 	6.5645E-02 	
3.0075E+00 	6.1669E-02 	
3.0077E+00 	5.8715E-02 	
3.0078E+00 	5.7702E-02 	
3.0080E+00 	5.8599E-02 	
3.0082E+00 	5.9875E-02 	
3.0083E+00 	5.9708E-02 	
3.0085E+00 	5.7909E-02 	
3.0087E+00 	5.4527E-02 	
3.0088E+00 	5.0818E-02 	
3.0090E+00 	5.0077E-02 	
3.0092E+00 	4.9190E-02 	
3.0093E+00 	4.7053E-02 	
3.0095E+00 	4.6065E-02 	
3.0097E+00 	4.5284E-02 	
3.0098E+00 	4.3288E-02 	
3.0100E+00 	4.1030E-02 	
3.0102E+00 	4.1207E-02 	
3.0103E+00 	4.3001E-02 	
3.0105E+00 	4.3696E-02 	
3.0107E+00 	4.4256E-02 	
3.0108E+00 	4.2703E-02 	
3.0110E+00 	3.9165E-02 	
3.0112E+00 	3.8490E-02 	
3.0113E+00 	3.8294E-02 	
3.0115E+00 	3.6923E-02 	
3.0117E+00 	3.7366E-02 	
3.0118E+00 	3.8722E-02 	
3.0120E+00 	3.9140E-02 	
3.0122E+00 	3.8258E-02 	
3.0123E+00 	3.7563E-02 	
3.0125E+00 	3.7532E-02 	
3.0127E+00 	3.8314E-02 	
3.0128E+00 	3.9856E-02 	
3.0130E+00 	4.1010E-02 	
3.0132E+00 	4.1428E-02 	
3.0133E+00 	4.0899E-02 	
3.0135E+00 	3.9806E-02 	
3.0137E+00 	3.9533E-02 	
3.0138E+00 	3.9412E-02 	
3.0140E+00 	3.6741E-02 	
3.0142E+00 	3.5345E-02 	
3.0143E+00 	3.5174E-02 	
3.0145E+00 	3.6368E-02 	
3.0147E+00 	3.9150E-02 	
3.0148E+00 	4.0990E-02 	
3.0150E+00 	4.0042E-02 	
3.0152E+00 	3.9019E-02 	
3.0153E+00 	3.9110E-02 	
3.0155E+00 	4.0572E-02 	
3.0157E+00 	4.2189E-02 	
3.0158E+00 	4.2900E-02 	
3.0160E+00 	4.2804E-02 	
3.0162E+00 	4.1539E-02 	
3.0163E+00 	3.8626E-02 	
3.0165E+00 	3.6731E-02 	
3.0167E+00 	3.7180E-02 	
3.0168E+00 	3.8520E-02 	
3.0170E+00 	3.8283E-02 	
3.0172E+00 	3.7034E-02 	
3.0173E+00 	3.8097E-02 	
3.0175E+00 	4.1242E-02 	
3.0177E+00 	4.4422E-02 	
3.0178E+00 	4.4392E-02 	
3.0180E+00 	4.2467E-02 	
3.0182E+00 	4.1791E-02 	
3.0183E+00 	4.3102E-02 	
3.0185E+00 	4.4437E-02 	
3.0187E+00 	4.5707E-02 	
3.0188E+00 	4.5586E-02 	
3.0190E+00 	4.5259E-02 	
3.0192E+00 	4.5758E-02 	
3.0193E+00 	4.7491E-02 	
3.0195E+00 	4.8399E-02 	
3.0197E+00 	4.6070E-02 	
3.0198E+00 	4.4044E-02 	
3.0200E+00 	4.4084E-02 	
3.0202E+00 	4.5748E-02 	
3.0203E+00 	4.5818E-02 	
3.0205E+00 	4.3192E-02 	
3.0207E+00 	3.9916E-02 	
3.0208E+00 	3.9700E-02 	
3.0210E+00 	4.0677E-02 	
3.0212E+00 	4.0556E-02 	
3.0213E+00 	4.1650E-02 	
3.0215E+00 	4.1242E-02 	
3.0217E+00 	4.0471E-02 	
3.0218E+00 	3.9841E-02 	
3.0220E+00 	4.0637E-02 	
3.0222E+00 	4.3969E-02 	
3.0223E+00 	4.5042E-02 	
3.0225E+00 	4.3132E-02 	
3.0227E+00 	4.2658E-02 	
3.0228E+00 	4.1695E-02 	
3.0230E+00 	4.0355E-02 	
3.0232E+00 	4.0093E-02 	
3.0233E+00 	3.9659E-02 	
3.0235E+00 	4.0138E-02 	
3.0237E+00 	3.9629E-02 	
3.0238E+00 	3.7810E-02 	
3.0240E+00 	3.8858E-02 	
3.0242E+00 	4.0990E-02 	
3.0243E+00 	4.2356E-02 	
3.0245E+00 	4.2426E-02 	
3.0247E+00 	4.0793E-02 	
3.0248E+00 	3.9911E-02 	
3.0250E+00 	4.0002E-02 	
3.0252E+00 	4.0234E-02 	
3.0253E+00 	3.8233E-02 	
3.0255E+00 	3.5990E-02 	
3.0257E+00 	3.5164E-02 	
3.0258E+00 	3.4372E-02 	
3.0260E+00 	3.2850E-02 	
3.0262E+00 	3.3319E-02 	
3.0263E+00 	3.3606E-02 	
3.0265E+00 	3.3359E-02 	
3.0267E+00 	3.2765E-02 	
3.0268E+00 	3.2271E-02 	
3.0270E+00 	3.0613E-02 	
3.0272E+00 	3.0522E-02 	
3.0273E+00 	3.0396E-02 	
3.0275E+00 	3.0976E-02 	
3.0277E+00 	3.1006E-02 	
3.0278E+00 	3.0174E-02 	
3.0280E+00 	3.0285E-02 	
3.0282E+00 	3.2039E-02 	
3.0283E+00 	3.1641E-02 	
3.0285E+00 	2.9640E-02 	
3.0287E+00 	2.4681E-02 	
3.0288E+00 	2.1364E-02 	
3.0290E+00 	1.9424E-02 	
3.0292E+00 	1.8315E-02 	
3.0293E+00 	1.7096E-02 	
3.0295E+00 	1.5412E-02 	
3.0297E+00 	1.6718E-02 	
3.0298E+00 	1.7746E-02 	
3.0300E+00 	1.7564E-02 	
3.0302E+00 	1.7262E-02 	
3.0303E+00 	1.6471E-02 	
3.0305E+00 	1.5120E-02 	
3.0307E+00 	1.2670E-02 	
3.0308E+00 	1.3154E-02 	
3.0310E+00 	1.5755E-02 	
3.0312E+00 	1.7514E-02 	
3.0313E+00 	1.7126E-02 	
3.0315E+00 	1.6385E-02 	
3.0317E+00 	1.7282E-02 	
3.0318E+00 	1.9444E-02 	
3.0320E+00 	2.0996E-02 	
3.0322E+00 	2.0185E-02 	
3.0323E+00 	1.8255E-02 	
3.0325E+00 	1.7040E-02 	
3.0327E+00 	1.6627E-02 	
3.0328E+00 	1.4298E-02 	
3.0330E+00 	1.1597E-02 	
3.0332E+00 	1.0423E-02 	
3.0333E+00 	1.0801E-02 	
3.0335E+00 	1.2388E-02 	
3.0337E+00 	1.5498E-02 	
3.0338E+00 	1.8567E-02 	
3.0340E+00 	2.1042E-02 	
3.0342E+00 	2.3148E-02 	
3.0343E+00 	2.4232E-02 	
3.0345E+00 	2.2987E-02 	
3.0347E+00 	1.9615E-02 	
3.0348E+00 	1.6642E-02 	
3.0350E+00 	1.6259E-02 	
3.0352E+00 	1.5856E-02 	
3.0353E+00 	1.4767E-02 	
3.0355E+00 	1.6662E-02 	
3.0357E+00 	1.9384E-02 	
3.0358E+00 	2.1092E-02 	
3.0360E+00 	2.2639E-02 	
3.0362E+00 	2.4736E-02 	
3.0363E+00 	2.6172E-02 	
3.0365E+00 	2.4907E-02 	
3.0367E+00 	2.5149E-02 	
3.0368E+00 	2.5704E-02 	
3.0370E+00 	2.3980E-02 	
3.0372E+00 	2.2035E-02 	
3.0373E+00 	2.0981E-02 	
3.0375E+00 	2.0901E-02 	
3.0377E+00 	2.2634E-02 	
3.0378E+00 	2.5810E-02 	
3.0380E+00 	2.6404E-02 	
3.0382E+00 	2.5144E-02 	
3.0383E+00 	2.5356E-02 	
3.0385E+00 	2.8899E-02 	
3.0387E+00 	3.0149E-02 	
3.0388E+00 	2.9322E-02 	
3.0390E+00 	2.8949E-02 	
3.0392E+00 	2.9423E-02 	
3.0393E+00 	2.9519E-02 	
3.0395E+00 	2.9474E-02 	
3.0397E+00 	2.9867E-02 	
3.0398E+00 	2.9332E-02 	
3.0400E+00 	2.9136E-02 	
3.0402E+00 	3.1016E-02 	
3.0403E+00 	3.2397E-02 	
3.0405E+00 	3.1646E-02 	
3.0407E+00 	2.9650E-02 	
3.0408E+00 	2.8476E-02 	
3.0410E+00 	2.7614E-02 	
3.0412E+00 	2.6359E-02 	
3.0413E+00 	2.4615E-02 	
3.0415E+00 	2.3683E-02 	
3.0417E+00 	2.6067E-02 	
3.0418E+00 	3.0078E-02 	
3.0420E+00 	3.4655E-02 	
3.0422E+00 	3.6610E-02 	
3.0423E+00 	3.5370E-02 	
3.0425E+00 	3.4761E-02 	
3.0427E+00 	3.6565E-02 	
3.0428E+00 	3.7638E-02 	
3.0430E+00 	3.4700E-02 	
3.0432E+00 	3.1923E-02 	
3.0433E+00 	3.2387E-02 	
3.0435E+00 	3.3944E-02 	
3.0437E+00 	3.4236E-02 	
3.0438E+00 	3.4257E-02 	
3.0440E+00 	3.3329E-02 	
3.0442E+00 	3.1298E-02 	
3.0443E+00 	2.9479E-02 	
3.0445E+00 	2.9171E-02 	
3.0447E+00 	3.1626E-02 	
3.0448E+00 	3.4120E-02 	
3.0450E+00 	3.6928E-02 	
3.0452E+00 	4.1186E-02 	
3.0453E+00 	4.5667E-02 	
3.0455E+00 	4.8585E-02 	
3.0457E+00 	4.8550E-02 	
3.0458E+00 	4.7204E-02 	
3.0460E+00 	4.4609E-02 	
3.0462E+00 	3.8470E-02 	
3.0463E+00 	3.3208E-02 	
3.0465E+00 	3.1283E-02 	
3.0467E+00 	2.9736E-02 	
3.0468E+00 	2.8733E-02 	
3.0470E+00 	2.6626E-02 	
3.0472E+00 	2.3259E-02 	
3.0473E+00 	2.0190E-02 	
3.0475E+00 	1.8476E-02 	
3.0477E+00 	2.0492E-02 	
3.0478E+00 	2.2705E-02 	
3.0480E+00 	2.3582E-02 	
3.0482E+00 	2.3285E-02 	
3.0483E+00 	2.3028E-02 	
3.0485E+00 	2.1007E-02 	
3.0487E+00 	1.8401E-02 	
3.0488E+00 	2.0140E-02 	
3.0490E+00 	2.4167E-02 	
3.0492E+00 	2.7226E-02 	
3.0493E+00 	2.7039E-02 	
3.0495E+00 	2.4676E-02 	
3.0497E+00 	2.1551E-02 	
3.0498E+00 	2.0911E-02 	
3.0500E+00 	2.2584E-02 	
3.0502E+00 	2.2796E-02 	
3.0503E+00 	2.1344E-02 	
3.0505E+00 	1.9671E-02 	
3.0507E+00 	1.8441E-02 	
3.0508E+00 	1.8683E-02 	
3.0510E+00 	1.9898E-02 	
3.0512E+00 	2.1722E-02 	
3.0513E+00 	2.1974E-02 	
3.0515E+00 	2.2317E-02 	
3.0517E+00 	2.3154E-02 	
3.0518E+00 	2.2483E-02 	
3.0520E+00 	2.0795E-02 	
3.0522E+00 	2.0155E-02 	
3.0523E+00 	2.1783E-02 	
3.0525E+00 	2.4449E-02 	
3.0527E+00 	2.6762E-02 	
3.0528E+00 	2.8874E-02 	
3.0530E+00 	3.2331E-02 	
3.0532E+00 	3.3909E-02 	
3.0533E+00 	3.2115E-02 	
3.0535E+00 	2.8380E-02 	
3.0537E+00 	2.6460E-02 	
3.0538E+00 	2.5502E-02 	
3.0540E+00 	2.5371E-02 	
3.0542E+00 	2.5336E-02 	
3.0543E+00 	2.5734E-02 	
3.0545E+00 	2.8627E-02 	
3.0547E+00 	3.2049E-02 	
3.0548E+00 	3.4519E-02 	
3.0550E+00 	3.3808E-02 	
3.0552E+00 	3.1767E-02 	
3.0553E+00 	3.1444E-02 	
3.0555E+00 	3.2775E-02 	
3.0557E+00 	3.2936E-02 	
3.0558E+00 	3.1550E-02 	
3.0560E+00 	2.9378E-02 	
3.0562E+00 	2.7614E-02 	
3.0563E+00 	2.5054E-02 	
3.0565E+00 	2.3365E-02 	
3.0567E+00 	2.2544E-02 	
3.0568E+00 	2.3647E-02 	
3.0570E+00 	2.5527E-02 	
3.0572E+00 	2.6515E-02 	
3.0573E+00 	2.7145E-02 	
3.0575E+00 	2.8829E-02 	
3.0577E+00 	3.1540E-02 	
3.0578E+00 	3.4796E-02 	
3.0580E+00 	3.7976E-02 	
3.0582E+00 	3.8566E-02 	
3.0583E+00 	3.8319E-02 	
3.0585E+00 	3.8394E-02 	
3.0587E+00 	3.8334E-02 	
3.0588E+00 	4.0496E-02 	
3.0590E+00 	4.4261E-02 	
3.0592E+00 	4.6307E-02 	
3.0593E+00 	4.8142E-02 	
3.0595E+00 	4.8197E-02 	
3.0597E+00 	4.8197E-02 	
3.0598E+00 	4.5707E-02 	
3.0600E+00 	4.4513E-02 	
3.0602E+00 	4.6247E-02 	
3.0603E+00 	4.8424E-02 	
3.0605E+00 	5.0011E-02 	
3.0607E+00 	5.3358E-02 	
3.0608E+00 	5.5984E-02 	
3.0610E+00 	5.8947E-02 	
3.0612E+00 	6.1528E-02 	
3.0613E+00 	6.3100E-02 	
3.0615E+00 	6.6427E-02 	
3.0617E+00 	6.9450E-02 	
3.0618E+00 	7.0852E-02 	
3.0620E+00 	7.2011E-02 	
3.0622E+00 	7.2046E-02 	
3.0623E+00 	7.3099E-02 	
3.0625E+00 	7.6642E-02 	
3.0627E+00 	8.2816E-02 	
3.0628E+00 	8.9761E-02 	
3.0630E+00 	9.5391E-02 	
3.0632E+00 	9.9801E-02 	
3.0633E+00 	1.0154E-01 	
3.0635E+00 	1.0319E-01 	
3.0637E+00 	1.0688E-01 	
3.0638E+00 	1.1018E-01 	
3.0640E+00 	1.1414E-01 	
3.0642E+00 	1.1924E-01 	
3.0643E+00 	1.2306E-01 	
3.0645E+00 	1.2678E-01 	
3.0647E+00 	1.3088E-01 	
3.0648E+00 	1.3427E-01 	
3.0650E+00 	1.3813E-01 	
3.0652E+00 	1.4252E-01 	
3.0653E+00 	1.4722E-01 	
3.0655E+00 	1.5231E-01 	
3.0657E+00 	1.5913E-01 	
3.0658E+00 	1.6592E-01 	
3.0660E+00 	1.7311E-01 	
3.0662E+00 	1.7735E-01 	
3.0663E+00 	1.8086E-01 	
3.0665E+00 	1.8589E-01 	
3.0667E+00 	1.9247E-01 	
3.0668E+00 	1.9966E-01 	
3.0670E+00 	2.0565E-01 	
3.0672E+00 	2.1134E-01 	
3.0673E+00 	2.1713E-01 	
3.0675E+00 	2.2443E-01 	
3.0677E+00 	2.3075E-01 	
3.0678E+00 	2.3582E-01 	
3.0680E+00 	2.4254E-01 	
3.0682E+00 	2.5030E-01 	
3.0683E+00 	2.5823E-01 	
3.0685E+00 	2.6613E-01 	
3.0687E+00 	2.7303E-01 	
3.0688E+00 	2.8179E-01 	
3.0690E+00 	2.9313E-01 	
3.0692E+00 	3.0183E-01 	
3.0693E+00 	3.0919E-01 	
3.0695E+00 	3.1523E-01 	
3.0697E+00 	3.2233E-01 	
3.0698E+00 	3.3027E-01 	
3.0700E+00 	3.3904E-01 	
3.0702E+00 	3.5063E-01 	
3.0703E+00 	3.6373E-01 	
3.0705E+00 	3.7659E-01 	
3.0707E+00 	3.8625E-01 	
3.0708E+00 	3.9479E-01 	
3.0710E+00 	4.0253E-01 	
3.0712E+00 	4.1008E-01 	
3.0713E+00 	4.1842E-01 	
3.0715E+00 	4.2981E-01 	
3.0717E+00 	4.4015E-01 	
3.0718E+00 	4.4917E-01 	
3.0720E+00 	4.5784E-01 	
3.0722E+00 	4.6870E-01 	
3.0723E+00 	4.7833E-01 	
3.0725E+00 	4.8654E-01 	
3.0727E+00 	4.9638E-01 	
3.0728E+00 	5.0714E-01 	
3.0730E+00 	5.1700E-01 	
3.0732E+00 	5.2560E-01 	
3.0733E+00 	5.3330E-01 	
3.0735E+00 	5.4167E-01 	
3.0737E+00 	5.5116E-01 	
3.0738E+00 	5.5997E-01 	
3.0740E+00 	5.6935E-01 	
3.0742E+00 	5.7863E-01 	
3.0743E+00 	5.8604E-01 	
3.0745E+00 	5.8848E-01 	
3.0747E+00 	5.8176E-01 	
3.0748E+00 	5.6475E-01 	
3.0750E+00 	5.4387E-01 	
3.0752E+00 	5.2584E-01 	
3.0753E+00 	5.1195E-01 	
3.0755E+00 	5.0142E-01 	
3.0757E+00 	4.9597E-01 	
3.0758E+00 	4.9412E-01 	
3.0760E+00 	4.9307E-01 	
3.0762E+00 	4.9264E-01 	
3.0763E+00 	4.9442E-01 	
3.0765E+00 	4.9747E-01 	
3.0767E+00 	5.0128E-01 	
3.0768E+00 	5.0179E-01 	
3.0770E+00 	5.0092E-01 	
3.0772E+00 	4.9922E-01 	
3.0773E+00 	4.9824E-01 	
3.0775E+00 	4.9515E-01 	
3.0777E+00 	4.9212E-01 	
3.0778E+00 	4.9246E-01 	
3.0780E+00 	4.9211E-01 	
3.0782E+00 	4.8946E-01 	
3.0783E+00 	4.8716E-01 	
3.0785E+00 	4.8553E-01 	
3.0787E+00 	4.8333E-01 	
3.0788E+00 	4.8056E-01 	
3.0790E+00 	4.7706E-01 	
3.0792E+00 	4.7551E-01 	
3.0793E+00 	4.7322E-01 	
3.0795E+00 	4.6864E-01 	
3.0797E+00 	4.6301E-01 	
3.0798E+00 	4.5711E-01 	
3.0800E+00 	4.5088E-01 	
3.0802E+00 	4.4610E-01 	
3.0803E+00 	4.4256E-01 	
3.0805E+00 	4.3867E-01 	
3.0807E+00 	4.3323E-01 	
3.0808E+00 	4.2705E-01 	
3.0810E+00 	4.2098E-01 	
3.0812E+00 	4.1678E-01 	
3.0813E+00 	4.1083E-01 	
3.0815E+00 	4.0123E-01 	
3.0817E+00 	3.9103E-01 	
3.0818E+00 	3.8284E-01 	
3.0820E+00 	3.7636E-01 	
3.0822E+00 	3.7037E-01 	
3.0823E+00 	3.6473E-01 	
3.0825E+00 	3.5813E-01 	
3.0827E+00 	3.5114E-01 	
3.0828E+00 	3.4754E-01 	
3.0830E+00 	3.4322E-01 	
3.0832E+00 	3.3810E-01 	
3.0833E+00 	3.3064E-01 	
3.0835E+00 	3.2059E-01 	
3.0837E+00 	3.1104E-01 	
3.0838E+00 	3.0327E-01 	
3.0840E+00 	2.9702E-01 	
3.0842E+00 	2.9027E-01 	
3.0843E+00 	2.8545E-01 	
3.0845E+00 	2.8074E-01 	
3.0847E+00 	2.7259E-01 	
3.0848E+00 	2.6442E-01 	
3.0850E+00 	2.5593E-01 	
3.0852E+00 	2.4791E-01 	
3.0853E+00 	2.4285E-01 	
3.0855E+00 	2.3770E-01 	
3.0857E+00 	2.3031E-01 	
3.0858E+00 	2.2178E-01 	
3.0860E+00 	2.1564E-01 	
3.0862E+00 	2.1248E-01 	
3.0863E+00 	2.1376E-01 	
3.0865E+00 	2.1527E-01 	
3.0867E+00 	2.1663E-01 	
3.0868E+00 	2.1725E-01 	
3.0870E+00 	2.1521E-01 	
3.0872E+00 	2.1210E-01 	
3.0873E+00 	2.0907E-01 	
3.0875E+00 	2.0489E-01 	
3.0877E+00 	2.0043E-01 	
3.0878E+00 	1.9473E-01 	
3.0880E+00 	1.8724E-01 	
3.0882E+00 	1.8180E-01 	
3.0883E+00 	1.7732E-01 	
3.0885E+00 	1.7254E-01 	
3.0887E+00 	1.6637E-01 	
3.0888E+00 	1.6026E-01 	
3.0890E+00 	1.5458E-01 	
3.0892E+00 	1.5058E-01 	
3.0893E+00 	1.4401E-01 	
3.0895E+00 	1.3901E-01 	
3.0897E+00 	1.3619E-01 	
3.0898E+00 	1.3117E-01 	
3.0900E+00 	1.2663E-01 	
3.0902E+00 	1.2305E-01 	
3.0903E+00 	1.1835E-01 	
3.0905E+00 	1.1380E-01 	
3.0907E+00 	1.0988E-01 	
3.0908E+00 	1.0536E-01 	
3.0910E+00 	1.0201E-01 	
3.0912E+00 	1.0003E-01 	
3.0913E+00 	9.7432E-02 	
3.0915E+00 	9.5134E-02 	
3.0917E+00 	9.3662E-02 	
3.0918E+00 	9.1173E-02 	
3.0920E+00 	8.6919E-02 	
3.0922E+00 	8.1138E-02 	
3.0923E+00 	7.6648E-02 	
3.0925E+00 	7.4758E-02 	
3.0927E+00 	7.4470E-02 	
3.0928E+00 	7.2268E-02 	
3.0930E+00 	7.0549E-02 	
3.0932E+00 	7.0902E-02 	
3.0933E+00 	6.8946E-02 	
3.0935E+00 	6.5791E-02 	
3.0937E+00 	6.3841E-02 	
3.0938E+00 	6.1674E-02 	
3.0940E+00 	5.9804E-02 	
3.0942E+00 	5.6755E-02 	
3.0943E+00 	5.2567E-02 	
3.0945E+00 	4.9074E-02 	
3.0947E+00 	4.6100E-02 	
3.0948E+00 	4.3076E-02 	
3.0950E+00 	4.2290E-02 	
3.0952E+00 	4.0153E-02 	
3.0953E+00 	3.7734E-02 	
3.0955E+00 	3.6973E-02 	
3.0957E+00 	3.8672E-02 	
3.0958E+00 	4.0042E-02 	
3.0960E+00 	3.9181E-02 	
3.0962E+00 	3.7578E-02 	
3.0963E+00 	3.5411E-02 	
3.0965E+00 	3.3072E-02 	
3.0967E+00 	3.3304E-02 	
3.0968E+00 	3.4186E-02 	
3.0970E+00 	3.3929E-02 	
3.0972E+00 	3.2719E-02 	
3.0973E+00 	2.9494E-02 	
3.0975E+00 	2.6722E-02 	
3.0977E+00 	2.5306E-02 	
3.0978E+00 	2.4650E-02 	
3.0980E+00 	2.4615E-02 	
3.0982E+00 	2.3723E-02 	
3.0983E+00 	2.3617E-02 	
3.0985E+00 	2.4252E-02 	
3.0987E+00 	2.5371E-02 	
3.0988E+00 	2.3466E-02 	
3.0990E+00 	2.0613E-02 	
3.0992E+00 	1.8930E-02 	
3.0993E+00 	1.8552E-02 	
3.0995E+00 	1.8537E-02 	
3.0997E+00 	1.7232E-02 	
3.0998E+00 	1.6385E-02 	
3.1000E+00 	1.7877E-02 	
