Temps - Tracé 0	Amplitude - Tracé 0	Temps - Tracé 1	Amplitude - Tracé 1	
2.5	5.77196E+6	2.5	5.77196E+6	
2.502	5.77453E+6	2.502	5.77453E+6	
2.504	5.77227E+6	2.504	5.77227E+6	
2.506	5.77058E+6	2.506	5.77058E+6	
2.508	5.77031E+6	2.508	5.77031E+6	
2.51	5.77233E+6	2.51	5.77233E+6	
2.512	5.77176E+6	2.512	5.77176E+6	
2.514	5.77376E+6	2.514	5.77376E+6	
2.516	5.77016E+6	2.516	5.77016E+6	
2.518	5.76971E+6	2.518	5.76971E+6	
2.52	5.77569E+6	2.52	5.77569E+6	
2.522	5.77146E+6	2.522	5.77146E+6	
2.524	5.7729E+6	2.524	5.7729E+6	
2.526	5.77784E+6	2.526	5.77784E+6	
2.528	5.76692E+6	2.528	5.76692E+6	
2.53	5.77443E+6	2.53	5.77443E+6	
2.532	5.77665E+6	2.532	5.77665E+6	
2.534	5.77307E+6	2.534	5.77307E+6	
2.536	5.76956E+6	2.536	5.76956E+6	
2.538	5.77304E+6	2.538	5.77304E+6	
2.54	5.77111E+6	2.54	5.77111E+6	
2.542	5.77297E+6	2.542	5.77297E+6	
2.544	5.77672E+6	2.544	5.77672E+6	
2.546	5.77325E+6	2.546	5.77325E+6	
2.548	5.77329E+6	2.548	5.77329E+6	
2.55	5.77397E+6	2.55	5.77397E+6	
2.552	5.76984E+6	2.552	5.76984E+6	
2.554	5.77009E+6	2.554	5.77009E+6	
2.556	5.77745E+6	2.556	5.77745E+6	
2.558	5.77352E+6	2.558	5.77352E+6	
2.56	5.76993E+6	2.56	5.76993E+6	
2.562	5.76946E+6	2.562	5.76946E+6	
2.564	5.77719E+6	2.564	5.77719E+6	
2.566	5.76804E+6	2.566	5.76804E+6	
2.568	5.77133E+6	2.568	5.77133E+6	
2.57	5.76451E+6	2.57	5.76451E+6	
2.572	5.77007E+6	2.572	5.77007E+6	
2.574	5.77091E+6	2.574	5.77091E+6	
2.576	5.77195E+6	2.576	5.77195E+6	
2.578	5.76906E+6	2.578	5.76906E+6	
2.58	5.77203E+6	2.58	5.77203E+6	
2.582	5.77138E+6	2.582	5.77138E+6	
2.584	5.77061E+6	2.584	5.77061E+6	
2.586	5.77155E+6	2.586	5.77155E+6	
2.588	5.76103E+6	2.588	5.76103E+6	
2.59	5.76874E+6	2.59	5.76874E+6	
2.592	5.76715E+6	2.592	5.76715E+6	
2.594	5.76902E+6	2.594	5.76902E+6	
2.596	5.77084E+6	2.596	5.77084E+6	
2.598	5.77106E+6	2.598	5.77106E+6	
2.6	5.77202E+6	2.6	5.77202E+6	
2.602	5.76833E+6	2.602	5.76833E+6	
2.604	5.77591E+6	2.604	5.77591E+6	
2.606	5.76917E+6	2.606	5.76917E+6	
2.608	5.77232E+6	2.608	5.77232E+6	
2.61	5.77403E+6	2.61	5.77403E+6	
2.612	5.77422E+6	2.612	5.77422E+6	
2.614	5.77669E+6	2.614	5.77669E+6	
2.616	5.76521E+6	2.616	5.76521E+6	
2.618	5.7663E+6	2.618	5.7663E+6	
2.62	5.77002E+6	2.62	5.77002E+6	
2.622	5.76905E+6	2.622	5.76905E+6	
2.624	5.77259E+6	2.624	5.77259E+6	
2.626	5.77414E+6	2.626	5.77414E+6	
2.628	5.76992E+6	2.628	5.76992E+6	
2.63	5.76939E+6	2.63	5.76939E+6	
2.632	5.76965E+6	2.632	5.76965E+6	
2.634	5.7741E+6	2.634	5.7741E+6	
2.636	5.76737E+6	2.636	5.76737E+6	
2.638	5.77151E+6	2.638	5.77151E+6	
2.64	5.77071E+6	2.64	5.77071E+6	
2.642	5.77411E+6	2.642	5.77411E+6	
2.644	5.77096E+6	2.644	5.77096E+6	
2.646	5.77184E+6	2.646	5.77184E+6	
2.648	5.77015E+6	2.648	5.77015E+6	
2.65	5.7651E+6	2.65	5.7651E+6	
2.652	5.76716E+6	2.652	5.76716E+6	
2.654	5.77576E+6	2.654	5.77576E+6	
2.656	5.76445E+6	2.656	5.76445E+6	
2.658	5.77029E+6	2.658	5.77029E+6	
2.66	5.77237E+6	2.66	5.77237E+6	
2.662	5.77312E+6	2.662	5.77312E+6	
2.664	5.77124E+6	2.664	5.77124E+6	
2.666	5.76929E+6	2.666	5.76929E+6	
2.668	5.77113E+6	2.668	5.77113E+6	
2.67	5.77271E+6	2.67	5.77271E+6	
2.672	5.77989E+6	2.672	5.77989E+6	
2.674	5.77559E+6	2.674	5.77559E+6	
2.676	5.76891E+6	2.676	5.76891E+6	
2.678	5.77507E+6	2.678	5.77507E+6	
2.68	5.77055E+6	2.68	5.77055E+6	
2.682	5.77869E+6	2.682	5.77869E+6	
2.684	5.77483E+6	2.684	5.77483E+6	
2.686	5.77849E+6	2.686	5.77849E+6	
2.688	5.77268E+6	2.688	5.77268E+6	
2.69	5.76823E+6	2.69	5.76823E+6	
2.692	5.77629E+6	2.692	5.77629E+6	
2.694	5.77028E+6	2.694	5.77028E+6	
2.696	5.76812E+6	2.696	5.76812E+6	
2.698	5.75765E+6	2.698	5.75765E+6	
2.7	5.74019E+6	2.7	5.74019E+6	
2.702	5.73636E+6	2.702	5.73636E+6	
2.704	5.73964E+6	2.704	5.73964E+6	
2.706	5.73993E+6	2.706	5.73993E+6	
2.708	5.75215E+6	2.708	5.75215E+6	
2.71	5.75872E+6	2.71	5.75872E+6	
2.712	5.76046E+6	2.712	5.76046E+6	
2.714	5.75939E+6	2.714	5.75939E+6	
2.716	5.76081E+6	2.716	5.76081E+6	
2.718	5.7665E+6	2.718	5.7665E+6	
2.72	5.76626E+6	2.72	5.76626E+6	
2.722	5.76777E+6	2.722	5.76777E+6	
2.724	5.76786E+6	2.724	5.76786E+6	
2.726	5.77066E+6	2.726	5.77066E+6	
2.728	5.77373E+6	2.728	5.77373E+6	
2.73	5.76607E+6	2.73	5.76607E+6	
2.732	5.76966E+6	2.732	5.76966E+6	
2.734	5.77255E+6	2.734	5.77255E+6	
2.736	5.77972E+6	2.736	5.77972E+6	
2.738	5.78824E+6	2.738	5.78824E+6	
2.74	5.79862E+6	2.74	5.79862E+6	
2.742	5.80954E+6	2.742	5.80954E+6	
2.744	5.85255E+6	2.744	5.85255E+6	
2.746	5.90984E+6	2.746	5.90984E+6	
2.748	5.96464E+6	2.748	5.96464E+6	
2.75	5.99024E+6	2.75	5.99024E+6	
2.752	5.9585E+6	2.752	5.9585E+6	
2.754	5.90285E+6	2.754	5.90285E+6	
2.756	5.84438E+6	2.756	5.84438E+6	
2.758	5.80246E+6	2.758	5.80246E+6	
2.76	5.78686E+6	2.76	5.78686E+6	
2.762	5.76925E+6	2.762	5.76925E+6	
2.764	5.76545E+6	2.764	5.76545E+6	
2.766	5.76976E+6	2.766	5.76976E+6	
2.768	5.76202E+6	2.768	5.76202E+6	
2.77	5.76108E+6	2.77	5.76108E+6	
2.772	5.74788E+6	2.772	5.74788E+6	
2.774	5.72924E+6	2.774	5.72924E+6	
2.776	5.7089E+6	2.776	5.7089E+6	
2.778	5.6637E+6	2.778	5.6637E+6	
2.78	5.60169E+6	2.78	5.60169E+6	
2.782	5.55559E+6	2.782	5.55559E+6	
2.784	5.54912E+6	2.784	5.54912E+6	
2.786	5.55213E+6	2.786	5.55213E+6	
2.788	5.57395E+6	2.788	5.57395E+6	
2.79	5.61409E+6	2.79	5.61409E+6	
2.792	5.66043E+6	2.792	5.66043E+6	
2.794	5.70871E+6	2.794	5.70871E+6	
2.796	5.73968E+6	2.796	5.73968E+6	
2.798	5.75655E+6	2.798	5.75655E+6	
2.8	5.77103E+6	2.8	5.77103E+6	
2.802	5.77925E+6	2.802	5.77925E+6	
2.804	5.78164E+6	2.804	5.78164E+6	
2.806	5.78526E+6	2.806	5.78526E+6	
2.808	5.78936E+6	2.808	5.78936E+6	
2.81	5.78225E+6	2.81	5.78225E+6	
2.812	5.77034E+6	2.812	5.77034E+6	
2.814	5.77903E+6	2.814	5.77903E+6	
2.816	5.77895E+6	2.816	5.77895E+6	
2.818	5.77286E+6	2.818	5.77286E+6	
2.82	5.76498E+6	2.82	5.76498E+6	
2.822	5.75877E+6	2.822	5.75877E+6	
2.824	5.74159E+6	2.824	5.74159E+6	
2.826	5.71694E+6	2.826	5.71694E+6	
2.828	5.70798E+6	2.828	5.70798E+6	
2.83	5.71347E+6	2.83	5.71347E+6	
2.832	5.71769E+6	2.832	5.71769E+6	
2.834	5.73599E+6	2.834	5.73599E+6	
2.836	5.74771E+6	2.836	5.74771E+6	
2.838	5.7589E+6	2.838	5.7589E+6	
2.84	5.7651E+6	2.84	5.7651E+6	
2.842	5.77251E+6	2.842	5.77251E+6	
2.844	5.7722E+6	2.844	5.7722E+6	
2.846	5.7699E+6	2.846	5.7699E+6	
2.848	5.7743E+6	2.848	5.7743E+6	
2.85	5.77034E+6	2.85	5.77034E+6	
2.852	5.76658E+6	2.852	5.76658E+6	
2.854	5.77361E+6	2.854	5.77361E+6	
2.856	5.77383E+6	2.856	5.77383E+6	
2.858	5.76882E+6	2.858	5.76882E+6	
2.86	5.77598E+6	2.86	5.77598E+6	
2.862	5.76492E+6	2.862	5.76492E+6	
2.864	5.76543E+6	2.864	5.76543E+6	
2.866	5.76344E+6	2.866	5.76344E+6	
2.868	5.76328E+6	2.868	5.76328E+6	
2.87	5.7607E+6	2.87	5.7607E+6	
2.872	5.76388E+6	2.872	5.76388E+6	
2.874	5.76885E+6	2.874	5.76885E+6	
2.876	5.77034E+6	2.876	5.77034E+6	
2.878	5.76712E+6	2.878	5.76712E+6	
2.88	5.76635E+6	2.88	5.76635E+6	
2.882	5.77044E+6	2.882	5.77044E+6	
2.884	5.76775E+6	2.884	5.76775E+6	
2.886	5.76858E+6	2.886	5.76858E+6	
2.888	5.77384E+6	2.888	5.77384E+6	
2.89	5.76826E+6	2.89	5.76826E+6	
2.892	5.76483E+6	2.892	5.76483E+6	
2.894	5.76825E+6	2.894	5.76825E+6	
2.896	5.77347E+6	2.896	5.77347E+6	
2.898	5.76635E+6	2.898	5.76635E+6	
2.9	5.7714E+6	2.9	5.7714E+6	
2.902	5.76576E+6	2.902	5.76576E+6	
2.904	5.76545E+6	2.904	5.76545E+6	
2.906	5.76488E+6	2.906	5.76488E+6	
2.908	5.76731E+6	2.908	5.76731E+6	
2.91	5.76917E+6	2.91	5.76917E+6	
2.912	5.76505E+6	2.912	5.76505E+6	
2.914	5.76957E+6	2.914	5.76957E+6	
2.916	5.76571E+6	2.916	5.76571E+6	
2.918	5.76872E+6	2.918	5.76872E+6	
2.92	5.76702E+6	2.92	5.76702E+6	
2.922	5.76825E+6	2.922	5.76825E+6	
2.924	5.76906E+6	2.924	5.76906E+6	
2.926	5.7695E+6	2.926	5.7695E+6	
2.928	5.77618E+6	2.928	5.77618E+6	
2.93	5.77278E+6	2.93	5.77278E+6	
2.932	5.76906E+6	2.932	5.76906E+6	
2.934	5.76725E+6	2.934	5.76725E+6	
2.936	5.77032E+6	2.936	5.77032E+6	
2.938	5.76642E+6	2.938	5.76642E+6	
2.94	5.77369E+6	2.94	5.77369E+6	
2.942	5.7763E+6	2.942	5.7763E+6	
2.944	5.78236E+6	2.944	5.78236E+6	
2.946	5.78445E+6	2.946	5.78445E+6	
2.948	5.79541E+6	2.948	5.79541E+6	
2.95	5.80536E+6	2.95	5.80536E+6	
2.952	5.80968E+6	2.952	5.80968E+6	
2.954	5.80847E+6	2.954	5.80847E+6	
2.956	5.80813E+6	2.956	5.80813E+6	
2.958	5.80457E+6	2.958	5.80457E+6	
2.96	5.79185E+6	2.96	5.79185E+6	
2.962	5.79143E+6	2.962	5.79143E+6	
2.964	5.78371E+6	2.964	5.78371E+6	
2.966	5.7737E+6	2.966	5.7737E+6	
2.968	5.76488E+6	2.968	5.76488E+6	
2.97	5.77421E+6	2.97	5.77421E+6	
2.972	5.76125E+6	2.972	5.76125E+6	
2.974	5.76361E+6	2.974	5.76361E+6	
2.976	5.76803E+6	2.976	5.76803E+6	
2.978	5.77904E+6	2.978	5.77904E+6	
2.98	5.78441E+6	2.98	5.78441E+6	
2.982	5.8097E+6	2.982	5.8097E+6	
2.984	5.84395E+6	2.984	5.84395E+6	
2.986	5.89646E+6	2.986	5.89646E+6	
2.988	5.97308E+6	2.988	5.97308E+6	
2.99	6.02274E+6	2.99	6.02274E+6	
2.992	6.0341E+6	2.992	6.0341E+6	
2.994	6.01339E+6	2.994	6.01339E+6	
2.996	5.95218E+6	2.996	5.95218E+6	
2.998	5.90364E+6	2.998	5.90364E+6	
3	5.85205E+6	3	5.85205E+6	
3.002	5.81825E+6	3.002	5.81825E+6	
3.004	5.79698E+6	3.004	5.79698E+6	
3.006	5.77887E+6	3.006	5.77887E+6	
3.008	5.77231E+6	3.008	5.77231E+6	
3.01	5.76937E+6	3.01	5.76937E+6	
3.012	5.76091E+6	3.012	5.76091E+6	
3.014	5.74093E+6	3.014	5.74093E+6	
3.016	5.70328E+6	3.016	5.70328E+6	
3.018	5.64153E+6	3.018	5.64153E+6	
3.02	5.6227E+6	3.02	5.6227E+6	
3.022	5.61744E+6	3.022	5.61744E+6	
3.024	5.65653E+6	3.024	5.65653E+6	
3.026	5.6933E+6	3.026	5.6933E+6	
3.028	5.72463E+6	3.028	5.72463E+6	
3.03	5.74618E+6	3.03	5.74618E+6	
3.032	5.77052E+6	3.032	5.77052E+6	
3.034	5.77567E+6	3.034	5.77567E+6	
3.036	5.7753E+6	3.036	5.7753E+6	
3.038	5.76822E+6	3.038	5.76822E+6	
3.04	5.77401E+6	3.04	5.77401E+6	
3.042	5.77228E+6	3.042	5.77228E+6	
3.044	5.78065E+6	3.044	5.78065E+6	
3.046	5.77713E+6	3.046	5.77713E+6	
3.048	5.77558E+6	3.048	5.77558E+6	
3.05	5.77758E+6	3.05	5.77758E+6	
3.052	5.76527E+6	3.052	5.76527E+6	
3.054	5.75817E+6	3.054	5.75817E+6	
3.056	5.75902E+6	3.056	5.75902E+6	
3.058	5.76412E+6	3.058	5.76412E+6	
3.06	5.77469E+6	3.06	5.77469E+6	
3.062	5.77603E+6	3.062	5.77603E+6	
3.064	5.77863E+6	3.064	5.77863E+6	
3.066	5.78132E+6	3.066	5.78132E+6	
3.068	5.78158E+6	3.068	5.78158E+6	
3.07	5.7845E+6	3.07	5.7845E+6	
3.072	5.78738E+6	3.072	5.78738E+6	
3.074	5.78497E+6	3.074	5.78497E+6	
3.076	5.78125E+6	3.076	5.78125E+6	
3.078	5.78241E+6	3.078	5.78241E+6	
3.08	5.77775E+6	3.08	5.77775E+6	
3.082	5.78369E+6	3.082	5.78369E+6	
3.084	5.77537E+6	3.084	5.77537E+6	
3.086	5.7783E+6	3.086	5.7783E+6	
3.088	5.773E+6	3.088	5.773E+6	
3.09	5.77317E+6	3.09	5.77317E+6	
3.092	5.77591E+6	3.092	5.77591E+6	
3.094	5.77083E+6	3.094	5.77083E+6	
3.096	5.7725E+6	3.096	5.7725E+6	
3.098	5.77359E+6	3.098	5.77359E+6	
3.1	5.76923E+6	3.1	5.76923E+6	
3.102	5.76696E+6	3.102	5.76696E+6	
3.104	5.77096E+6	3.104	5.77096E+6	
3.106	5.77327E+6	3.106	5.77327E+6	
3.108	5.76831E+6	3.108	5.76831E+6	
3.11	5.77589E+6	3.11	5.77589E+6	
3.112	5.7803E+6	3.112	5.7803E+6	
3.114	5.77733E+6	3.114	5.77733E+6	
3.116	5.77566E+6	3.116	5.77566E+6	
3.118	5.77693E+6	3.118	5.77693E+6	
3.12	5.77368E+6	3.12	5.77368E+6	
3.122	5.77142E+6	3.122	5.77142E+6	
3.124	5.77689E+6	3.124	5.77689E+6	
3.126	5.77345E+6	3.126	5.77345E+6	
3.128	5.77875E+6	3.128	5.77875E+6	
3.13	5.76816E+6	3.13	5.76816E+6	
3.132	5.7698E+6	3.132	5.7698E+6	
3.134	5.76733E+6	3.134	5.76733E+6	
3.136	5.76665E+6	3.136	5.76665E+6	
3.138	5.77161E+6	3.138	5.77161E+6	
3.14	5.77221E+6	3.14	5.77221E+6	
3.142	5.7809E+6	3.142	5.7809E+6	
3.144	5.77217E+6	3.144	5.77217E+6	
3.146	5.77743E+6	3.146	5.77743E+6	
3.148	5.76761E+6	3.148	5.76761E+6	
3.15	5.77333E+6	3.15	5.77333E+6	
3.152	5.77434E+6	3.152	5.77434E+6	
3.154	5.76954E+6	3.154	5.76954E+6	
3.156	5.77418E+6	3.156	5.77418E+6	
3.158	5.77186E+6	3.158	5.77186E+6	
3.16	5.7707E+6	3.16	5.7707E+6	
3.162	5.7727E+6	3.162	5.7727E+6	
3.164	5.7737E+6	3.164	5.7737E+6	
3.166	5.77139E+6	3.166	5.77139E+6	
3.168	5.77879E+6	3.168	5.77879E+6	
3.17	5.77057E+6	3.17	5.77057E+6	
3.172	5.77097E+6	3.172	5.77097E+6	
3.174	5.76799E+6	3.174	5.76799E+6	
3.176	5.77685E+6	3.176	5.77685E+6	
3.178	5.76866E+6	3.178	5.76866E+6	
3.18	5.77469E+6	3.18	5.77469E+6	
3.182	5.77588E+6	3.182	5.77588E+6	
3.184	5.77116E+6	3.184	5.77116E+6	
3.186	5.77643E+6	3.186	5.77643E+6	
3.188	5.77446E+6	3.188	5.77446E+6	
3.19	5.77245E+6	3.19	5.77245E+6	
3.192	5.77756E+6	3.192	5.77756E+6	
3.194	5.7755E+6	3.194	5.7755E+6	
3.196	5.76983E+6	3.196	5.76983E+6	
3.198	5.76546E+6	3.198	5.76546E+6	
3.2	5.76817E+6	3.2	5.76817E+6	
