0.0000E+00 	5.1975E+06 	0.0000E+00 	5.7621E+06 	
1.1000E-02 	5.1961E+06 	1.1000E-02 	5.7626E+06 	
2.2000E-02 	5.1904E+06 	2.2000E-02 	5.7596E+06 	
3.3000E-02 	5.1927E+06 	3.3000E-02 	5.7618E+06 	
4.4000E-02 	5.1961E+06 	4.4000E-02 	5.7645E+06 	
5.5000E-02 	5.1895E+06 	5.5000E-02 	5.7616E+06 	
6.6000E-02 	5.1934E+06 	6.6000E-02 	5.7619E+06 	
7.7000E-02 	5.1980E+06 	7.7000E-02 	5.7598E+06 	
8.8000E-02 	5.1895E+06 	8.8000E-02 	5.7633E+06 	
9.9000E-02 	5.1962E+06 	9.9000E-02 	5.7611E+06 	
1.1000E-01 	5.1869E+06 	1.1000E-01 	5.7605E+06 	
1.2100E-01 	5.1925E+06 	1.2100E-01 	5.7595E+06 	
1.3200E-01 	5.1915E+06 	1.3200E-01 	5.7605E+06 	
1.4300E-01 	5.1939E+06 	1.4300E-01 	5.7624E+06 	
1.5400E-01 	5.1944E+06 	1.5400E-01 	5.7590E+06 	
1.6500E-01 	5.1903E+06 	1.6500E-01 	5.7626E+06 	
1.7600E-01 	5.1921E+06 	1.7600E-01 	5.7611E+06 	
1.8700E-01 	5.1959E+06 	1.8700E-01 	5.7627E+06 	
1.9800E-01 	5.1980E+06 	1.9800E-01 	5.7589E+06 	
2.0900E-01 	5.1876E+06 	2.0900E-01 	5.7610E+06 	
2.2000E-01 	5.1963E+06 	2.2000E-01 	5.7587E+06 	
2.3100E-01 	5.1890E+06 	2.3100E-01 	5.7604E+06 	
2.4200E-01 	5.1976E+06 	2.4200E-01 	5.7584E+06 	
2.5300E-01 	5.1914E+06 	2.5300E-01 	5.7615E+06 	
2.6400E-01 	5.1937E+06 	2.6400E-01 	5.7588E+06 	
2.7500E-01 	5.1889E+06 	2.7500E-01 	5.7575E+06 	
2.8600E-01 	5.1937E+06 	2.8600E-01 	5.7611E+06 	
2.9700E-01 	5.1900E+06 	2.9700E-01 	5.7549E+06 	
3.0800E-01 	5.1861E+06 	3.0800E-01 	5.7600E+06 	
3.1900E-01 	5.1948E+06 	3.1900E-01 	5.7555E+06 	
3.3000E-01 	5.1923E+06 	3.3000E-01 	5.7569E+06 	
3.4100E-01 	5.1958E+06 	3.4100E-01 	5.7532E+06 	
3.5200E-01 	5.1905E+06 	3.5200E-01 	5.7556E+06 	
3.6300E-01 	5.1982E+06 	3.6300E-01 	5.7519E+06 	
3.7400E-01 	5.1944E+06 	3.7400E-01 	5.7528E+06 	
3.8500E-01 	5.1919E+06 	3.8500E-01 	5.7517E+06 	
3.9600E-01 	5.1923E+06 	3.9600E-01 	5.7524E+06 	
4.0700E-01 	5.1952E+06 	4.0700E-01 	5.7458E+06 	
4.1800E-01 	5.1938E+06 	4.1800E-01 	5.7429E+06 	
4.2900E-01 	5.1907E+06 	4.2900E-01 	5.7431E+06 	
4.4000E-01 	5.1984E+06 	4.4000E-01 	5.7414E+06 	
4.5100E-01 	5.1908E+06 	4.5100E-01 	5.7409E+06 	
4.6200E-01 	5.1989E+06 	4.6200E-01 	5.7370E+06 	
4.7300E-01 	5.1908E+06 	4.7300E-01 	5.7379E+06 	
4.8400E-01 	5.1933E+06 	4.8400E-01 	5.7346E+06 	
4.9500E-01 	5.1929E+06 	4.9500E-01 	5.7363E+06 	
5.0600E-01 	5.1910E+06 	5.0600E-01 	5.7344E+06 	
5.1700E-01 	5.1894E+06 	5.1700E-01 	5.7371E+06 	
5.2800E-01 	5.1914E+06 	5.2800E-01 	5.7402E+06 	
5.3900E-01 	5.1888E+06 	5.3900E-01 	5.7409E+06 	
5.5000E-01 	5.1883E+06 	5.5000E-01 	5.7451E+06 	
5.6100E-01 	5.1897E+06 	5.6100E-01 	5.7447E+06 	
5.7200E-01 	5.1861E+06 	5.7200E-01 	5.7508E+06 	
5.8300E-01 	5.1907E+06 	5.8300E-01 	5.7495E+06 	
5.9400E-01 	5.1875E+06 	5.9400E-01 	5.7513E+06 	
6.0500E-01 	5.1896E+06 	6.0500E-01 	5.7526E+06 	
6.1600E-01 	5.1889E+06 	6.1600E-01 	5.7550E+06 	
6.2700E-01 	5.1910E+06 	6.2700E-01 	5.7558E+06 	
6.3800E-01 	5.1915E+06 	6.3800E-01 	5.7548E+06 	
6.4900E-01 	5.1927E+06 	6.4900E-01 	5.7564E+06 	
6.6000E-01 	5.1855E+06 	6.6000E-01 	5.7561E+06 	
6.7100E-01 	5.1905E+06 	6.7100E-01 	5.7591E+06 	
6.8200E-01 	5.1913E+06 	6.8200E-01 	5.7571E+06 	
6.9300E-01 	5.1865E+06 	6.9300E-01 	5.7564E+06 	
7.0400E-01 	5.1910E+06 	7.0400E-01 	5.7607E+06 	
7.1500E-01 	5.1883E+06 	7.1500E-01 	5.7590E+06 	
7.2600E-01 	5.1902E+06 	7.2600E-01 	5.7584E+06 	
7.3700E-01 	5.1896E+06 	7.3700E-01 	5.7604E+06 	
7.4800E-01 	5.1927E+06 	7.4800E-01 	5.7616E+06 	
7.5900E-01 	5.1860E+06 	7.5900E-01 	5.7573E+06 	
7.7000E-01 	5.1919E+06 	7.7000E-01 	5.7608E+06 	
7.8100E-01 	5.1867E+06 	7.8100E-01 	5.7579E+06 	
7.9200E-01 	5.1874E+06 	7.9200E-01 	5.7618E+06 	
8.0300E-01 	5.1886E+06 	8.0300E-01 	5.7584E+06 	
8.1400E-01 	5.1850E+06 	8.1400E-01 	5.7607E+06 	
8.2500E-01 	5.1867E+06 	8.2500E-01 	5.7585E+06 	
8.3600E-01 	5.1868E+06 	8.3600E-01 	5.7611E+06 	
8.4700E-01 	5.1886E+06 	8.4700E-01 	5.7598E+06 	
8.5800E-01 	5.1910E+06 	8.5800E-01 	5.7585E+06 	
8.6900E-01 	5.1892E+06 	8.6900E-01 	5.7598E+06 	
8.8000E-01 	5.1849E+06 	8.8000E-01 	5.7597E+06 	
8.9100E-01 	5.1872E+06 	8.9100E-01 	5.7612E+06 	
9.0200E-01 	5.1854E+06 	9.0200E-01 	5.7558E+06 	
9.1300E-01 	5.1908E+06 	9.1300E-01 	5.7594E+06 	
9.2400E-01 	5.1854E+06 	9.2400E-01 	5.7578E+06 	
9.3500E-01 	5.1883E+06 	9.3500E-01 	5.7600E+06 	
9.4600E-01 	5.1884E+06 	9.4600E-01 	5.7554E+06 	
9.5700E-01 	5.1884E+06 	9.5700E-01 	5.7551E+06 	
9.6800E-01 	5.1870E+06 	9.6800E-01 	5.7546E+06 	
9.7900E-01 	5.1905E+06 	9.7900E-01 	5.7547E+06 	
9.9000E-01 	5.1907E+06 	9.9000E-01 	5.7538E+06 	
1.0010E+00 	5.1879E+06 	1.0010E+00 	5.7492E+06 	
1.0120E+00 	5.1885E+06 	1.0120E+00 	5.7506E+06 	
1.0230E+00 	5.1883E+06 	1.0230E+00 	5.7469E+06 	
1.0340E+00 	5.1914E+06 	1.0340E+00 	5.7456E+06 	
1.0450E+00 	5.1912E+06 	1.0450E+00 	5.7410E+06 	
1.0560E+00 	5.1917E+06 	1.0560E+00 	5.7382E+06 	
1.0670E+00 	5.1895E+06 	1.0670E+00 	5.7336E+06 	
1.0780E+00 	5.1963E+06 	1.0780E+00 	5.7305E+06 	
1.0890E+00 	5.1900E+06 	1.0890E+00 	5.7273E+06 	
1.1000E+00 	5.1912E+06 	1.1000E+00 	5.7227E+06 	
1.1110E+00 	5.1923E+06 	1.1110E+00 	5.7206E+06 	
1.1220E+00 	5.1908E+06 	1.1220E+00 	5.7185E+06 	
1.1330E+00 	5.1903E+06 	1.1330E+00 	5.7203E+06 	
1.1440E+00 	5.1882E+06 	1.1440E+00 	5.7200E+06 	
1.1550E+00 	5.1879E+06 	1.1550E+00 	5.7238E+06 	
1.1660E+00 	5.1926E+06 	1.1660E+00 	5.7269E+06 	
1.1770E+00 	5.1886E+06 	1.1770E+00 	5.7307E+06 	
1.1880E+00 	5.1888E+06 	1.1880E+00 	5.7332E+06 	
1.1990E+00 	5.1927E+06 	1.1990E+00 	5.7385E+06 	
1.2100E+00 	5.1926E+06 	1.2100E+00 	5.7426E+06 	
1.2210E+00 	5.1937E+06 	1.2210E+00 	5.7442E+06 	
1.2320E+00 	5.1878E+06 	1.2320E+00 	5.7488E+06 	
1.2430E+00 	5.1882E+06 	1.2430E+00 	5.7495E+06 	
1.2540E+00 	5.1919E+06 	1.2540E+00 	5.7532E+06 	
1.2650E+00 	5.1891E+06 	1.2650E+00 	5.7500E+06 	
1.2760E+00 	5.1859E+06 	1.2760E+00 	5.7561E+06 	
1.2870E+00 	5.1871E+06 	1.2870E+00 	5.7529E+06 	
1.2980E+00 	5.1894E+06 	1.2980E+00 	5.7575E+06 	
1.3090E+00 	5.1844E+06 	1.3090E+00 	5.7552E+06 	
1.3200E+00 	5.1919E+06 	1.3200E+00 	5.7572E+06 	
1.3310E+00 	5.1818E+06 	1.3310E+00 	5.7576E+06 	
1.3420E+00 	5.1898E+06 	1.3420E+00 	5.7555E+06 	
1.3530E+00 	5.1854E+06 	1.3530E+00 	5.7597E+06 	
1.3640E+00 	5.1861E+06 	1.3640E+00 	5.7556E+06 	
1.3750E+00 	5.1838E+06 	1.3750E+00 	5.7606E+06 	
1.3860E+00 	5.1826E+06 	1.3860E+00 	5.7582E+06 	
1.3970E+00 	5.1822E+06 	1.3970E+00 	5.7580E+06 	
1.4080E+00 	5.1786E+06 	1.4080E+00 	5.7595E+06 	
1.4190E+00 	5.1839E+06 	1.4190E+00 	5.7592E+06 	
1.4300E+00 	5.1770E+06 	1.4300E+00 	5.7602E+06 	
1.4410E+00 	5.1857E+06 	1.4410E+00 	5.7593E+06 	
1.4520E+00 	5.1803E+06 	1.4520E+00 	5.7607E+06 	
1.4630E+00 	5.1842E+06 	1.4630E+00 	5.7595E+06 	
1.4740E+00 	5.1810E+06 	1.4740E+00 	5.7608E+06 	
1.4850E+00 	5.1822E+06 	1.4850E+00 	5.7580E+06 	
1.4960E+00 	5.1789E+06 	1.4960E+00 	5.7614E+06 	
1.5070E+00 	5.1823E+06 	1.5070E+00 	5.7583E+06 	
1.5180E+00 	5.1852E+06 	1.5180E+00 	5.7606E+06 	
1.5290E+00 	5.1857E+06 	1.5290E+00 	5.7587E+06 	
1.5400E+00 	5.1832E+06 	1.5400E+00 	5.7598E+06 	
1.5510E+00 	5.1858E+06 	1.5510E+00 	5.7603E+06 	
1.5620E+00 	5.1861E+06 	1.5620E+00 	5.7595E+06 	
1.5730E+00 	5.1835E+06 	1.5730E+00 	5.7593E+06 	
1.5840E+00 	5.1821E+06 	1.5840E+00 	5.7571E+06 	
1.5950E+00 	5.1826E+06 	1.5950E+00 	5.7606E+06 	
1.6060E+00 	5.1897E+06 	1.6060E+00 	5.7568E+06 	
1.6170E+00 	5.1818E+06 	1.6170E+00 	5.7613E+06 	
1.6280E+00 	5.1817E+06 	1.6280E+00 	5.7571E+06 	
1.6390E+00 	5.1814E+06 	1.6390E+00 	5.7594E+06 	
1.6500E+00 	5.1799E+06 	1.6500E+00 	5.7586E+06 	
1.6610E+00 	5.1794E+06 	1.6610E+00 	5.7562E+06 	
1.6720E+00 	5.1786E+06 	1.6720E+00 	5.7561E+06 	
1.6830E+00 	5.1794E+06 	1.6830E+00 	5.7579E+06 	
1.6940E+00 	5.1825E+06 	1.6940E+00 	5.7586E+06 	
1.7050E+00 	5.1824E+06 	1.7050E+00 	5.7555E+06 	
1.7160E+00 	5.1741E+06 	1.7160E+00 	5.7581E+06 	
1.7270E+00 	5.1784E+06 	1.7270E+00 	5.7555E+06 	
1.7380E+00 	5.1789E+06 	1.7380E+00 	5.7576E+06 	
1.7490E+00 	5.1778E+06 	1.7490E+00 	5.7551E+06 	
1.7600E+00 	5.1734E+06 	1.7600E+00 	5.7554E+06 	
1.7710E+00 	5.1731E+06 	1.7710E+00 	5.7559E+06 	
1.7820E+00 	5.1728E+06 	1.7820E+00 	5.7553E+06 	
1.7930E+00 	5.1756E+06 	1.7930E+00 	5.7547E+06 	
1.8040E+00 	5.1733E+06 	1.8040E+00 	5.7524E+06 	
1.8150E+00 	5.1737E+06 	1.8150E+00 	5.7533E+06 	
1.8260E+00 	5.1724E+06 	1.8260E+00 	5.7509E+06 	
1.8370E+00 	5.1724E+06 	1.8370E+00 	5.7534E+06 	
1.8480E+00 	5.1736E+06 	1.8480E+00 	5.7506E+06 	
1.8590E+00 	5.1716E+06 	1.8590E+00 	5.7515E+06 	
1.8700E+00 	5.1753E+06 	1.8700E+00 	5.7491E+06 	
1.8810E+00 	5.1741E+06 	1.8810E+00 	5.7498E+06 	
1.8920E+00 	5.1706E+06 	1.8920E+00 	5.7477E+06 	
1.9030E+00 	5.1694E+06 	1.9030E+00 	5.7487E+06 	
1.9140E+00 	5.1760E+06 	1.9140E+00 	5.7476E+06 	
1.9250E+00 	5.1743E+06 	1.9250E+00 	5.7445E+06 	
1.9360E+00 	5.1767E+06 	1.9360E+00 	5.7454E+06 	
1.9470E+00 	5.1784E+06 	1.9470E+00 	5.7415E+06 	
1.9580E+00 	5.1813E+06 	1.9580E+00 	5.7435E+06 	
1.9690E+00 	5.1861E+06 	1.9690E+00 	5.7383E+06 	
1.9800E+00 	5.1819E+06 	1.9800E+00 	5.7389E+06 	
1.9910E+00 	5.1819E+06 	1.9910E+00 	5.7389E+06 	
2.0020E+00 	5.1868E+06 	2.0020E+00 	5.7364E+06 	
2.0130E+00 	5.1865E+06 	2.0130E+00 	5.7363E+06 	
2.0240E+00 	5.1849E+06 	2.0240E+00 	5.7376E+06 	
2.0350E+00 	5.1864E+06 	2.0350E+00 	5.7385E+06 	
2.0460E+00 	5.1866E+06 	2.0460E+00 	5.7354E+06 	
2.0570E+00 	5.1858E+06 	2.0570E+00 	5.7378E+06 	
2.0680E+00 	5.1864E+06 	2.0680E+00 	5.7357E+06 	
2.0790E+00 	5.1790E+06 	2.0790E+00 	5.7397E+06 	
2.0900E+00 	5.1834E+06 	2.0900E+00 	5.7390E+06 	
2.1010E+00 	5.1827E+06 	2.1010E+00 	5.7410E+06 	
2.1120E+00 	5.1825E+06 	2.1120E+00 	5.7417E+06 	
2.1230E+00 	5.1836E+06 	2.1230E+00 	5.7424E+06 	
2.1340E+00 	5.1804E+06 	2.1340E+00 	5.7438E+06 	
2.1450E+00 	5.1822E+06 	2.1450E+00 	5.7430E+06 	
2.1560E+00 	5.1828E+06 	2.1560E+00 	5.7463E+06 	
2.1670E+00 	5.1840E+06 	2.1670E+00 	5.7458E+06 	
2.1780E+00 	5.1816E+06 	2.1780E+00 	5.7501E+06 	
2.1890E+00 	5.1832E+06 	2.1890E+00 	5.7467E+06 	
2.2000E+00 	5.1813E+06 	2.2000E+00 	5.7494E+06 	
