Temps - Tracé 0	Amplitude - Tracé 0	Temps - Tracé 1	Amplitude - Tracé 1	
2.4	6.11624E+6	2.4	6.11624E+6	
2.4016	6.13407E+6	2.4016	6.13407E+6	
2.40321	6.12488E+6	2.40321	6.12488E+6	
2.40481	6.13992E+6	2.40481	6.13992E+6	
2.40641	6.12002E+6	2.40641	6.12002E+6	
2.40802	6.12855E+6	2.40802	6.12855E+6	
2.40962	6.17004E+6	2.40962	6.17004E+6	
2.41122	6.15198E+6	2.41122	6.15198E+6	
2.41283	6.15607E+6	2.41283	6.15607E+6	
2.41443	6.14411E+6	2.41443	6.14411E+6	
2.41603	6.13909E+6	2.41603	6.13909E+6	
2.41764	6.16058E+6	2.41764	6.16058E+6	
2.41924	6.13035E+6	2.41924	6.13035E+6	
2.42084	6.15917E+6	2.42084	6.15917E+6	
2.42244	6.15114E+6	2.42244	6.15114E+6	
2.42405	6.15321E+6	2.42405	6.15321E+6	
2.42565	6.14995E+6	2.42565	6.14995E+6	
2.42725	6.15257E+6	2.42725	6.15257E+6	
2.42886	6.14548E+6	2.42886	6.14548E+6	
2.43046	6.16035E+6	2.43046	6.16035E+6	
2.43206	6.15482E+6	2.43206	6.15482E+6	
2.43367	6.13119E+6	2.43367	6.13119E+6	
2.43527	6.16184E+6	2.43527	6.16184E+6	
2.43687	6.16428E+6	2.43687	6.16428E+6	
2.43848	6.12468E+6	2.43848	6.12468E+6	
2.44008	6.13917E+6	2.44008	6.13917E+6	
2.44168	6.16465E+6	2.44168	6.16465E+6	
2.44329	6.15575E+6	2.44329	6.15575E+6	
2.44489	6.14134E+6	2.44489	6.14134E+6	
2.44649	6.11538E+6	2.44649	6.11538E+6	
2.4481	6.14631E+6	2.4481	6.14631E+6	
2.4497	6.15467E+6	2.4497	6.15467E+6	
2.4513	6.11552E+6	2.4513	6.11552E+6	
2.45291	6.17841E+6	2.45291	6.17841E+6	
2.45451	6.14621E+6	2.45451	6.14621E+6	
2.45611	6.15392E+6	2.45611	6.15392E+6	
2.45772	6.13095E+6	2.45772	6.13095E+6	
2.45932	6.16379E+6	2.45932	6.16379E+6	
2.46092	6.16438E+6	2.46092	6.16438E+6	
2.46253	6.16392E+6	2.46253	6.16392E+6	
2.46413	6.13117E+6	2.46413	6.13117E+6	
2.46573	6.12782E+6	2.46573	6.12782E+6	
2.46733	6.15631E+6	2.46733	6.15631E+6	
2.46894	6.15099E+6	2.46894	6.15099E+6	
2.47054	6.12852E+6	2.47054	6.12852E+6	
2.47214	6.12147E+6	2.47214	6.12147E+6	
2.47375	6.13671E+6	2.47375	6.13671E+6	
2.47535	6.16971E+6	2.47535	6.16971E+6	
2.47695	6.16791E+6	2.47695	6.16791E+6	
2.47856	6.11067E+6	2.47856	6.11067E+6	
2.48016	6.16099E+6	2.48016	6.16099E+6	
2.48176	6.18135E+6	2.48176	6.18135E+6	
2.48337	6.15634E+6	2.48337	6.15634E+6	
2.48497	6.14761E+6	2.48497	6.14761E+6	
2.48657	6.15938E+6	2.48657	6.15938E+6	
2.48818	6.15759E+6	2.48818	6.15759E+6	
2.48978	6.12777E+6	2.48978	6.12777E+6	
2.49138	6.15389E+6	2.49138	6.15389E+6	
2.49299	6.16505E+6	2.49299	6.16505E+6	
2.49459	6.16602E+6	2.49459	6.16602E+6	
2.49619	6.14561E+6	2.49619	6.14561E+6	
2.4978	6.13349E+6	2.4978	6.13349E+6	
2.4994	6.15422E+6	2.4994	6.15422E+6	
2.501	6.15031E+6	2.501	6.15031E+6	
2.50261	6.14499E+6	2.50261	6.14499E+6	
2.50421	6.13555E+6	2.50421	6.13555E+6	
2.50581	6.15425E+6	2.50581	6.15425E+6	
2.50741	6.18264E+6	2.50741	6.18264E+6	
2.50902	6.14012E+6	2.50902	6.14012E+6	
2.51062	6.13678E+6	2.51062	6.13678E+6	
2.51222	6.14907E+6	2.51222	6.14907E+6	
2.51383	6.14929E+6	2.51383	6.14929E+6	
2.51543	6.11807E+6	2.51543	6.11807E+6	
2.51703	6.15385E+6	2.51703	6.15385E+6	
2.51864	6.15494E+6	2.51864	6.15494E+6	
2.52024	6.16414E+6	2.52024	6.16414E+6	
2.52184	6.13654E+6	2.52184	6.13654E+6	
2.52345	6.13581E+6	2.52345	6.13581E+6	
2.52505	6.12965E+6	2.52505	6.12965E+6	
2.52665	6.15102E+6	2.52665	6.15102E+6	
2.52826	6.13862E+6	2.52826	6.13862E+6	
2.52986	6.14341E+6	2.52986	6.14341E+6	
2.53146	6.16899E+6	2.53146	6.16899E+6	
2.53307	6.17839E+6	2.53307	6.17839E+6	
2.53467	6.12835E+6	2.53467	6.12835E+6	
2.53627	6.12555E+6	2.53627	6.12555E+6	
2.53788	6.17612E+6	2.53788	6.17612E+6	
2.53948	6.14259E+6	2.53948	6.14259E+6	
2.54108	6.16334E+6	2.54108	6.16334E+6	
2.54269	6.14442E+6	2.54269	6.14442E+6	
2.54429	6.14732E+6	2.54429	6.14732E+6	
2.54589	6.16059E+6	2.54589	6.16059E+6	
2.54749	6.13769E+6	2.54749	6.13769E+6	
2.5491	6.14334E+6	2.5491	6.14334E+6	
2.5507	6.13472E+6	2.5507	6.13472E+6	
2.5523	6.17028E+6	2.5523	6.17028E+6	
2.55391	6.13198E+6	2.55391	6.13198E+6	
2.55551	6.14458E+6	2.55551	6.14458E+6	
2.55711	6.16762E+6	2.55711	6.16762E+6	
2.55872	6.17928E+6	2.55872	6.17928E+6	
2.56032	6.14914E+6	2.56032	6.14914E+6	
2.56192	6.15584E+6	2.56192	6.15584E+6	
2.56353	6.17442E+6	2.56353	6.17442E+6	
2.56513	6.15098E+6	2.56513	6.15098E+6	
2.56673	6.13469E+6	2.56673	6.13469E+6	
2.56834	6.14192E+6	2.56834	6.14192E+6	
2.56994	6.16349E+6	2.56994	6.16349E+6	
2.57154	6.17008E+6	2.57154	6.17008E+6	
2.57315	6.13835E+6	2.57315	6.13835E+6	
2.57475	6.14069E+6	2.57475	6.14069E+6	
2.57635	6.14688E+6	2.57635	6.14688E+6	
2.57796	6.16858E+6	2.57796	6.16858E+6	
2.57956	6.14488E+6	2.57956	6.14488E+6	
2.58116	6.17685E+6	2.58116	6.17685E+6	
2.58277	6.16045E+6	2.58277	6.16045E+6	
2.58437	6.16688E+6	2.58437	6.16688E+6	
2.58597	6.14187E+6	2.58597	6.14187E+6	
2.58758	6.12692E+6	2.58758	6.12692E+6	
2.58918	6.16084E+6	2.58918	6.16084E+6	
2.59078	6.14398E+6	2.59078	6.14398E+6	
2.59238	6.15044E+6	2.59238	6.15044E+6	
2.59399	6.16505E+6	2.59399	6.16505E+6	
2.59559	6.15578E+6	2.59559	6.15578E+6	
2.59719	6.16562E+6	2.59719	6.16562E+6	
2.5988	6.14907E+6	2.5988	6.14907E+6	
2.6004	6.17007E+6	2.6004	6.17007E+6	
2.602	6.15889E+6	2.602	6.15889E+6	
2.60361	6.15174E+6	2.60361	6.15174E+6	
2.60521	6.15571E+6	2.60521	6.15571E+6	
2.60681	6.14241E+6	2.60681	6.14241E+6	
2.60842	6.18075E+6	2.60842	6.18075E+6	
2.61002	6.17564E+6	2.61002	6.17564E+6	
2.61162	6.16342E+6	2.61162	6.16342E+6	
2.61323	6.15277E+6	2.61323	6.15277E+6	
2.61483	6.17328E+6	2.61483	6.17328E+6	
2.61643	6.17741E+6	2.61643	6.17741E+6	
2.61804	6.15068E+6	2.61804	6.15068E+6	
2.61964	6.15652E+6	2.61964	6.15652E+6	
2.62124	6.28788E+6	2.62124	6.28788E+6	
2.62285	6.74035E+6	2.62285	6.74035E+6	
2.62445	7.50529E+6	2.62445	7.50529E+6	
2.62605	7.54415E+6	2.62605	7.54415E+6	
2.62766	7.53338E+6	2.62766	7.53338E+6	
2.62926	7.45843E+6	2.62926	7.45843E+6	
2.63086	7.28875E+6	2.63086	7.28875E+6	
2.63246	7.15033E+6	2.63246	7.15033E+6	
2.63407	6.99553E+6	2.63407	6.99553E+6	
2.63567	6.81176E+6	2.63567	6.81176E+6	
2.63727	6.69551E+6	2.63727	6.69551E+6	
2.63888	6.47222E+6	2.63888	6.47222E+6	
2.64048	6.3927E+6	2.64048	6.3927E+6	
2.64208	6.35334E+6	2.64208	6.35334E+6	
2.64369	6.28911E+6	2.64369	6.28911E+6	
2.64529	6.23572E+6	2.64529	6.23572E+6	
2.64689	6.25047E+6	2.64689	6.25047E+6	
2.6485	6.22668E+6	2.6485	6.22668E+6	
2.6501	6.20281E+6	2.6501	6.20281E+6	
2.6517	6.17849E+6	2.6517	6.17849E+6	
2.65331	6.20484E+6	2.65331	6.20484E+6	
2.65491	6.21407E+6	2.65491	6.21407E+6	
2.65651	6.17027E+6	2.65651	6.17027E+6	
2.65812	6.15962E+6	2.65812	6.15962E+6	
2.65972	6.17495E+6	2.65972	6.17495E+6	
2.66132	6.16258E+6	2.66132	6.16258E+6	
2.66293	6.15628E+6	2.66293	6.15628E+6	
2.66453	6.11691E+6	2.66453	6.11691E+6	
2.66613	6.14394E+6	2.66613	6.14394E+6	
2.66774	6.14744E+6	2.66774	6.14744E+6	
2.66934	6.09652E+6	2.66934	6.09652E+6	
2.67094	6.05805E+6	2.67094	6.05805E+6	
2.67255	6.02265E+6	2.67255	6.02265E+6	
2.67415	5.96049E+6	2.67415	5.96049E+6	
2.67575	5.88769E+6	2.67575	5.88769E+6	
2.67735	5.89076E+6	2.67735	5.89076E+6	
2.67896	5.85633E+6	2.67896	5.85633E+6	
2.68056	5.86132E+6	2.68056	5.86132E+6	
2.68216	5.86905E+6	2.68216	5.86905E+6	
2.68377	5.9179E+6	2.68377	5.9179E+6	
2.68537	5.97331E+6	2.68537	5.97331E+6	
2.68697	6.01102E+6	2.68697	6.01102E+6	
2.68858	6.08441E+6	2.68858	6.08441E+6	
2.69018	6.16952E+6	2.69018	6.16952E+6	
2.69178	6.23182E+6	2.69178	6.23182E+6	
2.69339	6.31215E+6	2.69339	6.31215E+6	
2.69499	6.34791E+6	2.69499	6.34791E+6	
2.69659	6.36054E+6	2.69659	6.36054E+6	
2.6982	6.38377E+6	2.6982	6.38377E+6	
2.6998	6.3694E+6	2.6998	6.3694E+6	
2.7014	6.33658E+6	2.7014	6.33658E+6	
2.70301	6.32836E+6	2.70301	6.32836E+6	
2.70461	6.27127E+6	2.70461	6.27127E+6	
2.70621	6.2452E+6	2.70621	6.2452E+6	
2.70782	6.21712E+6	2.70782	6.21712E+6	
2.70942	6.18858E+6	2.70942	6.18858E+6	
2.71102	6.17029E+6	2.71102	6.17029E+6	
2.71263	6.17734E+6	2.71263	6.17734E+6	
2.71423	6.15934E+6	2.71423	6.15934E+6	
2.71583	6.12798E+6	2.71583	6.12798E+6	
2.71743	6.17284E+6	2.71743	6.17284E+6	
2.71904	6.14609E+6	2.71904	6.14609E+6	
2.72064	6.14569E+6	2.72064	6.14569E+6	
2.72224	6.13544E+6	2.72224	6.13544E+6	
2.72385	6.17355E+6	2.72385	6.17355E+6	
2.72545	6.15018E+6	2.72545	6.15018E+6	
2.72705	6.11489E+6	2.72705	6.11489E+6	
2.72866	6.13201E+6	2.72866	6.13201E+6	
2.73026	6.16649E+6	2.73026	6.16649E+6	
2.73186	6.17811E+6	2.73186	6.17811E+6	
2.73347	6.26751E+6	2.73347	6.26751E+6	
2.73507	6.39264E+6	2.73507	6.39264E+6	
2.73667	6.43671E+6	2.73667	6.43671E+6	
2.73828	6.44657E+6	2.73828	6.44657E+6	
2.73988	6.37263E+6	2.73988	6.37263E+6	
2.74148	6.32001E+6	2.74148	6.32001E+6	
2.74309	6.27078E+6	2.74309	6.27078E+6	
2.74469	6.2312E+6	2.74469	6.2312E+6	
2.74629	6.16787E+6	2.74629	6.16787E+6	
2.7479	6.13911E+6	2.7479	6.13911E+6	
2.7495	6.13925E+6	2.7495	6.13925E+6	
2.7511	6.10008E+6	2.7511	6.10008E+6	
2.75271	6.12165E+6	2.75271	6.12165E+6	
2.75431	6.11125E+6	2.75431	6.11125E+6	
2.75591	6.10259E+6	2.75591	6.10259E+6	
2.75752	6.12314E+6	2.75752	6.12314E+6	
2.75912	6.13447E+6	2.75912	6.13447E+6	
2.76072	6.10076E+6	2.76072	6.10076E+6	
2.76232	6.14247E+6	2.76232	6.14247E+6	
2.76393	6.14054E+6	2.76393	6.14054E+6	
2.76553	6.11531E+6	2.76553	6.11531E+6	
2.76713	6.13384E+6	2.76713	6.13384E+6	
2.76874	6.14581E+6	2.76874	6.14581E+6	
2.77034	6.15537E+6	2.77034	6.15537E+6	
2.77194	6.11952E+6	2.77194	6.11952E+6	
2.77355	6.16078E+6	2.77355	6.16078E+6	
2.77515	6.13949E+6	2.77515	6.13949E+6	
2.77675	6.16307E+6	2.77675	6.16307E+6	
2.77836	6.13414E+6	2.77836	6.13414E+6	
2.77996	6.16782E+6	2.77996	6.16782E+6	
2.78156	6.13822E+6	2.78156	6.13822E+6	
2.78317	6.17354E+6	2.78317	6.17354E+6	
2.78477	6.15332E+6	2.78477	6.15332E+6	
2.78637	6.14937E+6	2.78637	6.14937E+6	
2.78798	6.17612E+6	2.78798	6.17612E+6	
2.78958	6.13439E+6	2.78958	6.13439E+6	
2.79118	6.15182E+6	2.79118	6.15182E+6	
2.79279	6.15458E+6	2.79279	6.15458E+6	
2.79439	6.16537E+6	2.79439	6.16537E+6	
2.79599	6.16548E+6	2.79599	6.16548E+6	
2.7976	6.13525E+6	2.7976	6.13525E+6	
2.7992	6.14852E+6	2.7992	6.14852E+6	
2.8008	6.16852E+6	2.8008	6.16852E+6	
2.8024	6.15757E+6	2.8024	6.15757E+6	
2.80401	6.14829E+6	2.80401	6.14829E+6	
2.80561	6.14988E+6	2.80561	6.14988E+6	
2.80721	6.17717E+6	2.80721	6.17717E+6	
2.80882	6.16022E+6	2.80882	6.16022E+6	
2.81042	6.16771E+6	2.81042	6.16771E+6	
2.81202	6.13711E+6	2.81202	6.13711E+6	
2.81363	6.17289E+6	2.81363	6.17289E+6	
2.81523	6.16038E+6	2.81523	6.16038E+6	
2.81683	6.15972E+6	2.81683	6.15972E+6	
2.81844	6.14651E+6	2.81844	6.14651E+6	
2.82004	6.15604E+6	2.82004	6.15604E+6	
2.82164	6.17844E+6	2.82164	6.17844E+6	
2.82325	6.17515E+6	2.82325	6.17515E+6	
2.82485	6.16141E+6	2.82485	6.16141E+6	
2.82645	6.15064E+6	2.82645	6.15064E+6	
2.82806	6.16898E+6	2.82806	6.16898E+6	
2.82966	6.15621E+6	2.82966	6.15621E+6	
2.83126	6.15581E+6	2.83126	6.15581E+6	
2.83287	6.13772E+6	2.83287	6.13772E+6	
2.83447	6.15947E+6	2.83447	6.15947E+6	
2.83607	6.15321E+6	2.83607	6.15321E+6	
2.83768	6.14579E+6	2.83768	6.14579E+6	
2.83928	6.16321E+6	2.83928	6.16321E+6	
2.84088	6.16002E+6	2.84088	6.16002E+6	
2.84248	6.14941E+6	2.84248	6.14941E+6	
2.84409	6.14274E+6	2.84409	6.14274E+6	
2.84569	6.15708E+6	2.84569	6.15708E+6	
2.84729	6.15017E+6	2.84729	6.15017E+6	
2.8489	6.14185E+6	2.8489	6.14185E+6	
2.8505	6.16258E+6	2.8505	6.16258E+6	
2.8521	6.16248E+6	2.8521	6.16248E+6	
2.85371	6.15872E+6	2.85371	6.15872E+6	
2.85531	6.15998E+6	2.85531	6.15998E+6	
2.85691	6.16388E+6	2.85691	6.16388E+6	
2.85852	6.14769E+6	2.85852	6.14769E+6	
2.86012	6.17758E+6	2.86012	6.17758E+6	
2.86172	6.16369E+6	2.86172	6.16369E+6	
2.86333	6.14304E+6	2.86333	6.14304E+6	
2.86493	6.15062E+6	2.86493	6.15062E+6	
2.86653	6.15978E+6	2.86653	6.15978E+6	
2.86814	6.15487E+6	2.86814	6.15487E+6	
2.86974	6.15259E+6	2.86974	6.15259E+6	
2.87134	6.16342E+6	2.87134	6.16342E+6	
2.87295	6.16921E+6	2.87295	6.16921E+6	
2.87455	6.15555E+6	2.87455	6.15555E+6	
2.87615	6.15031E+6	2.87615	6.15031E+6	
2.87776	6.15157E+6	2.87776	6.15157E+6	
2.87936	6.17888E+6	2.87936	6.17888E+6	
2.88096	6.15788E+6	2.88096	6.15788E+6	
2.88257	6.15439E+6	2.88257	6.15439E+6	
2.88417	6.16585E+6	2.88417	6.16585E+6	
2.88577	6.17954E+6	2.88577	6.17954E+6	
2.88737	6.12675E+6	2.88737	6.12675E+6	
2.88898	6.13791E+6	2.88898	6.13791E+6	
2.89058	6.16388E+6	2.89058	6.16388E+6	
2.89218	6.15877E+6	2.89218	6.15877E+6	
2.89379	6.14571E+6	2.89379	6.14571E+6	
2.89539	6.14589E+6	2.89539	6.14589E+6	
2.89699	6.15901E+6	2.89699	6.15901E+6	
2.8986	6.15369E+6	2.8986	6.15369E+6	
2.9002	6.14007E+6	2.9002	6.14007E+6	
2.9018	6.15641E+6	2.9018	6.15641E+6	
2.90341	6.15161E+6	2.90341	6.15161E+6	
2.90501	6.16211E+6	2.90501	6.16211E+6	
2.90661	6.12771E+6	2.90661	6.12771E+6	
2.90822	6.15955E+6	2.90822	6.15955E+6	
2.90982	6.19031E+6	2.90982	6.19031E+6	
2.91142	6.17294E+6	2.91142	6.17294E+6	
2.91303	6.13078E+6	2.91303	6.13078E+6	
2.91463	6.15158E+6	2.91463	6.15158E+6	
2.91623	6.17134E+6	2.91623	6.17134E+6	
2.91784	6.17551E+6	2.91784	6.17551E+6	
2.91944	6.15969E+6	2.91944	6.15969E+6	
2.92104	6.15342E+6	2.92104	6.15342E+6	
2.92265	6.16045E+6	2.92265	6.16045E+6	
2.92425	6.16334E+6	2.92425	6.16334E+6	
2.92585	6.17118E+6	2.92585	6.17118E+6	
2.92745	6.15815E+6	2.92745	6.15815E+6	
2.92906	6.16509E+6	2.92906	6.16509E+6	
2.93066	6.18545E+6	2.93066	6.18545E+6	
2.93226	6.13762E+6	2.93226	6.13762E+6	
2.93387	6.13802E+6	2.93387	6.13802E+6	
2.93547	6.17854E+6	2.93547	6.17854E+6	
2.93707	6.15582E+6	2.93707	6.15582E+6	
2.93868	6.15602E+6	2.93868	6.15602E+6	
2.94028	6.16208E+6	2.94028	6.16208E+6	
2.94188	6.16221E+6	2.94188	6.16221E+6	
2.94349	6.16877E+6	2.94349	6.16877E+6	
2.94509	6.14792E+6	2.94509	6.14792E+6	
2.94669	6.17061E+6	2.94669	6.17061E+6	
2.9483	6.17274E+6	2.9483	6.17274E+6	
2.9499	6.19965E+6	2.9499	6.19965E+6	
2.9515	6.15297E+6	2.9515	6.15297E+6	
2.95311	6.15352E+6	2.95311	6.15352E+6	
2.95471	6.17227E+6	2.95471	6.17227E+6	
2.95631	6.19097E+6	2.95631	6.19097E+6	
2.95792	6.17242E+6	2.95792	6.17242E+6	
2.95952	6.16531E+6	2.95952	6.16531E+6	
2.96112	6.16074E+6	2.96112	6.16074E+6	
2.96273	6.17059E+6	2.96273	6.17059E+6	
2.96433	6.18392E+6	2.96433	6.18392E+6	
2.96593	6.16628E+6	2.96593	6.16628E+6	
2.96754	6.16468E+6	2.96754	6.16468E+6	
2.96914	6.20248E+6	2.96914	6.20248E+6	
2.97074	6.15045E+6	2.97074	6.15045E+6	
2.97234	6.17081E+6	2.97234	6.17081E+6	
2.97395	6.18665E+6	2.97395	6.18665E+6	
2.97555	6.1833E+6	2.97555	6.1833E+6	
2.97715	6.16815E+6	2.97715	6.16815E+6	
2.97876	6.15684E+6	2.97876	6.15684E+6	
2.98036	6.17201E+6	2.98036	6.17201E+6	
2.98196	6.18234E+6	2.98196	6.18234E+6	
2.98357	6.17095E+6	2.98357	6.17095E+6	
2.98517	6.16452E+6	2.98517	6.16452E+6	
2.98677	6.20894E+6	2.98677	6.20894E+6	
2.98838	6.18408E+6	2.98838	6.18408E+6	
2.98998	6.18572E+6	2.98998	6.18572E+6	
2.99158	6.17837E+6	2.99158	6.17837E+6	
2.99319	6.15938E+6	2.99319	6.15938E+6	
2.99479	6.19111E+6	2.99479	6.19111E+6	
2.99639	6.15371E+6	2.99639	6.15371E+6	
2.998	6.16687E+6	2.998	6.16687E+6	
2.9996	6.18968E+6	2.9996	6.18968E+6	
3.0012	6.16907E+6	3.0012	6.16907E+6	
3.00281	6.17318E+6	3.00281	6.17318E+6	
3.00441	6.16935E+6	3.00441	6.16935E+6	
3.00601	6.17335E+6	3.00601	6.17335E+6	
3.00762	6.20114E+6	3.00762	6.20114E+6	
3.00922	6.16977E+6	3.00922	6.16977E+6	
3.01082	6.15162E+6	3.01082	6.15162E+6	
3.01242	6.17722E+6	3.01242	6.17722E+6	
3.01403	6.20001E+6	3.01403	6.20001E+6	
3.01563	6.1882E+6	3.01563	6.1882E+6	
3.01723	6.17695E+6	3.01723	6.17695E+6	
3.01884	6.18061E+6	3.01884	6.18061E+6	
3.02044	6.19925E+6	3.02044	6.19925E+6	
3.02204	6.17218E+6	3.02204	6.17218E+6	
3.02365	6.17167E+6	3.02365	6.17167E+6	
3.02525	6.16982E+6	3.02525	6.16982E+6	
3.02685	6.21114E+6	3.02685	6.21114E+6	
3.02846	6.17159E+6	3.02846	6.17159E+6	
3.03006	6.17882E+6	3.03006	6.17882E+6	
3.03166	6.18112E+6	3.03166	6.18112E+6	
3.03327	6.21014E+6	3.03327	6.21014E+6	
3.03487	6.17574E+6	3.03487	6.17574E+6	
3.03647	6.15947E+6	3.03647	6.15947E+6	
3.03808	6.17884E+6	3.03808	6.17884E+6	
3.03968	6.1997E+6	3.03968	6.1997E+6	
3.04128	6.16357E+6	3.04128	6.16357E+6	
3.04289	6.15712E+6	3.04289	6.15712E+6	
3.04449	6.17699E+6	3.04449	6.17699E+6	
3.04609	6.19062E+6	3.04609	6.19062E+6	
3.0477	6.18004E+6	3.0477	6.18004E+6	
3.0493	6.15974E+6	3.0493	6.15974E+6	
3.0509	6.19022E+6	3.0509	6.19022E+6	
3.05251	6.20137E+6	3.05251	6.20137E+6	
3.05411	6.15002E+6	3.05411	6.15002E+6	
3.05571	6.15364E+6	3.05571	6.15364E+6	
3.05731	6.16342E+6	3.05731	6.16342E+6	
3.05892	6.1984E+6	3.05892	6.1984E+6	
3.06052	6.17855E+6	3.06052	6.17855E+6	
3.06212	6.15202E+6	3.06212	6.15202E+6	
3.06373	6.17897E+6	3.06373	6.17897E+6	
3.06533	6.18678E+6	3.06533	6.18678E+6	
3.06693	6.16988E+6	3.06693	6.16988E+6	
3.06854	6.14591E+6	3.06854	6.14591E+6	
3.07014	6.17615E+6	3.07014	6.17615E+6	
3.07174	6.18997E+6	3.07174	6.18997E+6	
3.07335	6.15728E+6	3.07335	6.15728E+6	
3.07495	6.17652E+6	3.07495	6.17652E+6	
3.07655	6.15909E+6	3.07655	6.15909E+6	
3.07816	6.15654E+6	3.07816	6.15654E+6	
3.07976	6.15665E+6	3.07976	6.15665E+6	
3.08136	6.15841E+6	3.08136	6.15841E+6	
3.08297	6.17522E+6	3.08297	6.17522E+6	
3.08457	6.17734E+6	3.08457	6.17734E+6	
3.08617	6.18511E+6	3.08617	6.18511E+6	
3.08778	6.17562E+6	3.08778	6.17562E+6	
3.08938	6.17045E+6	3.08938	6.17045E+6	
3.09098	6.19275E+6	3.09098	6.19275E+6	
3.09259	6.18634E+6	3.09259	6.18634E+6	
3.09419	6.15667E+6	3.09419	6.15667E+6	
3.09579	6.18274E+6	3.09579	6.18274E+6	
3.09739	6.195E+6	3.09739	6.195E+6	
3.099	6.17858E+6	3.099	6.17858E+6	
3.1006	6.1804E+6	3.1006	6.1804E+6	
3.1022	6.15879E+6	3.1022	6.15879E+6	
3.10381	6.17585E+6	3.10381	6.17585E+6	
3.10541	6.16079E+6	3.10541	6.16079E+6	
3.10701	6.16639E+6	3.10701	6.16639E+6	
3.10862	6.18282E+6	3.10862	6.18282E+6	
3.11022	6.18134E+6	3.11022	6.18134E+6	
3.11182	6.16562E+6	3.11182	6.16562E+6	
3.11343	6.16748E+6	3.11343	6.16748E+6	
3.11503	6.15234E+6	3.11503	6.15234E+6	
3.11663	6.17465E+6	3.11663	6.17465E+6	
3.11824	6.14021E+6	3.11824	6.14021E+6	
3.11984	6.16019E+6	3.11984	6.16019E+6	
3.12144	6.15528E+6	3.12144	6.15528E+6	
3.12305	6.16711E+6	3.12305	6.16711E+6	
3.12465	6.15275E+6	3.12465	6.15275E+6	
3.12625	6.15274E+6	3.12625	6.15274E+6	
3.12786	6.16359E+6	3.12786	6.16359E+6	
3.12946	6.16362E+6	3.12946	6.16362E+6	
3.13106	6.14992E+6	3.13106	6.14992E+6	
3.13267	6.14591E+6	3.13267	6.14591E+6	
3.13427	6.15258E+6	3.13427	6.15258E+6	
3.13587	6.15754E+6	3.13587	6.15754E+6	
3.13747	6.13342E+6	3.13747	6.13342E+6	
3.13908	6.14809E+6	3.13908	6.14809E+6	
3.14068	6.19055E+6	3.14068	6.19055E+6	
3.14228	6.2276E+6	3.14228	6.2276E+6	
3.14389	6.17781E+6	3.14389	6.17781E+6	
3.14549	6.14372E+6	3.14549	6.14372E+6	
3.14709	6.18431E+6	3.14709	6.18431E+6	
3.1487	6.211E+6	3.1487	6.211E+6	
3.1503	6.15927E+6	3.1503	6.15927E+6	
3.1519	6.12448E+6	3.1519	6.12448E+6	
3.15351	6.18005E+6	3.15351	6.18005E+6	
3.15511	6.17479E+6	3.15511	6.17479E+6	
3.15671	6.17918E+6	3.15671	6.17918E+6	
3.15832	6.15549E+6	3.15832	6.15549E+6	
3.15992	6.13115E+6	3.15992	6.13115E+6	
3.16152	6.14762E+6	3.16152	6.14762E+6	
3.16313	6.13108E+6	3.16313	6.13108E+6	
3.16473	6.10449E+6	3.16473	6.10449E+6	
3.16633	6.08724E+6	3.16633	6.08724E+6	
3.16794	6.06264E+6	3.16794	6.06264E+6	
3.16954	6.03438E+6	3.16954	6.03438E+6	
3.17114	5.99108E+6	3.17114	5.99108E+6	
3.17275	6.02262E+6	3.17275	6.02262E+6	
3.17435	6.01243E+6	3.17435	6.01243E+6	
3.17595	6.03379E+6	3.17595	6.03379E+6	
3.17756	6.05895E+6	3.17756	6.05895E+6	
3.17916	6.15188E+6	3.17916	6.15188E+6	
3.18076	6.2043E+6	3.18076	6.2043E+6	
3.18236	6.21251E+6	3.18236	6.21251E+6	
3.18397	6.2407E+6	3.18397	6.2407E+6	
3.18557	6.26644E+6	3.18557	6.26644E+6	
3.18717	6.28255E+6	3.18717	6.28255E+6	
3.18878	6.21732E+6	3.18878	6.21732E+6	
3.19038	6.20718E+6	3.19038	6.20718E+6	
3.19198	6.20261E+6	3.19198	6.20261E+6	
3.19359	6.18924E+6	3.19359	6.18924E+6	
3.19519	6.17331E+6	3.19519	6.17331E+6	
3.19679	6.16008E+6	3.19679	6.16008E+6	
3.1984	6.20275E+6	3.1984	6.20275E+6	
3.2	6.2155E+6	3.2	6.2155E+6	
