Temps - Tracé 0	Amplitude - Tracé 0	Temps - Tracé 1	Amplitude - Tracé 1	
0	1.41723E+6	0	1.40289E+6	
3E-6	1.40832E+6	3E-6	1.40885E+6	
6E-6	1.41004E+6	6E-6	1.4117E+6	
9E-6	1.41282E+6	9E-6	1.41784E+6	
1.2E-5	1.41412E+6	1.2E-5	1.42173E+6	
1.5E-5	1.40949E+6	1.5E-5	1.42459E+6	
1.8E-5	1.40681E+6	1.8E-5	1.42716E+6	
2.1E-5	1.41277E+6	2.1E-5	1.42422E+6	
2.4E-5	1.40877E+6	2.4E-5	1.43061E+6	
2.7E-5	1.40512E+6	2.7E-5	1.43168E+6	
3E-5	1.41134E+6	3E-5	1.42999E+6	
3.3E-5	1.41051E+6	3.3E-5	1.43656E+6	
3.6E-5	1.40922E+6	3.6E-5	1.43696E+6	
3.9E-5	1.40978E+6	3.9E-5	1.43745E+6	
4.2E-5	1.40864E+6	4.2E-5	1.43611E+6	
4.5E-5	1.4074E+6	4.5E-5	1.44143E+6	
4.8E-5	1.41071E+6	4.8E-5	1.43832E+6	
5.1E-5	1.40752E+6	5.1E-5	1.44682E+6	
5.4E-5	1.40434E+6	5.4E-5	1.44429E+6	
5.7E-5	1.40306E+6	5.7E-5	1.44324E+6	
6E-5	1.40631E+6	6E-5	1.44524E+6	
6.3E-5	1.4004E+6	6.3E-5	1.44619E+6	
6.6E-5	1.40584E+6	6.6E-5	1.44457E+6	
6.9E-5	1.40097E+6	6.9E-5	1.44717E+6	
7.2E-5	1.40268E+6	7.2E-5	1.44454E+6	
7.5E-5	1.40267E+6	7.5E-5	1.44691E+6	
7.8E-5	1.40363E+6	7.8E-5	1.44291E+6	
8.1E-5	1.4016E+6	8.1E-5	1.44432E+6	
8.4E-5	1.40509E+6	8.4E-5	1.44667E+6	
8.7E-5	1.40201E+6	8.7E-5	1.45087E+6	
9E-5	1.40456E+6	9E-5	1.4463E+6	
9.3E-5	1.4016E+6	9.3E-5	1.44602E+6	
9.6E-5	1.40516E+6	9.6E-5	1.4489E+6	
9.9E-5	1.40295E+6	9.9E-5	1.4476E+6	
0.000102	1.40462E+6	0.000102	1.44944E+6	
0.000105	1.40638E+6	0.000105	1.44806E+6	
0.000108	1.40353E+6	0.000108	1.45331E+6	
0.000111	1.40162E+6	0.000111	1.44755E+6	
0.000114	1.40619E+6	0.000114	1.45252E+6	
0.000117	1.40063E+6	0.000117	1.45432E+6	
0.00012	1.40244E+6	0.00012	1.45407E+6	
0.000123	1.40265E+6	0.000123	1.45155E+6	
0.000126	1.40662E+6	0.000126	1.45007E+6	
0.000129	1.40274E+6	0.000129	1.44747E+6	
0.000132	1.40046E+6	0.000132	1.4511E+6	
0.000135	1.40039E+6	0.000135	1.45399E+6	
0.000138	1.39982E+6	0.000138	1.45462E+6	
0.000141	1.40152E+6	0.000141	1.45474E+6	
0.000144	1.39914E+6	0.000144	1.45121E+6	
0.000147	1.40099E+6	0.000147	1.45228E+6	
0.00015	1.40077E+6	0.00015	1.45233E+6	
0.000153	1.40392E+6	0.000153	1.45143E+6	
0.000156	1.4011E+6	0.000156	1.45213E+6	
0.000159	1.39919E+6	0.000159	1.44908E+6	
0.000162	1.40171E+6	0.000162	1.45173E+6	
0.000165	1.4032E+6	0.000165	1.44987E+6	
0.000168	1.40396E+6	0.000168	1.44942E+6	
0.000171	1.40212E+6	0.000171	1.45641E+6	
0.000174	1.40088E+6	0.000174	1.44941E+6	
0.000177	1.40324E+6	0.000177	1.45084E+6	
0.00018	1.39937E+6	0.00018	1.45183E+6	
0.000183	1.40673E+6	0.000183	1.45423E+6	
0.000186	1.40453E+6	0.000186	1.45311E+6	
0.000189	1.39837E+6	0.000189	1.4531E+6	
0.000192	1.40048E+6	0.000192	1.45342E+6	
0.000195	1.40379E+6	0.000195	1.45248E+6	
0.000198	1.40014E+6	0.000198	1.45471E+6	
0.000201	1.40195E+6	0.000201	1.45209E+6	
0.000204	1.39878E+6	0.000204	1.45679E+6	
0.000207	1.39836E+6	0.000207	1.45208E+6	
0.00021	1.40295E+6	0.00021	1.45199E+6	
0.000213	1.39633E+6	0.000213	1.45445E+6	
0.000216	1.39908E+6	0.000216	1.45053E+6	
0.000219	1.39815E+6	0.000219	1.45488E+6	
0.000222	1.40112E+6	0.000222	1.45251E+6	
0.000225	1.39949E+6	0.000225	1.45346E+6	
0.000228	1.40018E+6	0.000228	1.45458E+6	
0.000231	1.4008E+6	0.000231	1.45672E+6	
0.000234	1.39962E+6	0.000234	1.45606E+6	
0.000237	1.4029E+6	0.000237	1.45377E+6	
0.00024	1.40192E+6	0.00024	1.45084E+6	
0.000243	1.40281E+6	0.000243	1.45376E+6	
0.000246	1.40129E+6	0.000246	1.4539E+6	
0.000249	1.39964E+6	0.000249	1.45492E+6	
0.000252	1.40047E+6	0.000252	1.45496E+6	
0.000255	1.39896E+6	0.000255	1.45273E+6	
0.000258	1.40447E+6	0.000258	1.45609E+6	
0.000261	1.39728E+6	0.000261	1.45571E+6	
0.000264	1.40344E+6	0.000264	1.45618E+6	
0.000267	1.39964E+6	0.000267	1.45367E+6	
0.00027	1.39982E+6	0.00027	1.45517E+6	
0.000273	1.3993E+6	0.000273	1.45532E+6	
0.000276	1.39983E+6	0.000276	1.45381E+6	
0.000279	1.39862E+6	0.000279	1.45531E+6	
0.000282	1.39632E+6	0.000282	1.45544E+6	
0.000285	1.4014E+6	0.000285	1.45084E+6	
0.000288	1.39698E+6	0.000288	1.45693E+6	
0.000291	1.39906E+6	0.000291	1.45711E+6	
0.000294	1.39726E+6	0.000294	1.45333E+6	
