2.9150E+00 	9.8154E-01 	
2.9151E+00 	9.8154E-01 	
2.9152E+00 	9.8152E-01 	
2.9154E+00 	9.8133E-01 	
2.9155E+00 	9.8113E-01 	
2.9156E+00 	9.8141E-01 	
2.9158E+00 	9.8129E-01 	
2.9159E+00 	9.8128E-01 	
2.9160E+00 	9.8142E-01 	
2.9161E+00 	9.8123E-01 	
2.9163E+00 	9.8151E-01 	
2.9164E+00 	9.8133E-01 	
2.9165E+00 	9.8154E-01 	
2.9166E+00 	9.8130E-01 	
2.9167E+00 	9.8104E-01 	
2.9169E+00 	9.8120E-01 	
2.9170E+00 	9.8129E-01 	
2.9171E+00 	9.8143E-01 	
2.9173E+00 	9.8168E-01 	
2.9174E+00 	9.8124E-01 	
2.9175E+00 	9.8125E-01 	
2.9176E+00 	9.8143E-01 	
2.9177E+00 	9.8134E-01 	
2.9179E+00 	9.8104E-01 	
2.9180E+00 	9.8117E-01 	
2.9181E+00 	9.8124E-01 	
2.9183E+00 	9.8108E-01 	
2.9184E+00 	9.8135E-01 	
2.9185E+00 	9.8115E-01 	
2.9186E+00 	9.8108E-01 	
2.9188E+00 	9.8086E-01 	
2.9189E+00 	9.8119E-01 	
2.9190E+00 	9.8085E-01 	
2.9191E+00 	9.8099E-01 	
2.9192E+00 	9.8113E-01 	
2.9194E+00 	9.8116E-01 	
2.9195E+00 	9.8108E-01 	
2.9196E+00 	9.8125E-01 	
2.9198E+00 	9.8089E-01 	
2.9199E+00 	9.8089E-01 	
2.9200E+00 	9.8091E-01 	
2.9201E+00 	9.8093E-01 	
2.9203E+00 	9.8084E-01 	
2.9204E+00 	9.8069E-01 	
2.9205E+00 	9.8075E-01 	
2.9206E+00 	9.8064E-01 	
2.9207E+00 	9.8051E-01 	
2.9209E+00 	9.8092E-01 	
2.9210E+00 	9.8101E-01 	
2.9211E+00 	9.8069E-01 	
2.9213E+00 	9.8073E-01 	
2.9214E+00 	9.8093E-01 	
2.9215E+00 	9.8062E-01 	
2.9216E+00 	9.8057E-01 	
2.9217E+00 	9.8056E-01 	
2.9219E+00 	9.8036E-01 	
2.9220E+00 	9.8064E-01 	
2.9221E+00 	9.8032E-01 	
2.9223E+00 	9.7995E-01 	
2.9224E+00 	9.8028E-01 	
2.9225E+00 	9.8044E-01 	
2.9226E+00 	9.8003E-01 	
2.9228E+00 	9.7983E-01 	
2.9229E+00 	9.7990E-01 	
2.9230E+00 	9.7998E-01 	
2.9231E+00 	9.8020E-01 	
2.9232E+00 	9.7966E-01 	
2.9234E+00 	9.7950E-01 	
2.9235E+00 	9.7969E-01 	
2.9236E+00 	9.7965E-01 	
2.9238E+00 	9.7959E-01 	
2.9239E+00 	9.7909E-01 	
2.9240E+00 	9.7943E-01 	
2.9241E+00 	9.7903E-01 	
2.9242E+00 	9.7937E-01 	
2.9244E+00 	9.7933E-01 	
2.9245E+00 	9.7882E-01 	
2.9246E+00 	9.7914E-01 	
2.9247E+00 	9.7882E-01 	
2.9249E+00 	9.7885E-01 	
2.9250E+00 	9.7889E-01 	
2.9251E+00 	9.7855E-01 	
2.9253E+00 	9.7862E-01 	
2.9254E+00 	9.7863E-01 	
2.9255E+00 	9.7870E-01 	
2.9256E+00 	9.7845E-01 	
2.9257E+00 	9.7879E-01 	
2.9259E+00 	9.7827E-01 	
2.9260E+00 	9.7820E-01 	
2.9261E+00 	9.7861E-01 	
2.9263E+00 	9.7866E-01 	
2.9264E+00 	9.7857E-01 	
2.9265E+00 	9.7847E-01 	
2.9266E+00 	9.7804E-01 	
2.9268E+00 	9.7872E-01 	
2.9269E+00 	9.7830E-01 	
2.9270E+00 	9.7840E-01 	
2.9271E+00 	9.7833E-01 	
2.9272E+00 	9.7851E-01 	
2.9274E+00 	9.7859E-01 	
2.9275E+00 	9.7857E-01 	
2.9276E+00 	9.7840E-01 	
2.9278E+00 	9.7845E-01 	
2.9279E+00 	9.7842E-01 	
2.9280E+00 	9.7853E-01 	
2.9281E+00 	9.7835E-01 	
2.9282E+00 	9.7842E-01 	
2.9284E+00 	9.7873E-01 	
2.9285E+00 	9.7869E-01 	
2.9286E+00 	9.7857E-01 	
2.9287E+00 	9.7852E-01 	
2.9289E+00 	9.7859E-01 	
2.9290E+00 	9.7865E-01 	
2.9291E+00 	9.7874E-01 	
2.9293E+00 	9.7891E-01 	
2.9294E+00 	9.7903E-01 	
2.9295E+00 	9.7870E-01 	
2.9296E+00 	9.7909E-01 	
2.9297E+00 	9.7925E-01 	
2.9299E+00 	9.7907E-01 	
2.9300E+00 	9.7934E-01 	
2.9301E+00 	9.7952E-01 	
2.9303E+00 	9.7939E-01 	
2.9304E+00 	9.7954E-01 	
2.9305E+00 	9.7935E-01 	
2.9306E+00 	9.7958E-01 	
2.9308E+00 	9.7981E-01 	
2.9309E+00 	9.7977E-01 	
2.9310E+00 	9.7981E-01 	
2.9311E+00 	9.7993E-01 	
2.9312E+00 	9.7973E-01 	
2.9314E+00 	9.7981E-01 	
2.9315E+00 	9.8026E-01 	
2.9316E+00 	9.8027E-01 	
2.9318E+00 	9.8029E-01 	
2.9319E+00 	9.8004E-01 	
2.9320E+00 	9.8024E-01 	
2.9321E+00 	9.8007E-01 	
2.9322E+00 	9.8046E-01 	
2.9324E+00 	9.8040E-01 	
2.9325E+00 	9.8031E-01 	
2.9326E+00 	9.8044E-01 	
2.9327E+00 	9.8046E-01 	
2.9329E+00 	9.8051E-01 	
2.9330E+00 	9.8083E-01 	
2.9331E+00 	9.8056E-01 	
2.9333E+00 	9.8060E-01 	
2.9334E+00 	9.8073E-01 	
2.9335E+00 	9.8047E-01 	
2.9336E+00 	9.8080E-01 	
2.9337E+00 	9.8076E-01 	
2.9339E+00 	9.8051E-01 	
2.9340E+00 	9.8087E-01 	
2.9341E+00 	9.8054E-01 	
2.9343E+00 	9.8091E-01 	
2.9344E+00 	9.8086E-01 	
2.9345E+00 	9.8065E-01 	
2.9346E+00 	9.8110E-01 	
2.9347E+00 	9.8081E-01 	
2.9349E+00 	9.8071E-01 	
2.9350E+00 	9.8085E-01 	
2.9351E+00 	9.8081E-01 	
2.9352E+00 	9.8093E-01 	
2.9354E+00 	9.8075E-01 	
2.9355E+00 	9.8094E-01 	
2.9356E+00 	9.8087E-01 	
2.9358E+00 	9.8111E-01 	
2.9359E+00 	9.8093E-01 	
2.9360E+00 	9.8099E-01 	
2.9361E+00 	9.8117E-01 	
2.9362E+00 	9.8099E-01 	
2.9364E+00 	9.8100E-01 	
2.9365E+00 	9.8088E-01 	
2.9366E+00 	9.8067E-01 	
2.9367E+00 	9.8104E-01 	
2.9369E+00 	9.8094E-01 	
2.9370E+00 	9.8127E-01 	
2.9371E+00 	9.8139E-01 	
2.9373E+00 	9.8102E-01 	
2.9374E+00 	9.8120E-01 	
2.9375E+00 	9.8092E-01 	
2.9376E+00 	9.8121E-01 	
2.9377E+00 	9.8066E-01 	
2.9379E+00 	9.8100E-01 	
2.9380E+00 	9.8111E-01 	
2.9381E+00 	9.8102E-01 	
2.9383E+00 	9.8111E-01 	
2.9384E+00 	9.8094E-01 	
2.9385E+00 	9.8100E-01 	
2.9386E+00 	9.8105E-01 	
2.9387E+00 	9.8104E-01 	
2.9389E+00 	9.8095E-01 	
2.9390E+00 	9.8115E-01 	
2.9391E+00 	9.8108E-01 	
2.9392E+00 	9.8107E-01 	
2.9394E+00 	9.8119E-01 	
2.9395E+00 	9.8130E-01 	
2.9396E+00 	9.8093E-01 	
2.9398E+00 	9.8143E-01 	
2.9399E+00 	9.8125E-01 	
