2.9900E+00 	-3.9018E-03 	
2.9900E+00 	-3.9071E-03 	
2.9901E+00 	-3.8539E-03 	
2.9901E+00 	-3.8325E-03 	
2.9902E+00 	-3.8835E-03 	
2.9902E+00 	-3.8831E-03 	
2.9902E+00 	-3.8018E-03 	
2.9903E+00 	-3.7988E-03 	
2.9903E+00 	-3.8472E-03 	
2.9904E+00 	-3.8682E-03 	
2.9904E+00 	-3.8393E-03 	
2.9904E+00 	-3.8063E-03 	
2.9905E+00 	-3.8656E-03 	
2.9905E+00 	-3.8621E-03 	
2.9906E+00 	-3.8298E-03 	
2.9906E+00 	-3.8302E-03 	
2.9906E+00 	-3.8616E-03 	
2.9907E+00 	-3.8750E-03 	
2.9907E+00 	-3.8358E-03 	
2.9908E+00 	-3.8382E-03 	
2.9908E+00 	-3.8575E-03 	
2.9908E+00 	-3.8483E-03 	
2.9909E+00 	-3.7946E-03 	
2.9909E+00 	-3.7772E-03 	
2.9910E+00 	-3.8257E-03 	
2.9910E+00 	-3.8278E-03 	
2.9910E+00 	-3.8176E-03 	
2.9911E+00 	-3.8212E-03 	
2.9911E+00 	-3.8565E-03 	
2.9912E+00 	-3.8432E-03 	
2.9912E+00 	-3.8147E-03 	
2.9912E+00 	-3.8253E-03 	
2.9913E+00 	-3.8590E-03 	
2.9913E+00 	-3.8524E-03 	
2.9914E+00 	-3.8155E-03 	
2.9914E+00 	-3.8026E-03 	
2.9914E+00 	-3.8386E-03 	
2.9915E+00 	-3.8545E-03 	
2.9915E+00 	-3.8107E-03 	
2.9916E+00 	-3.7864E-03 	
2.9916E+00 	-3.8290E-03 	
2.9916E+00 	-3.8558E-03 	
2.9917E+00 	-3.7932E-03 	
2.9917E+00 	-3.7625E-03 	
2.9918E+00 	-3.8204E-03 	
2.9918E+00 	-3.8586E-03 	
2.9918E+00 	-3.7767E-03 	
2.9919E+00 	-3.7959E-03 	
2.9919E+00 	-3.8525E-03 	
2.9920E+00 	-3.8736E-03 	
2.9920E+00 	-3.8440E-03 	
2.9920E+00 	-3.7984E-03 	
2.9921E+00 	-3.8082E-03 	
2.9921E+00 	-3.8353E-03 	
2.9922E+00 	-3.8257E-03 	
2.9922E+00 	-3.7749E-03 	
2.9922E+00 	-3.8072E-03 	
2.9923E+00 	-3.8322E-03 	
2.9923E+00 	-3.7958E-03 	
2.9924E+00 	-3.7743E-03 	
2.9924E+00 	-3.8192E-03 	
2.9924E+00 	-3.8135E-03 	
2.9925E+00 	-3.7670E-03 	
2.9925E+00 	-3.7622E-03 	
2.9926E+00 	-3.8008E-03 	
2.9926E+00 	-3.8346E-03 	
2.9926E+00 	-3.7872E-03 	
2.9927E+00 	-3.7911E-03 	
2.9927E+00 	-3.8077E-03 	
2.9928E+00 	-3.8189E-03 	
2.9928E+00 	-3.7880E-03 	
2.9928E+00 	-3.7752E-03 	
2.9929E+00 	-3.8134E-03 	
2.9929E+00 	-3.8342E-03 	
2.9930E+00 	-3.7913E-03 	
2.9930E+00 	-3.7716E-03 	
2.9930E+00 	-3.8096E-03 	
2.9931E+00 	-3.8365E-03 	
2.9931E+00 	-3.8136E-03 	
2.9932E+00 	-3.8010E-03 	
2.9932E+00 	-3.8246E-03 	
2.9932E+00 	-3.8491E-03 	
2.9933E+00 	-3.8176E-03 	
2.9933E+00 	-3.7953E-03 	
2.9934E+00 	-3.8143E-03 	
2.9934E+00 	-3.8310E-03 	
2.9934E+00 	-3.8167E-03 	
2.9935E+00 	-3.7881E-03 	
2.9935E+00 	-3.8286E-03 	
2.9936E+00 	-3.8424E-03 	
2.9936E+00 	-3.8199E-03 	
2.9936E+00 	-3.7927E-03 	
2.9937E+00 	-3.8102E-03 	
2.9937E+00 	-3.8297E-03 	
2.9938E+00 	-3.8171E-03 	
2.9938E+00 	-3.7968E-03 	
2.9938E+00 	-3.8228E-03 	
2.9939E+00 	-3.8330E-03 	
2.9939E+00 	-3.7998E-03 	
2.9940E+00 	-3.7801E-03 	
2.9940E+00 	-3.8054E-03 	
2.9940E+00 	-3.8394E-03 	
2.9941E+00 	-3.7887E-03 	
2.9941E+00 	-3.7666E-03 	
2.9942E+00 	-3.7939E-03 	
2.9942E+00 	-3.8218E-03 	
2.9942E+00 	-3.7728E-03 	
2.9943E+00 	-3.7859E-03 	
2.9943E+00 	-3.8076E-03 	
2.9944E+00 	-3.8178E-03 	
2.9944E+00 	-3.7717E-03 	
2.9944E+00 	-3.7596E-03 	
2.9945E+00 	-3.7982E-03 	
2.9945E+00 	-3.8399E-03 	
2.9946E+00 	-3.7875E-03 	
2.9946E+00 	-3.7577E-03 	
2.9946E+00 	-3.7538E-03 	
2.9947E+00 	-3.7681E-03 	
2.9947E+00 	-3.7367E-03 	
2.9948E+00 	-3.7308E-03 	
2.9948E+00 	-3.7723E-03 	
2.9948E+00 	-3.7658E-03 	
2.9949E+00 	-3.7195E-03 	
2.9949E+00 	-3.7144E-03 	
2.9950E+00 	-3.7382E-03 	
2.9950E+00 	-3.7332E-03 	
2.9950E+00 	-3.7032E-03 	
2.9951E+00 	-3.6579E-03 	
2.9951E+00 	-3.6931E-03 	
2.9952E+00 	-3.7489E-03 	
2.9952E+00 	-3.7210E-03 	
2.9952E+00 	-3.7052E-03 	
2.9953E+00 	-3.7304E-03 	
2.9953E+00 	-3.7243E-03 	
2.9954E+00 	-3.6805E-03 	
2.9954E+00 	-3.6455E-03 	
2.9954E+00 	-3.7057E-03 	
2.9955E+00 	-3.7152E-03 	
2.9955E+00 	-3.6385E-03 	
2.9956E+00 	-3.6151E-03 	
2.9956E+00 	-3.5994E-03 	
2.9956E+00 	-3.6320E-03 	
2.9957E+00 	-3.5963E-03 	
2.9957E+00 	-3.5673E-03 	
2.9958E+00 	-3.5686E-03 	
2.9958E+00 	-3.5557E-03 	
2.9958E+00 	-3.5179E-03 	
2.9959E+00 	-3.4770E-03 	
2.9959E+00 	-3.4559E-03 	
2.9960E+00 	-3.4338E-03 	
2.9960E+00 	-3.3721E-03 	
2.9960E+00 	-3.3429E-03 	
2.9961E+00 	-3.3764E-03 	
2.9961E+00 	-3.3844E-03 	
2.9962E+00 	-3.3624E-03 	
2.9962E+00 	-3.3450E-03 	
2.9962E+00 	-3.3688E-03 	
2.9963E+00 	-3.4123E-03 	
2.9963E+00 	-3.4251E-03 	
2.9964E+00 	-3.4451E-03 	
2.9964E+00 	-3.5087E-03 	
2.9964E+00 	-3.5191E-03 	
2.9965E+00 	-3.5079E-03 	
2.9965E+00 	-3.5153E-03 	
2.9966E+00 	-3.5631E-03 	
2.9966E+00 	-3.5816E-03 	
2.9966E+00 	-3.5933E-03 	
2.9967E+00 	-3.5607E-03 	
2.9967E+00 	-3.5978E-03 	
2.9968E+00 	-3.6184E-03 	
2.9968E+00 	-3.5983E-03 	
2.9968E+00 	-3.5812E-03 	
2.9969E+00 	-3.6132E-03 	
2.9969E+00 	-3.6381E-03 	
2.9970E+00 	-3.6038E-03 	
2.9970E+00 	-3.6004E-03 	
2.9970E+00 	-3.6413E-03 	
2.9971E+00 	-3.7122E-03 	
2.9971E+00 	-3.6433E-03 	
2.9972E+00 	-3.6003E-03 	
2.9972E+00 	-3.6121E-03 	
2.9972E+00 	-3.6506E-03 	
2.9973E+00 	-3.6477E-03 	
2.9973E+00 	-3.6238E-03 	
2.9974E+00 	-3.6632E-03 	
2.9974E+00 	-3.6746E-03 	
2.9974E+00 	-3.6454E-03 	
2.9975E+00 	-3.6180E-03 	
2.9975E+00 	-3.6500E-03 	
2.9976E+00 	-3.6628E-03 	
2.9976E+00 	-3.6362E-03 	
2.9976E+00 	-3.5917E-03 	
2.9977E+00 	-3.6085E-03 	
2.9977E+00 	-3.5987E-03 	
2.9978E+00 	-3.5656E-03 	
2.9978E+00 	-3.5437E-03 	
2.9978E+00 	-3.5491E-03 	
2.9979E+00 	-3.5641E-03 	
2.9979E+00 	-3.5288E-03 	
2.9980E+00 	-3.4731E-03 	
2.9980E+00 	-3.4715E-03 	
2.9980E+00 	-3.4574E-03 	
2.9981E+00 	-3.3999E-03 	
2.9981E+00 	-3.3654E-03 	
2.9982E+00 	-3.3399E-03 	
2.9982E+00 	-3.3497E-03 	
2.9982E+00 	-3.3311E-03 	
2.9983E+00 	-3.3127E-03 	
2.9983E+00 	-3.3371E-03 	
2.9984E+00 	-3.3871E-03 	
2.9984E+00 	-3.3662E-03 	
2.9984E+00 	-3.3664E-03 	
2.9985E+00 	-3.4285E-03 	
2.9985E+00 	-3.4641E-03 	
2.9986E+00 	-3.4653E-03 	
2.9986E+00 	-3.4797E-03 	
2.9986E+00 	-3.5164E-03 	
2.9987E+00 	-3.5762E-03 	
2.9987E+00 	-3.5844E-03 	
2.9988E+00 	-3.5864E-03 	
2.9988E+00 	-3.5923E-03 	
2.9988E+00 	-3.6306E-03 	
2.9989E+00 	-3.6137E-03 	
2.9989E+00 	-3.6100E-03 	
2.9990E+00 	-3.6223E-03 	
2.9990E+00 	-3.6529E-03 	
2.9990E+00 	-3.6508E-03 	
2.9991E+00 	-3.6457E-03 	
2.9991E+00 	-3.6629E-03 	
2.9992E+00 	-3.6959E-03 	
2.9992E+00 	-3.6704E-03 	
2.9992E+00 	-3.6530E-03 	
2.9993E+00 	-3.6452E-03 	
2.9993E+00 	-3.6690E-03 	
2.9994E+00 	-3.6411E-03 	
2.9994E+00 	-3.6166E-03 	
2.9994E+00 	-3.6526E-03 	
2.9995E+00 	-3.7049E-03 	
2.9995E+00 	-3.6938E-03 	
2.9996E+00 	-3.6788E-03 	
2.9996E+00 	-3.6648E-03 	
2.9996E+00 	-3.7008E-03 	
2.9997E+00 	-3.6604E-03 	
2.9997E+00 	-3.6114E-03 	
2.9998E+00 	-3.6197E-03 	
2.9998E+00 	-3.6913E-03 	
2.9998E+00 	-3.6707E-03 	
2.9999E+00 	-3.6376E-03 	
2.9999E+00 	-3.6070E-03 	
3.0000E+00 	-3.6343E-03 	
3.0000E+00 	-3.6034E-03 	
3.0000E+00 	-3.5690E-03 	
3.0001E+00 	-3.5797E-03 	
3.0001E+00 	-3.5793E-03 	
3.0002E+00 	-3.4788E-03 	
3.0002E+00 	-3.4727E-03 	
3.0002E+00 	-3.4812E-03 	
3.0003E+00 	-3.4807E-03 	
3.0003E+00 	-3.4460E-03 	
3.0004E+00 	-3.4158E-03 	
3.0004E+00 	-3.4381E-03 	
3.0004E+00 	-3.4886E-03 	
3.0005E+00 	-3.4845E-03 	
3.0005E+00 	-3.4503E-03 	
3.0006E+00 	-3.4933E-03 	
3.0006E+00 	-3.4982E-03 	
3.0006E+00 	-3.5214E-03 	
3.0007E+00 	-3.5021E-03 	
3.0007E+00 	-3.5310E-03 	
3.0008E+00 	-3.5993E-03 	
3.0008E+00 	-3.6276E-03 	
3.0008E+00 	-3.6173E-03 	
3.0009E+00 	-3.6857E-03 	
3.0009E+00 	-3.7000E-03 	
3.0010E+00 	-3.6910E-03 	
3.0010E+00 	-3.6604E-03 	
3.0010E+00 	-3.6848E-03 	
3.0011E+00 	-3.7388E-03 	
3.0011E+00 	-3.7799E-03 	
3.0012E+00 	-3.7631E-03 	
3.0012E+00 	-3.7519E-03 	
3.0012E+00 	-3.7709E-03 	
3.0013E+00 	-3.7638E-03 	
3.0013E+00 	-3.7290E-03 	
3.0014E+00 	-3.7503E-03 	
3.0014E+00 	-3.7945E-03 	
3.0014E+00 	-3.7710E-03 	
3.0015E+00 	-3.7617E-03 	
3.0015E+00 	-3.7814E-03 	
3.0016E+00 	-3.8125E-03 	
3.0016E+00 	-3.7934E-03 	
3.0016E+00 	-3.7592E-03 	
3.0017E+00 	-3.7797E-03 	
3.0017E+00 	-3.8129E-03 	
3.0018E+00 	-3.7666E-03 	
3.0018E+00 	-3.7738E-03 	
3.0018E+00 	-3.7876E-03 	
3.0019E+00 	-3.8278E-03 	
3.0019E+00 	-3.8093E-03 	
3.0020E+00 	-3.7894E-03 	
3.0020E+00 	-3.8058E-03 	
3.0020E+00 	-3.8278E-03 	
3.0021E+00 	-3.7977E-03 	
3.0021E+00 	-3.7434E-03 	
3.0022E+00 	-3.8028E-03 	
3.0022E+00 	-3.8387E-03 	
3.0022E+00 	-3.8119E-03 	
3.0023E+00 	-3.7706E-03 	
3.0023E+00 	-3.7791E-03 	
3.0024E+00 	-3.8032E-03 	
3.0024E+00 	-3.7985E-03 	
3.0024E+00 	-3.7592E-03 	
3.0025E+00 	-3.7947E-03 	
3.0025E+00 	-3.8251E-03 	
3.0026E+00 	-3.8203E-03 	
3.0026E+00 	-3.7933E-03 	
3.0026E+00 	-3.8060E-03 	
3.0027E+00 	-3.8448E-03 	
3.0027E+00 	-3.8106E-03 	
3.0028E+00 	-3.7854E-03 	
3.0028E+00 	-3.7950E-03 	
3.0028E+00 	-3.8173E-03 	
3.0029E+00 	-3.7946E-03 	
3.0029E+00 	-3.7790E-03 	
3.0030E+00 	-3.7973E-03 	
3.0030E+00 	-3.8298E-03 	
3.0030E+00 	-3.8091E-03 	
3.0031E+00 	-3.7895E-03 	
3.0031E+00 	-3.7990E-03 	
3.0032E+00 	-3.8452E-03 	
3.0032E+00 	-3.8124E-03 	
3.0032E+00 	-3.7706E-03 	
3.0033E+00 	-3.7970E-03 	
3.0033E+00 	-3.8648E-03 	
3.0034E+00 	-3.8520E-03 	
3.0034E+00 	-3.7740E-03 	
3.0034E+00 	-3.7837E-03 	
3.0035E+00 	-3.8415E-03 	
3.0035E+00 	-3.8314E-03 	
3.0036E+00 	-3.7798E-03 	
3.0036E+00 	-3.7940E-03 	
3.0036E+00 	-3.8303E-03 	
3.0037E+00 	-3.8347E-03 	
3.0037E+00 	-3.8014E-03 	
3.0038E+00 	-3.8068E-03 	
3.0038E+00 	-3.8123E-03 	
3.0038E+00 	-3.8229E-03 	
3.0039E+00 	-3.7765E-03 	
3.0039E+00 	-3.8149E-03 	
3.0040E+00 	-3.8340E-03 	
3.0040E+00 	-3.8352E-03 	
3.0040E+00 	-3.7876E-03 	
3.0041E+00 	-3.7852E-03 	
3.0041E+00 	-3.8477E-03 	
3.0042E+00 	-3.8477E-03 	
3.0042E+00 	-3.8122E-03 	
3.0042E+00 	-3.8105E-03 	
3.0043E+00 	-3.8354E-03 	
3.0043E+00 	-3.8393E-03 	
3.0044E+00 	-3.8044E-03 	
3.0044E+00 	-3.8243E-03 	
3.0044E+00 	-3.8492E-03 	
3.0045E+00 	-3.8387E-03 	
3.0045E+00 	-3.8152E-03 	
3.0046E+00 	-3.8016E-03 	
3.0046E+00 	-3.8309E-03 	
3.0046E+00 	-3.8190E-03 	
3.0047E+00 	-3.7860E-03 	
3.0047E+00 	-3.8111E-03 	
3.0048E+00 	-3.8521E-03 	
3.0048E+00 	-3.8264E-03 	
3.0048E+00 	-3.8011E-03 	
3.0049E+00 	-3.7987E-03 	
3.0049E+00 	-3.8368E-03 	
3.0050E+00 	-3.8369E-03 	
3.0050E+00 	-3.8221E-03 	
3.0050E+00 	-3.8241E-03 	
3.0051E+00 	-3.8620E-03 	
3.0051E+00 	-3.8303E-03 	
3.0052E+00 	-3.7980E-03 	
3.0052E+00 	-3.8060E-03 	
3.0052E+00 	-3.8423E-03 	
3.0053E+00 	-3.8319E-03 	
3.0053E+00 	-3.8175E-03 	
3.0054E+00 	-3.8115E-03 	
3.0054E+00 	-3.8080E-03 	
3.0054E+00 	-3.8079E-03 	
3.0055E+00 	-3.7677E-03 	
3.0055E+00 	-3.8088E-03 	
3.0056E+00 	-3.8634E-03 	
3.0056E+00 	-3.8551E-03 	
3.0056E+00 	-3.7810E-03 	
3.0057E+00 	-3.8058E-03 	
3.0057E+00 	-3.8486E-03 	
3.0058E+00 	-3.8374E-03 	
3.0058E+00 	-3.8160E-03 	
3.0058E+00 	-3.7990E-03 	
3.0059E+00 	-3.8178E-03 	
3.0059E+00 	-3.8107E-03 	
3.0060E+00 	-3.7946E-03 	
3.0060E+00 	-3.8074E-03 	
3.0060E+00 	-3.8075E-03 	
3.0061E+00 	-3.8080E-03 	
3.0061E+00 	-3.7862E-03 	
3.0062E+00 	-3.7864E-03 	
3.0062E+00 	-3.8510E-03 	
3.0062E+00 	-3.8118E-03 	
3.0063E+00 	-3.7915E-03 	
3.0063E+00 	-3.7978E-03 	
3.0064E+00 	-3.8228E-03 	
3.0064E+00 	-3.8230E-03 	
3.0064E+00 	-3.8020E-03 	
3.0065E+00 	-3.8105E-03 	
3.0065E+00 	-3.8534E-03 	
3.0066E+00 	-3.8210E-03 	
3.0066E+00 	-3.8072E-03 	
3.0066E+00 	-3.8291E-03 	
3.0067E+00 	-3.8637E-03 	
3.0067E+00 	-3.8349E-03 	
3.0068E+00 	-3.7946E-03 	
3.0068E+00 	-3.8001E-03 	
3.0068E+00 	-3.8518E-03 	
3.0069E+00 	-3.8414E-03 	
3.0069E+00 	-3.8072E-03 	
3.0070E+00 	-3.7982E-03 	
3.0070E+00 	-3.8530E-03 	
3.0070E+00 	-3.8230E-03 	
3.0071E+00 	-3.8026E-03 	
3.0071E+00 	-3.8046E-03 	
3.0072E+00 	-3.8467E-03 	
3.0072E+00 	-3.8377E-03 	
3.0072E+00 	-3.7938E-03 	
3.0073E+00 	-3.8098E-03 	
3.0073E+00 	-3.8488E-03 	
3.0074E+00 	-3.8192E-03 	
3.0074E+00 	-3.7709E-03 	
3.0074E+00 	-3.7836E-03 	
3.0075E+00 	-3.8065E-03 	
3.0075E+00 	-3.8086E-03 	
3.0076E+00 	-3.8086E-03 	
3.0076E+00 	-3.8157E-03 	
3.0076E+00 	-3.8159E-03 	
3.0077E+00 	-3.8402E-03 	
3.0077E+00 	-3.8147E-03 	
3.0078E+00 	-3.8012E-03 	
3.0078E+00 	-3.8265E-03 	
3.0078E+00 	-3.8230E-03 	
3.0079E+00 	-3.7691E-03 	
3.0079E+00 	-3.7936E-03 	
3.0080E+00 	-3.8179E-03 	
3.0080E+00 	-3.8098E-03 	
3.0080E+00 	-3.7811E-03 	
3.0081E+00 	-3.8079E-03 	
3.0081E+00 	-3.8402E-03 	
3.0082E+00 	-3.8400E-03 	
3.0082E+00 	-3.8053E-03 	
3.0082E+00 	-3.8146E-03 	
3.0083E+00 	-3.8311E-03 	
3.0083E+00 	-3.8314E-03 	
3.0084E+00 	-3.8248E-03 	
3.0084E+00 	-3.8298E-03 	
3.0084E+00 	-3.8560E-03 	
3.0085E+00 	-3.8492E-03 	
3.0085E+00 	-3.8078E-03 	
3.0086E+00 	-3.7918E-03 	
3.0086E+00 	-3.8422E-03 	
3.0086E+00 	-3.8520E-03 	
3.0087E+00 	-3.8018E-03 	
3.0087E+00 	-3.8068E-03 	
3.0088E+00 	-3.8055E-03 	
3.0088E+00 	-3.8191E-03 	
3.0088E+00 	-3.8227E-03 	
3.0089E+00 	-3.8045E-03 	
3.0089E+00 	-3.8382E-03 	
3.0090E+00 	-3.8410E-03 	
3.0090E+00 	-3.7946E-03 	
3.0090E+00 	-3.7904E-03 	
3.0091E+00 	-3.8244E-03 	
3.0091E+00 	-3.8445E-03 	
3.0092E+00 	-3.7781E-03 	
3.0092E+00 	-3.8001E-03 	
3.0092E+00 	-3.8353E-03 	
3.0093E+00 	-3.8506E-03 	
3.0093E+00 	-3.8335E-03 	
3.0094E+00 	-3.8111E-03 	
3.0094E+00 	-3.8349E-03 	
3.0094E+00 	-3.8410E-03 	
3.0095E+00 	-3.8023E-03 	
3.0095E+00 	-3.7963E-03 	
3.0096E+00 	-3.8410E-03 	
3.0096E+00 	-3.8496E-03 	
3.0096E+00 	-3.8077E-03 	
3.0097E+00 	-3.7772E-03 	
3.0097E+00 	-3.8239E-03 	
3.0098E+00 	-3.8264E-03 	
3.0098E+00 	-3.7826E-03 	
3.0098E+00 	-3.7901E-03 	
3.0099E+00 	-3.8304E-03 	
3.0099E+00 	-3.8468E-03 	
3.0100E+00 	-3.8182E-03 	
3.0100E+00 	-3.8302E-03 	
