2.3983E+00 	7.4687E+06 	0.0000E+00 	-1.2645E-04 	
2.3633E+00 	7.4681E+06 	1.0010E-03 	2.0454E-02 	
2.3387E+00 	7.4672E+06 	2.0020E-03 	3.5601E-02 	
2.3198E+00 	7.4693E+06 	3.0030E-03 	4.7619E-02 	
2.3098E+00 	7.4701E+06 	4.0040E-03 	6.5071E-02 	
2.2963E+00 	7.4701E+06 	5.0050E-03 	8.0712E-02 	
2.2884E+00 	7.4705E+06 	6.0060E-03 	9.0591E-02 	
2.2760E+00 	7.4736E+06 	7.0070E-03 	1.0459E-01 	
2.2681E+00 	7.4732E+06 	8.0080E-03 	1.1298E-01 	
2.2549E+00 	7.4758E+06 	9.0090E-03 	1.2549E-01 	
2.2433E+00 	7.4756E+06 	1.0010E-02 	1.3784E-01 	
2.2354E+00 	7.4774E+06 	1.1011E-02 	1.4591E-01 	
2.2227E+00 	7.4774E+06 	1.2012E-02 	1.5776E-01 	
2.2093E+00 	7.4799E+06 	1.3013E-02 	1.6501E-01 	
2.2024E+00 	7.4796E+06 	1.4014E-02 	1.7752E-01 	
2.1899E+00 	7.4788E+06 	1.5015E-02 	1.9053E-01 	
2.1817E+00 	7.4822E+06 	1.6016E-02 	1.9596E-01 	
2.1705E+00 	7.4833E+06 	1.7017E-02 	2.0880E-01 	
2.1626E+00 	7.4838E+06 	1.8018E-02 	2.1539E-01 	
2.1507E+00 	7.4860E+06 	1.9019E-02 	2.2724E-01 	
2.1395E+00 	7.4883E+06 	2.0020E-02 	2.3926E-01 	
2.1318E+00 	7.4893E+06 	2.1021E-02 	2.4667E-01 	
2.1188E+00 	7.4902E+06 	2.2022E-02 	2.5754E-01 	
2.1069E+00 	7.4921E+06 	2.3023E-02 	2.6626E-01 	
2.0995E+00 	7.4940E+06 	2.4024E-02 	2.7746E-01 	
2.0875E+00 	7.4960E+06 	2.5025E-02 	2.8948E-01 	
2.0794E+00 	7.4962E+06 	2.6026E-02 	2.9672E-01 	
2.0689E+00 	7.4976E+06 	2.7027E-02 	3.0857E-01 	
2.0569E+00 	7.4982E+06 	2.8028E-02 	3.1598E-01 	
2.0491E+00 	7.5024E+06 	2.9029E-02 	3.2734E-01 	
2.0356E+00 	7.5027E+06 	3.0030E-02 	3.4084E-01 	
2.0286E+00 	7.5038E+06 	3.1031E-02 	3.4743E-01 	
2.0177E+00 	7.5045E+06 	3.2032E-02 	3.5895E-01 	
2.0054E+00 	7.5065E+06 	3.3033E-02 	3.6620E-01 	
1.9981E+00 	7.5089E+06 	3.4034E-02 	3.7805E-01 	
1.9856E+00 	7.5110E+06 	3.5035E-02 	3.9007E-01 	
1.9797E+00 	7.5122E+06 	3.6036E-02 	3.9666E-01 	
1.9672E+00 	7.5147E+06 	3.7037E-02 	4.0884E-01 	
1.9550E+00 	7.5150E+06 	3.8038E-02 	4.1641E-01 	
1.9467E+00 	7.5183E+06 	3.9039E-02 	4.2810E-01 	
1.9360E+00 	7.5193E+06 	4.0040E-02 	4.3996E-01 	
1.9286E+00 	7.5197E+06 	4.1041E-02 	4.4671E-01 	
1.9166E+00 	7.5226E+06 	4.2042E-02 	4.5873E-01 	
1.9053E+00 	7.5228E+06 	4.3043E-02 	4.6630E-01 	
1.8990E+00 	7.5265E+06 	4.4044E-02 	4.7733E-01 	
1.8852E+00 	7.5280E+06 	4.5045E-02 	4.8968E-01 	
1.8794E+00 	7.5305E+06 	4.6046E-02 	4.9725E-01 	
1.8671E+00 	7.5303E+06 	4.7047E-02 	5.0795E-01 	
1.8547E+00 	7.5324E+06 	4.8048E-02 	5.1553E-01 	
1.8466E+00 	7.5359E+06 	4.9049E-02 	5.2755E-01 	
1.8361E+00 	7.5374E+06 	5.0050E-02 	5.3957E-01 	
1.8284E+00 	7.5382E+06 	5.1051E-02 	5.4681E-01 	
1.8167E+00 	7.5385E+06 	5.2052E-02 	5.5850E-01 	
1.8045E+00 	7.5414E+06 	5.3053E-02 	5.6591E-01 	
1.7972E+00 	7.5419E+06 	5.4054E-02 	5.7793E-01 	
1.7857E+00 	7.5439E+06 	5.5055E-02 	5.9044E-01 	
1.7788E+00 	7.5444E+06 	5.6056E-02 	5.9719E-01 	
1.7666E+00 	7.5478E+06 	5.7057E-02 	6.0822E-01 	
1.7546E+00 	7.5492E+06 	5.8058E-02 	6.1596E-01 	
1.7474E+00 	7.5522E+06 	5.9059E-02 	6.2682E-01 	
1.7348E+00 	7.5516E+06 	6.0060E-02 	6.4016E-01 	
1.7274E+00 	7.5551E+06 	6.1061E-02 	6.4642E-01 	
1.7158E+00 	7.5570E+06 	6.2062E-02 	6.5909E-01 	
1.7050E+00 	7.5589E+06 	6.3063E-02 	6.6617E-01 	
1.6963E+00 	7.5616E+06 	6.4064E-02 	6.7704E-01 	
1.6843E+00 	7.5635E+06 	6.5065E-02 	6.8988E-01 	
1.6776E+00 	7.5675E+06 	6.6066E-02 	6.9663E-01 	
1.6673E+00 	7.5688E+06 	6.7067E-02 	7.0898E-01 	
1.6530E+00 	7.5710E+06 	6.8068E-02 	7.1639E-01 	
1.6464E+00 	7.5740E+06 	6.9069E-02 	7.2791E-01 	
1.6347E+00 	7.5742E+06 	7.0070E-02 	7.4010E-01 	
1.6288E+00 	7.5780E+06 	7.1071E-02 	7.4652E-01 	
1.6166E+00 	7.5813E+06 	7.2072E-02 	7.5821E-01 	
1.6036E+00 	7.5824E+06 	7.3073E-02 	7.6627E-01 	
1.5984E+00 	7.5838E+06 	7.4074E-02 	7.7763E-01 	
1.5850E+00 	7.5852E+06 	7.5075E-02 	7.8982E-01 	
1.5779E+00 	7.5870E+06 	7.6076E-02 	7.9739E-01 	
1.5664E+00 	7.5907E+06 	7.7077E-02 	8.0842E-01 	
1.5544E+00 	7.5915E+06 	7.8078E-02 	8.1534E-01 	
1.5481E+00 	7.5943E+06 	7.9079E-02 	8.2785E-01 	
1.5355E+00 	7.5974E+06 	8.0080E-02 	8.3970E-01 	
1.5276E+00 	7.5990E+06 	8.1081E-02 	8.4728E-01 	
1.5164E+00 	7.6005E+06 	8.2082E-02 	8.5864E-01 	
1.5048E+00 	7.6031E+06 	8.3083E-02 	8.6605E-01 	
1.4976E+00 	7.6029E+06 	8.4084E-02 	8.7889E-01 	
1.4853E+00 	7.6069E+06 	8.5085E-02 	8.8877E-01 	
1.4778E+00 	7.6087E+06 	8.6086E-02 	8.9683E-01 	
1.4675E+00 	7.6134E+06 	8.7087E-02 	9.0902E-01 	
1.4555E+00 	7.6131E+06 	8.8088E-02 	9.1610E-01 	
1.4477E+00 	7.6179E+06 	8.9089E-02 	9.2746E-01 	
1.4360E+00 	7.6173E+06 	9.0090E-02 	9.3997E-01 	
1.4280E+00 	7.6204E+06 	9.1091E-02 	9.4672E-01 	
1.4166E+00 	7.6216E+06 	9.2092E-02 	9.5907E-01 	
1.4043E+00 	7.6252E+06 	9.3093E-02 	9.6582E-01 	
1.3977E+00 	7.6263E+06 	9.4094E-02 	9.7817E-01 	
1.3858E+00 	7.6294E+06 	9.5095E-02 	9.9002E-01 	
1.3777E+00 	7.6314E+06 	9.6096E-02 	9.9710E-01 	
1.3667E+00 	7.6329E+06 	9.7097E-02 	1.0093E+00 	
1.3552E+00 	7.6361E+06 	9.8098E-02 	1.0211E+00 	
1.3461E+00 	7.6381E+06 	9.9099E-02 	1.0257E+00 	
1.3353E+00 	7.6402E+06 	1.0010E-01 	1.0389E+00 	
1.3284E+00 	7.6414E+06 	1.0110E-01 	1.0463E+00 	
1.3167E+00 	7.6434E+06 	1.0210E-01 	1.0583E+00 	
1.3046E+00 	7.6467E+06 	1.0310E-01 	1.0664E+00 	
1.2977E+00 	7.6486E+06 	1.0410E-01 	1.0771E+00 	
1.2855E+00 	7.6513E+06 	1.0511E-01 	1.0903E+00 	
1.2781E+00 	7.6534E+06 	1.0611E-01 	1.0975E+00 	
1.2671E+00 	7.6553E+06 	1.0711E-01 	1.1092E+00 	
1.2549E+00 	7.6575E+06 	1.0811E-01 	1.1212E+00 	
1.2478E+00 	7.6607E+06 	1.0911E-01 	1.1270E+00 	
1.2363E+00 	7.6620E+06 	1.1011E-01 	1.1387E+00 	
1.2281E+00 	7.6642E+06 	1.1111E-01 	1.1459E+00 	
1.2167E+00 	7.6655E+06 	1.1211E-01 	1.1583E+00 	
1.2055E+00 	7.6666E+06 	1.1311E-01 	1.1652E+00 	
1.1988E+00 	7.6711E+06 	1.1411E-01 	1.1774E+00 	
1.1863E+00 	7.6723E+06 	1.1512E-01 	1.1899E+00 	
1.1741E+00 	7.6742E+06 	1.1612E-01 	1.1971E+00 	
1.1682E+00 	7.6762E+06 	1.1712E-01 	1.2080E+00 	
1.1555E+00 	7.6770E+06 	1.1812E-01 	1.2199E+00 	
1.1482E+00 	7.6797E+06 	1.1912E-01 	1.2271E+00 	
1.1359E+00 	7.6832E+06 	1.2012E-01 	1.2406E+00 	
1.1285E+00 	7.6843E+06 	1.2112E-01 	1.2474E+00 	
1.1171E+00 	7.6875E+06 	1.2212E-01 	1.2602E+00 	
1.1058E+00 	7.6898E+06 	1.2312E-01 	1.2663E+00 	
1.0993E+00 	7.6910E+06 	1.2412E-01 	1.2780E+00 	
1.0858E+00 	7.6935E+06 	1.2513E-01 	1.2897E+00 	
1.0738E+00 	7.6960E+06 	1.2613E-01 	1.2956E+00 	
1.0681E+00 	7.6994E+06 	1.2713E-01 	1.3084E+00 	
1.0547E+00 	7.6992E+06 	1.2813E-01 	1.3211E+00 	
1.0486E+00 	7.7021E+06 	1.2913E-01 	1.3274E+00 	
1.0363E+00 	7.7047E+06 	1.3013E-01 	1.3392E+00 	
1.0307E+00 	7.7064E+06 	1.3113E-01 	1.3475E+00 	
1.0170E+00 	7.7092E+06 	1.3213E-01 	1.3588E+00 	
1.0063E+00 	7.7107E+06 	1.3313E-01 	1.3652E+00 	
9.9875E-01 	7.7136E+06 	1.3413E-01 	1.3782E+00 	
9.8673E-01 	7.7157E+06 	1.3514E-01 	1.3901E+00 	
9.7487E-01 	7.7192E+06 	1.3614E-01 	1.3970E+00 	
9.6763E-01 	7.7211E+06 	1.3714E-01 	1.4089E+00 	
9.5545E-01 	7.7234E+06 	1.3814E-01 	1.4212E+00 	
9.4787E-01 	7.7229E+06 	1.3914E-01 	1.4288E+00 	
9.3635E-01 	7.7269E+06 	1.4014E-01 	1.4393E+00 	
9.2993E-01 	7.7307E+06 	1.4114E-01 	1.4474E+00 	
9.1807E-01 	7.7310E+06 	1.4214E-01 	1.4583E+00 	
9.0540E-01 	7.7324E+06 	1.4314E-01 	1.4709E+00 	
8.9881E-01 	7.7366E+06 	1.4414E-01 	1.4774E+00 	
8.8696E-01 	7.7374E+06 	1.4515E-01 	1.4900E+00 	
8.7494E-01 	7.7381E+06 	1.4615E-01 	1.4968E+00 	
8.6786E-01 	7.7417E+06 	1.4715E-01 	1.5090E+00 	
8.5650E-01 	7.7439E+06 	1.4815E-01 	1.5205E+00 	
8.4958E-01 	7.7460E+06 	1.4915E-01 	1.5281E+00 	
8.3888E-01 	7.7495E+06 	1.5015E-01 	1.5401E+00 	
8.3048E-01 	7.7519E+06 	1.5115E-01 	1.5475E+00 	
8.1929E-01 	7.7535E+06 	1.5215E-01 	1.5579E+00 	
8.0711E-01 	7.7551E+06 	1.5315E-01 	1.5710E+00 	
8.0085E-01 	7.7581E+06 	1.5415E-01 	1.5771E+00 	
7.8784E-01 	7.7596E+06 	1.5516E-01 	1.5893E+00 	
7.7615E-01 	7.7617E+06 	1.5616E-01 	1.5964E+00 	
7.6973E-01 	7.7637E+06 	1.5716E-01 	1.6087E+00 	
7.5738E-01 	7.7666E+06 	1.5816E-01 	1.6196E+00 	
7.5129E-01 	7.7678E+06 	1.5916E-01 	1.6290E+00 	
7.3911E-01 	7.7719E+06 	1.6016E-01 	1.6390E+00 	
7.2627E-01 	7.7722E+06 	1.6116E-01 	1.6469E+00 	
7.1919E-01 	7.7732E+06 	1.6216E-01 	1.6580E+00 	
7.0750E-01 	7.7757E+06 	1.6316E-01 	1.6698E+00 	
6.9992E-01 	7.7784E+06 	1.6416E-01 	1.6780E+00 	
6.8856E-01 	7.7787E+06 	1.6517E-01 	1.6894E+00 	
6.7572E-01 	7.7804E+06 	1.6617E-01 	1.6970E+00 	
6.6947E-01 	7.7800E+06 	1.6717E-01 	1.7065E+00 	
6.5778E-01 	7.7791E+06 	1.6817E-01 	1.7200E+00 	
6.5086E-01 	7.7783E+06 	1.6917E-01 	1.7274E+00 	
6.3835E-01 	7.7771E+06 	1.7017E-01 	1.7393E+00 	
6.2682E-01 	7.7812E+06 	1.7117E-01 	1.7467E+00 	
6.1958E-01 	7.7829E+06 	1.7217E-01 	1.7577E+00 	
6.0855E-01 	7.7888E+06 	1.7317E-01 	1.7701E+00 	
6.0098E-01 	7.7927E+06 	1.7417E-01 	1.7773E+00 	
5.8797E-01 	7.7974E+06 	1.7518E-01 	1.7884E+00 	
5.7661E-01 	7.8001E+06 	1.7618E-01 	1.7964E+00 	
5.7002E-01 	7.8056E+06 	1.7718E-01 	1.8088E+00 	
5.5850E-01 	7.8055E+06 	1.7818E-01 	1.8206E+00 	
5.5142E-01 	7.8078E+06 	1.7918E-01 	1.8275E+00 	
5.3841E-01 	7.8094E+06 	1.8018E-01 	1.8405E+00 	
5.2705E-01 	7.8116E+06 	1.8118E-01 	1.8463E+00 	
5.1915E-01 	7.8155E+06 	1.8218E-01 	1.8582E+00 	
5.0894E-01 	7.8156E+06 	1.8318E-01 	1.8699E+00 	
5.0055E-01 	7.8197E+06 	1.8418E-01 	1.8771E+00 	
4.8919E-01 	7.8209E+06 	1.8519E-01 	1.8888E+00 	
4.7783E-01 	7.8209E+06 	1.8619E-01 	1.8964E+00 	
4.6992E-01 	7.8234E+06 	1.8719E-01 	1.9081E+00 	
4.5856E-01 	7.8258E+06 	1.8819E-01 	1.9194E+00 	
4.5049E-01 	7.8262E+06 	1.8919E-01 	1.9270E+00 	
4.3930E-01 	7.8289E+06 	1.9019E-01 	1.9378E+00 	
4.2810E-01 	7.8302E+06 	1.9119E-01 	1.9459E+00 	
4.2037E-01 	7.8310E+06 	1.9219E-01 	1.9574E+00 	
4.0884E-01 	7.8331E+06 	1.9319E-01 	1.9696E+00 	
4.0028E-01 	7.8343E+06 	1.9419E-01 	1.9782E+00 	
3.8974E-01 	7.8369E+06 	1.9520E-01 	1.9889E+00 	
3.7921E-01 	7.8374E+06 	1.9620E-01 	1.9958E+00 	
3.7130E-01 	7.8392E+06 	1.9720E-01 	2.0082E+00 	
3.5961E-01 	7.8412E+06 	1.9820E-01 	2.0203E+00 	
3.5122E-01 	7.8437E+06 	1.9920E-01 	2.0272E+00 	
3.4051E-01 	7.8448E+06 	2.0020E-01 	2.0394E+00 	
3.2899E-01 	7.8456E+06 	2.0120E-01 	2.0467E+00 	
3.2158E-01 	7.8466E+06 	2.0220E-01 	2.0575E+00 	
3.0973E-01 	7.8494E+06 	2.0320E-01 	2.0691E+00 	
3.0281E-01 	7.8515E+06 	2.0420E-01 	2.0763E+00 	
2.9063E-01 	7.8533E+06 	2.0521E-01 	2.0877E+00 	
2.7910E-01 	7.8536E+06 	2.0621E-01 	2.0951E+00 	
2.7186E-01 	7.8551E+06 	2.0721E-01 	2.1066E+00 	
2.5935E-01 	7.8553E+06 	2.0821E-01 	2.1178E+00 	
2.5227E-01 	7.8580E+06 	2.0921E-01 	2.1264E+00 	
2.4091E-01 	7.8598E+06 	2.1021E-01 	2.1392E+00 	
2.2856E-01 	7.8604E+06 	2.1121E-01 	2.1453E+00 	
2.2230E-01 	7.8640E+06 	2.1221E-01 	2.1567E+00 	
2.1028E-01 	7.8640E+06 	2.1321E-01 	2.1685E+00 	
2.0370E-01 	7.8639E+06 	2.1421E-01 	2.1769E+00 	
1.9152E-01 	7.8657E+06 	2.1522E-01 	2.1874E+00 	
1.7983E-01 	7.8643E+06 	2.1622E-01 	2.1942E+00 	
1.7291E-01 	7.8667E+06 	2.1722E-01 	2.2069E+00 	
1.6122E-01 	7.8668E+06 	2.1822E-01 	2.2187E+00 	
1.5348E-01 	7.8667E+06 	2.1922E-01 	2.2260E+00 	
1.4196E-01 	7.8680E+06 	2.2022E-01 	2.2373E+00 	
1.2945E-01 	7.8687E+06 	2.2122E-01 	2.2459E+00 	
1.2335E-01 	7.8706E+06 	2.2222E-01 	2.2566E+00 	
1.1166E-01 	7.8715E+06 	2.2322E-01 	2.2683E+00 	
1.0376E-01 	7.8731E+06 	2.2422E-01 	2.2760E+00 	
9.2072E-02 	7.8735E+06 	2.2523E-01 	2.2875E+00 	
7.9889E-02 	7.8740E+06 	2.2623E-01 	2.2940E+00 	
7.3303E-02 	7.8766E+06 	2.2723E-01 	2.3053E+00 	
6.0461E-02 	7.8779E+06 	2.2823E-01 	2.3178E+00 	
5.3382E-02 	7.8807E+06 	2.2923E-01 	2.3254E+00 	
4.1363E-02 	7.8832E+06 	2.3023E-01 	2.3383E+00 	
3.1320E-02 	7.8846E+06 	2.3123E-01 	2.3503E+00 	
2.3088E-02 	7.8851E+06 	2.3223E-01 	2.3562E+00 	
1.2222E-02 	7.8862E+06 	2.3323E-01 	2.3685E+00 	
4.4835E-03 	7.8882E+06 	2.3423E-01 	2.3755E+00 	
-7.6999E-03 	7.8879E+06 	2.3524E-01 	2.3865E+00 	
-1.9883E-02 	7.8879E+06 	2.3624E-01 	2.3949E+00 	
-2.5481E-02 	7.8920E+06 	2.3724E-01 	2.4076E+00 	
-3.8652E-02 	7.8911E+06 	2.3824E-01 	2.4184E+00 	
-4.4909E-02 	7.8930E+06 	2.3924E-01 	2.3834E+00 	
-5.7092E-02 	7.8925E+06 	2.4024E-01 	2.3587E+00 	
-6.8946E-02 	7.8919E+06 	2.4124E-01 	2.3397E+00 	
-7.5532E-02 	7.8928E+06 	2.4224E-01 	2.3315E+00 	
-8.7880E-02 	7.8904E+06 	2.4324E-01 	2.3157E+00 	
-9.5124E-02 	7.8907E+06 	2.4424E-01 	2.3086E+00 	
-1.0698E-01 	7.8892E+06 	2.4525E-01 	2.2951E+00 	
-1.1850E-01 	7.8847E+06 	2.4625E-01 	2.2884E+00 	
-1.2591E-01 	7.8800E+06 	2.4725E-01 	2.2745E+00 	
-1.3810E-01 	7.8752E+06 	2.4825E-01 	2.2630E+00 	
-1.4995E-01 	7.8678E+06 	2.4925E-01 	2.2551E+00 	
-1.5637E-01 	7.8571E+06 	2.5025E-01 	2.2414E+00 	
-1.6839E-01 	7.8481E+06 	2.5125E-01 	2.2298E+00 	
-1.7547E-01 	7.8419E+06 	2.5225E-01 	2.2227E+00 	
-1.8716E-01 	7.8369E+06 	2.5325E-01 	2.2090E+00 	
-1.9424E-01 	7.8399E+06 	2.5425E-01 	2.2018E+00 	
-2.0675E-01 	7.8462E+06 	2.5526E-01 	2.1902E+00 	
-2.1811E-01 	7.8568E+06 	2.5626E-01 	2.1823E+00 	
-2.2486E-01 	7.8653E+06 	2.5726E-01 	2.1706E+00 	
-2.3639E-01 	7.8741E+06 	2.5826E-01 	2.1586E+00 	
-2.4923E-01 	7.8800E+06 	2.5926E-01 	2.1514E+00 	
-2.5532E-01 	7.8843E+06 	2.6026E-01 	2.1376E+00 	
-2.6750E-01 	7.8889E+06 	2.6126E-01 	2.1252E+00 	
-2.7442E-01 	7.8915E+06 	2.6226E-01 	2.1185E+00 	
-2.8693E-01 	7.8929E+06 	2.6326E-01 	2.1069E+00 	
-2.9385E-01 	7.8928E+06 	2.6426E-01 	2.0985E+00 	
-3.0554E-01 	7.8941E+06 	2.6527E-01 	2.0857E+00 	
-3.1690E-01 	7.8935E+06 	2.6627E-01 	2.0745E+00 	
-3.2447E-01 	7.8931E+06 	2.6727E-01 	2.0666E+00 	
-3.3566E-01 	7.8940E+06 	2.6827E-01 	2.0542E+00 	
-3.4752E-01 	7.8938E+06 	2.6927E-01 	2.0462E+00 	
-3.5443E-01 	7.8944E+06 	2.7027E-01 	2.0350E+00 	
-3.6678E-01 	7.8913E+06 	2.7127E-01 	2.0235E+00 	
-3.7337E-01 	7.8915E+06 	2.7227E-01 	2.0156E+00 	
-3.8572E-01 	7.8897E+06 	2.7327E-01 	2.0035E+00 	
-3.9214E-01 	7.8885E+06 	2.7427E-01 	1.9963E+00 	
-4.0399E-01 	7.8871E+06 	2.7528E-01 	1.9836E+00 	
-4.1617E-01 	7.8857E+06 	2.7628E-01 	1.9723E+00 	
-4.2309E-01 	7.8844E+06 	2.7728E-01 	1.9652E+00 	
-4.3461E-01 	7.8812E+06 	2.7828E-01 	1.9523E+00 	
-4.4713E-01 	7.8806E+06 	2.7928E-01 	1.9454E+00 	
-4.5388E-01 	7.8783E+06 	2.8028E-01 	1.9326E+00 	
-4.6540E-01 	7.8773E+06 	2.8128E-01 	1.9214E+00 	
-4.7182E-01 	7.8775E+06 	2.8228E-01 	1.9148E+00 	
-4.8565E-01 	7.8775E+06 	2.8328E-01 	1.9021E+00 	
-4.9685E-01 	7.8748E+06 	2.8428E-01 	1.8950E+00 	
-5.0409E-01 	7.8738E+06 	2.8529E-01 	1.8830E+00 	
-5.1529E-01 	7.8737E+06 	2.8629E-01 	1.8710E+00 	
-5.2220E-01 	7.8720E+06 	2.8729E-01 	1.8633E+00 	
-5.3488E-01 	7.8725E+06 	2.8829E-01 	1.8527E+00 	
-5.4657E-01 	7.8709E+06 	2.8929E-01 	1.8447E+00 	
-5.5398E-01 	7.8714E+06 	2.9029E-01 	1.8328E+00 	
-5.6435E-01 	7.8713E+06 	2.9129E-01 	1.8201E+00 	
-5.7291E-01 	7.8703E+06 	2.9229E-01 	1.8140E+00 	
-5.8394E-01 	7.8695E+06 	2.9329E-01 	1.8012E+00 	
-5.9596E-01 	7.8685E+06 	2.9429E-01 	1.7949E+00 	
-6.0271E-01 	7.8666E+06 	2.9530E-01 	1.7821E+00 	
-6.1490E-01 	7.8665E+06 	2.9630E-01 	1.7707E+00 	
-6.2230E-01 	7.8647E+06 	2.9730E-01 	1.7637E+00 	
-6.3399E-01 	7.8628E+06 	2.9830E-01 	1.7510E+00 	
-6.4585E-01 	7.8627E+06 	2.9930E-01 	1.7439E+00 	
-6.5309E-01 	7.8621E+06 	3.0030E-01 	1.7317E+00 	
-6.6347E-01 	7.8584E+06 	3.0130E-01 	1.7200E+00 	
-6.7104E-01 	7.8570E+06 	3.0230E-01 	1.7130E+00 	
-6.8289E-01 	7.8569E+06 	3.0330E-01 	1.7004E+00 	
-6.9475E-01 	7.8554E+06 	3.0430E-01 	1.6932E+00 	
-7.0199E-01 	7.8531E+06 	3.0531E-01 	1.6810E+00 	
-7.1302E-01 	7.8521E+06 	3.0631E-01 	1.6700E+00 	
-7.2158E-01 	7.8515E+06 	3.0731E-01 	1.6622E+00 	
-7.3229E-01 	7.8500E+06 	3.0831E-01 	1.6504E+00 	
-7.4414E-01 	7.8474E+06 	3.0931E-01 	1.6425E+00 	
-7.5221E-01 	7.8476E+06 	3.1031E-01 	1.6310E+00 	
-7.6373E-01 	7.8442E+06 	3.1131E-01 	1.6193E+00 	
-7.7048E-01 	7.8446E+06 	3.1231E-01 	1.6124E+00 	
-7.8300E-01 	7.8414E+06 	3.1331E-01 	1.5987E+00 	
-7.9452E-01 	7.8400E+06 	3.1431E-01 	1.5916E+00 	
-8.0127E-01 	7.8374E+06 	3.1532E-01 	1.5806E+00 	
-8.1197E-01 	7.8359E+06 	3.1632E-01 	1.5677E+00 	
-8.2037E-01 	7.8340E+06 	3.1732E-01 	1.5612E+00 	
-8.3140E-01 	7.8341E+06 	3.1832E-01 	1.5503E+00 	
-8.4589E-01 	7.8320E+06 	3.1932E-01 	1.5414E+00 	
-8.5066E-01 	7.8303E+06 	3.2032E-01 	1.5300E+00 	
-8.6235E-01 	7.8282E+06 	3.2132E-01 	1.5190E+00 	
-8.6976E-01 	7.8252E+06 	3.2232E-01 	1.5114E+00 	
-8.8227E-01 	7.8236E+06 	3.2332E-01 	1.4989E+00 	
-8.9314E-01 	7.8218E+06 	3.2432E-01 	1.4918E+00 	
-9.0006E-01 	7.8218E+06 	3.2533E-01 	1.4798E+00 	
-9.1323E-01 	7.8187E+06 	3.2633E-01 	1.4671E+00 	
-9.2014E-01 	7.8154E+06 	3.2733E-01 	1.4596E+00 	
-9.3134E-01 	7.8138E+06 	3.2833E-01 	1.4480E+00 	
-9.4270E-01 	7.8101E+06 	3.2933E-01 	1.4406E+00 	
-9.5027E-01 	7.8088E+06 	3.3033E-01 	1.4285E+00 	
-9.6114E-01 	7.8041E+06 	3.3133E-01 	1.4164E+00 	
-9.7019E-01 	7.8007E+06 	3.3233E-01 	1.4108E+00 	
-9.8056E-01 	7.7943E+06 	3.3333E-01 	1.3983E+00 	
-9.9193E-01 	7.7910E+06 	3.3433E-01 	1.3909E+00 	
-9.9950E-01 	7.7882E+06 	3.3534E-01 	1.3787E+00 	
-1.0110E+00 	7.7872E+06 	3.3634E-01 	1.3674E+00 	
-1.0186E+00 	7.7880E+06 	3.3734E-01 	1.3590E+00 	
-1.0295E+00 	7.7887E+06 	3.3834E-01 	1.3465E+00 	
-1.0423E+00 	7.7895E+06 	3.3934E-01 	1.3414E+00 	
-1.0494E+00 	7.7881E+06 	3.4034E-01 	1.3285E+00 	
-1.0606E+00 	7.7880E+06 	3.4134E-01 	1.3168E+00 	
-1.0670E+00 	7.7861E+06 	3.4234E-01 	1.3089E+00 	
-1.0792E+00 	7.7850E+06 	3.4334E-01 	1.2969E+00 	
-1.0929E+00 	7.7825E+06 	3.4434E-01 	1.2898E+00 	
-1.0989E+00 	7.7817E+06 	3.4535E-01 	1.2786E+00 	
-1.1111E+00 	7.7784E+06 	3.4635E-01 	1.2665E+00 	
-1.1174E+00 	7.7770E+06 	3.4735E-01 	1.2595E+00 	
-1.1294E+00 	7.7749E+06 	3.4835E-01 	1.2470E+00 	
-1.1413E+00 	7.7713E+06 	3.4935E-01 	1.2404E+00 	
-1.1480E+00 	7.7697E+06 	3.5035E-01 	1.2286E+00 	
-1.1597E+00 	7.7678E+06 	3.5135E-01 	1.2161E+00 	
-1.1673E+00 	7.7669E+06 	3.5235E-01 	1.2098E+00 	
-1.1785E+00 	7.7630E+06 	3.5335E-01 	1.1975E+00 	
-1.1913E+00 	7.7615E+06 	3.5435E-01 	1.1853E+00 	
-1.1972E+00 	7.7598E+06 	3.5536E-01 	1.1785E+00 	
-1.2104E+00 	7.7545E+06 	3.5636E-01 	1.1663E+00 	
-1.2170E+00 	7.7554E+06 	3.5736E-01 	1.1589E+00 	
-1.2282E+00 	7.7517E+06 	3.5836E-01 	1.1471E+00 	
-1.2404E+00 	7.7504E+06 	3.5936E-01 	1.1392E+00 	
-1.2486E+00 	7.7477E+06 	3.6036E-01 	1.1272E+00 	
-1.2593E+00 	7.7459E+06 	3.6136E-01 	1.1161E+00 	
-1.2662E+00 	7.7434E+06 	3.6236E-01 	1.1091E+00 	
-1.2786E+00 	7.7401E+06 	3.6336E-01 	1.0967E+00 	
-1.2893E+00 	7.7391E+06 	3.6436E-01 	1.0847E+00 	
-1.2970E+00 	7.7382E+06 	3.6537E-01 	1.0776E+00 	
-1.3079E+00 	7.7356E+06 	3.6637E-01 	1.0661E+00 	
-1.3161E+00 	7.7326E+06 	3.6737E-01 	1.0580E+00 	
-1.3275E+00 	7.7304E+06 	3.6837E-01 	1.0470E+00 	
-1.3396E+00 	7.7277E+06 	3.6937E-01 	1.0391E+00 	
-1.3466E+00 	7.7249E+06 	3.7037E-01 	1.0276E+00 	
-1.3579E+00 	7.7238E+06 	3.7137E-01 	1.0150E+00 	
-1.3696E+00 	7.7215E+06 	3.7237E-01 	1.0068E+00 	
-1.3769E+00 	7.7186E+06 	3.7337E-01 	9.9595E-01 	
-1.3897E+00 	7.7161E+06 	3.7437E-01 	9.8327E-01 	
-1.3963E+00 	7.7150E+06 	3.7538E-01 	9.7619E-01 	
-1.4072E+00 	7.7107E+06 	3.7638E-01 	9.6450E-01 	
-1.4132E+00 	7.7100E+06 	3.7738E-01 	9.5759E-01 	
-1.4253E+00 	7.7063E+06 	3.7838E-01 	9.4590E-01 	
-1.4374E+00 	7.7048E+06 	3.7938E-01 	9.3849E-01 	
-1.4445E+00 	7.7032E+06 	3.8038E-01 	9.2548E-01 	
-1.4567E+00 	7.6998E+06 	3.8138E-01 	9.1478E-01 	
-1.4682E+00 	7.6983E+06 	3.8238E-01 	9.0704E-01 	
-1.4750E+00 	7.6957E+06 	3.8338E-01 	8.9552E-01 	
-1.4878E+00 	7.6927E+06 	3.8438E-01 	8.8333E-01 	
-1.4941E+00 	7.6911E+06 	3.8539E-01 	8.7609E-01 	
-1.5066E+00 	7.6887E+06 	3.8639E-01 	8.6456E-01 	
-1.5127E+00 	7.6857E+06 	3.8739E-01 	8.5567E-01 	
-1.5245E+00 	7.6853E+06 	3.8839E-01 	8.4497E-01 	
-1.5354E+00 	7.6816E+06 	3.8939E-01 	8.3740E-01 	
-1.5436E+00 	7.6785E+06 	3.9039E-01 	8.2555E-01 	
-1.5553E+00 	7.6763E+06 	3.9139E-01 	8.1402E-01 	
-1.5678E+00 	7.6751E+06 	3.9239E-01 	8.0793E-01 	
-1.5749E+00 	7.6734E+06 	3.9339E-01 	7.9476E-01 	
-1.5863E+00 	7.6697E+06 	3.9439E-01 	7.8340E-01 	
-1.5934E+00 	7.6681E+06 	3.9540E-01 	7.7566E-01 	
-1.6057E+00 	7.6662E+06 	3.9640E-01 	7.6430E-01 	
-1.6131E+00 	7.6640E+06 	3.9740E-01 	7.5722E-01 	
-1.6240E+00 	7.6614E+06 	3.9840E-01 	7.4569E-01 	
-1.6353E+00 	7.6585E+06 	3.9940E-01 	7.3252E-01 	
-1.6426E+00 	7.6563E+06 	4.0040E-01 	7.2693E-01 	
-1.6546E+00 	7.6538E+06 	4.0140E-01 	7.1491E-01 	
-1.6675E+00 	7.6510E+06 	4.0240E-01 	7.0618E-01 	
-1.6737E+00 	7.6509E+06 	4.0340E-01 	6.9482E-01 	
-1.6847E+00 	7.6465E+06 	4.0440E-01 	6.8330E-01 	
-1.6930E+00 	7.6452E+06 	4.0541E-01 	6.7572E-01 	
-1.7052E+00 	7.6430E+06 	4.0641E-01 	6.6420E-01 	
-1.7111E+00 	7.6399E+06 	4.0741E-01 	6.5679E-01 	
-1.7228E+00 	7.6370E+06 	4.0841E-01 	6.4543E-01 	
-1.7346E+00 	7.6338E+06 	4.0941E-01 	6.3308E-01 	
-1.7422E+00 	7.6321E+06 	4.1041E-01 	6.2600E-01 	
-1.7536E+00 	7.6296E+06 	4.1141E-01 	6.1398E-01 	
-1.7659E+00 	7.6284E+06 	4.1241E-01 	6.0674E-01 	
-1.7713E+00 	7.6260E+06 	4.1341E-01 	5.9488E-01 	
-1.7850E+00 	7.6232E+06 	4.1441E-01 	5.8352E-01 	
-1.7913E+00 	7.6200E+06 	4.1542E-01 	5.7677E-01 	
-1.8031E+00 	7.6194E+06 	4.1642E-01 	5.6360E-01 	
-1.8161E+00 	7.6158E+06 	4.1742E-01 	5.5636E-01 	
-1.8212E+00 	7.6133E+06 	4.1842E-01 	5.4450E-01 	
-1.8334E+00 	7.6129E+06 	4.1942E-01 	5.3216E-01 	
-1.8403E+00 	7.6095E+06 	4.2042E-01 	5.2442E-01 	
-1.8523E+00 	7.6081E+06 	4.2142E-01 	5.1339E-01 	
-1.8642E+00 	7.6041E+06 	4.2242E-01 	5.0631E-01 	
-1.8718E+00 	7.6015E+06 	4.2342E-01 	4.9462E-01 	
-1.8818E+00 	7.6016E+06 	4.2442E-01 	4.8243E-01 	
-1.8894E+00 	7.5984E+06 	4.2543E-01 	4.7519E-01 	
-1.9006E+00 	7.5953E+06 	4.2643E-01 	4.6367E-01 	
-1.9129E+00 	7.5927E+06 	4.2743E-01 	4.5593E-01 	
-1.9198E+00 	7.5896E+06 	4.2843E-01 	4.4457E-01 	
-1.9317E+00 	7.5886E+06 	4.2943E-01 	4.3321E-01 	
-1.9386E+00 	7.5860E+06 	4.3043E-01 	4.2596E-01 	
-1.9513E+00 	7.5831E+06 	4.3143E-01 	4.1394E-01 	
-1.9630E+00 	7.5805E+06 	4.3243E-01 	4.0522E-01 	
-1.9684E+00 	7.5805E+06 	4.3343E-01 	3.9468E-01 	
-1.9796E+00 	7.5761E+06 	4.3443E-01 	3.8168E-01 	
-1.9885E+00 	7.5730E+06 	4.3544E-01 	3.7410E-01 	
-2.0004E+00 	7.5701E+06 	4.3644E-01 	3.6225E-01 	
-2.0116E+00 	7.5680E+06 	4.3744E-01 	3.5632E-01 	
-2.0195E+00 	7.5648E+06 	4.3844E-01 	3.4430E-01 	
-2.0302E+00 	7.5628E+06 	4.3944E-01 	3.3130E-01 	
-2.0371E+00 	7.5597E+06 	4.4044E-01 	3.2487E-01 	
-2.0491E+00 	7.5597E+06 	4.4144E-01 	3.1253E-01 	
-2.0605E+00 	7.5557E+06 	4.4244E-01 	3.0561E-01 	
-2.0682E+00 	7.5540E+06 	4.4344E-01 	2.9359E-01 	
-2.0792E+00 	7.5516E+06 	4.4444E-01 	2.8174E-01 	
-2.0868E+00 	7.5503E+06 	4.4545E-01 	2.7449E-01 	
-2.0987E+00 	7.5481E+06 	4.4645E-01 	2.6248E-01 	
-2.1108E+00 	7.5461E+06 	4.4745E-01 	2.5342E-01 	
-2.1174E+00 	7.5441E+06 	4.4845E-01 	2.4321E-01 	
-2.1288E+00 	7.5427E+06 	4.4945E-01 	2.3086E-01 	
-2.1373E+00 	7.5406E+06 	4.5045E-01 	2.2444E-01 	
-2.1480E+00 	7.5391E+06 	4.5145E-01 	2.1275E-01 	
-2.1606E+00 	7.5373E+06 	4.5245E-01 	2.0452E-01 	
-2.1686E+00 	7.5347E+06 	4.5345E-01 	1.9349E-01 	
-2.1783E+00 	7.5331E+06 	4.5445E-01 	1.8180E-01 	
-2.1849E+00 	7.5302E+06 	4.5546E-01 	1.7472E-01 	
-2.1974E+00 	7.5266E+06 	4.5646E-01 	1.6270E-01 	
-2.2099E+00 	7.5248E+06 	4.5746E-01 	1.5562E-01 	
-2.2174E+00 	7.5239E+06 	4.5846E-01 	1.4377E-01 	
-2.2269E+00 	7.5227E+06 	4.5946E-01 	1.3175E-01 	
-2.2363E+00 	7.5197E+06 	4.6046E-01 	1.2418E-01 	
-2.2472E+00 	7.5176E+06 	4.6146E-01 	1.1265E-01 	
-2.2587E+00 	7.5151E+06 	4.6246E-01 	1.0508E-01 	
-2.2651E+00 	7.5139E+06 	4.6346E-01 	9.3389E-02 	
-2.2783E+00 	7.5120E+06 	4.6446E-01 	8.1371E-02 	
-2.2854E+00 	7.5091E+06 	4.6547E-01 	7.3797E-02 	
-2.2966E+00 	7.5083E+06 	4.6647E-01 	6.2272E-02 	
-2.3081E+00 	7.5054E+06 	4.6747E-01 	5.5193E-02 	
-2.3140E+00 	7.5040E+06 	4.6847E-01 	4.3503E-02 	
-2.3273E+00 	7.5008E+06 	4.6947E-01 	3.0826E-02 	
-2.3333E+00 	7.4990E+06 	4.7047E-01 	2.3746E-02 	
-2.3446E+00 	7.4964E+06 	4.7147E-01 	1.2222E-02 	
-2.3557E+00 	7.4948E+06 	4.7247E-01 	5.8006E-03 	
-2.3641E+00 	7.4930E+06 	4.7347E-01 	-6.8767E-03 	
-2.3776E+00 	7.4885E+06 	4.7447E-01 	-1.8072E-02 	
-2.3838E+00 	7.4871E+06 	4.7548E-01 	-2.5152E-02 	
