1	1,05012E7
4,34114	1,05014E7
7,68227	1,04996E7
11,0234	1,0505E7
14,3645	1,05013E7
17,7057	1,05029E7
21,0468	1,05035E7
24,388	1,0504E7
27,7291	1,05052E7
31,0702	1,05071E7
34,4114	1,05072E7
37,7525	1,05069E7
41,0936	1,05065E7
44,4348	1,05078E7
47,7759	1,05082E7
51,1171	1,05083E7
54,4582	1,05095E7
57,7993	1,05115E7
61,1405	1,0511E7
64,4816	1,0512E7
67,8227	1,05139E7
71,1639	1,05124E7
74,505	1,05125E7
77,8462	1,0513E7
81,1873	1,0515E7
84,5284	1,05151E7
87,8696	1,05136E7
91,2107	1,0514E7
94,5518	1,05144E7
97,893	1,05149E7
101,234	1,0517E7
104,575	1,05178E7
107,916	1,05187E7
111,258	1,05176E7
114,599	1,05187E7
117,94	1,05166E7
121,281	1,05181E7
124,622	1,05188E7
127,963	1,05204E7
131,304	1,05201E7
134,645	1,05185E7
137,987	1,05199E7
141,328	1,05193E7
144,669	1,05192E7
148,01	1,05181E7
151,351	1,05208E7
154,692	1,05218E7
158,033	1,05255E7
161,375	1,0522E7
164,716	1,05219E7
168,057	1,05242E7
171,398	1,05238E7
174,739	1,05231E7
178,08	1,05225E7
181,421	1,05239E7
184,763	1,05216E7
188,104	1,05221E7
191,445	1,05256E7
194,786	1,05257E7
198,127	1,05235E7
201,468	1,05244E7
204,809	1,05242E7
208,151	1,05259E7
211,492	1,05233E7
214,833	1,05249E7
218,174	1,05273E7
221,515	1,05254E7
224,856	1,05275E7
228,197	1,05255E7
231,538	1,05249E7
234,88	1,05244E7
238,221	1,05279E7
241,562	1,05285E7
244,903	1,05249E7
248,244	1,05242E7
251,585	1,05277E7
254,926	1,05291E7
258,268	1,05274E7
261,609	1,05275E7
264,95	1,05302E7
268,291	1,05281E7
271,632	1,05292E7
274,973	1,05279E7
278,314	1,05281E7
281,656	1,05275E7
284,997	1,05281E7
288,338	1,05271E7
291,679	1,05297E7
295,02	1,05275E7
298,361	1,05314E7
301,702	1,05301E7
305,043	1,05281E7
308,385	1,05291E7
311,726	1,05297E7
315,067	1,05321E7
318,408	1,05289E7
321,749	1,05328E7
325,09	1,05284E7
328,431	1,05306E7
331,773	1,05312E7
335,114	1,05295E7
338,455	1,05335E7
341,796	1,0531E7
345,137	1,05324E7
348,478	1,05337E7
351,819	1,05317E7
355,161	1,05323E7
358,502	1,05301E7
361,843	1,05308E7
365,184	1,05313E7
368,525	1,05326E7
371,866	1,05323E7
375,207	1,05339E7
378,548	1,05314E7
381,89	1,05312E7
385,231	1,05344E7
388,572	1,0531E7
391,913	1,05322E7
395,254	--
398,595	1,05325E7
401,936	1,05331E7
405,278	1,05349E7
408,619	1,05332E7
411,96	1,05339E7
415,301	1,05347E7
418,642	1,05321E7
421,983	1,05357E7
425,324	1,05335E7
428,666	1,05357E7
432,007	1,05342E7
435,348	1,05349E7
438,689	1,05344E7
442,03	1,0536E7
445,371	1,05336E7
448,712	1,05316E7
452,054	1,05348E7
455,395	1,05333E7
458,736	1,05344E7
462,077	1,05342E7
465,418	1,05338E7
468,759	1,05339E7
472,1	1,05338E7
475,441	1,05362E7
478,783	1,05362E7
482,124	1,05367E7
485,465	1,05361E7
488,806	1,05345E7
492,147	1,05345E7
495,488	1,05348E7
498,829	1,05378E7
502,171	1,0537E7
505,512	1,05353E7
508,853	1,05374E7
512,194	1,05337E7
515,535	1,05343E7
518,876	1,05351E7
522,217	1,0536E7
525,559	1,05344E7
528,9	1,05346E7
532,241	1,05364E7
535,582	1,05358E7
538,923	1,05363E7
542,264	1,05381E7
545,605	1,05371E7
548,946	1,05385E7
552,288	1,05381E7
555,629	1,05369E7
558,97	1,05366E7
562,311	1,05363E7
565,652	1,05387E7
568,993	1,05349E7
572,334	1,05367E7
575,676	1,05359E7
579,017	1,05385E7
582,358	1,05336E7
585,699	1,05387E7
589,04	1,05366E7
592,381	1,05366E7
595,722	1,05384E7
599,064	1,05379E7
602,405	1,05382E7
605,746	1,05387E7
609,087	1,0539E7
612,428	1,05373E7
615,769	1,05382E7
619,11	1,05354E7
622,452	1,05378E7
625,793	1,05359E7
629,134	1,05384E7
632,475	1,05375E7
635,816	1,05372E7
639,157	1,05384E7
642,498	1,0539E7
645,839	1,05386E7
649,181	1,05393E7
652,522	1,0538E7
655,863	1,05384E7
659,204	1,05361E7
662,545	1,05399E7
665,886	1,05373E7
669,227	1,05373E7
672,569	1,05394E7
675,91	1,05386E7
679,251	1,05355E7
682,592	1,05366E7
685,933	1,05372E7
689,274	1,05368E7
692,615	1,05377E7
695,957	1,05397E7
699,298	1,05406E7
702,639	1,05389E7
705,98	1,05382E7
709,321	1,05374E7
712,662	1,05383E7
716,003	1,05381E7
719,344	1,05373E7
722,686	1,05382E7
726,027	1,05408E7
729,368	1,0539E7
732,709	1,05397E7
736,05	1,05379E7
739,391	1,05391E7
742,732	1,05375E7
746,074	1,05394E7
749,415	1,05375E7
752,756	1,05383E7
756,097	1,0539E7
759,438	1,05401E7
762,779	1,05383E7
766,12	1,05405E7
769,462	1,05415E7
772,803	1,05396E7
776,144	1,05385E7
779,485	1,05402E7
782,826	1,05409E7
786,167	1,05391E7
789,508	1,05365E7
792,849	1,05404E7
796,191	1,05382E7
799,532	1,05376E7
802,873	1,05376E7
806,214	1,05373E7
809,555	1,05379E7
812,896	1,054E7
816,237	1,05379E7
819,579	1,05389E7
822,92	1,05396E7
826,261	1,05404E7
829,602	1,05398E7
832,943	1,05417E7
836,284	1,05416E7
839,625	1,05376E7
842,967	1,05388E7
846,308	1,05374E7
849,649	1,05414E7
852,99	1,05391E7
856,331	1,05407E7
859,672	1,05396E7
863,013	1,05404E7
866,355	1,05406E7
869,696	1,05389E7
873,037	1,05416E7
876,378	1,05403E7
879,719	1,0542E7
883,06	1,05392E7
886,401	1,05411E7
889,742	1,05406E7
893,084	1,05439E7
896,425	1,05418E7
899,766	1,05404E7
903,107	1,05409E7
906,448	1,05389E7
909,789	1,05407E7
913,13	1,05415E7
916,472	1,05409E7
919,813	1,05412E7
923,154	1,05387E7
926,495	1,05401E7
929,836	1,05406E7
933,177	1,05379E7
936,518	1,05397E7
939,86	1,05411E7
943,201	1,05424E7
946,542	1,05393E7
949,883	1,05417E7
953,224	1,05425E7
956,565	1,05399E7
959,906	1,05407E7
963,247	1,05395E7
966,589	1,05413E7
969,93	1,05407E7
973,271	1,0542E7
976,612	1,05395E7
979,953	1,05396E7
983,294	1,05397E7
986,635	1,05411E7
989,977	1,05421E7
993,318	1,05407E7
996,659	1,05386E7
1000	1,05404E7
