20	1,05142E7
23,2776	1,05158E7
26,5552	1,05157E7
29,8328	1,0516E7
33,1104	1,05166E7
36,388	1,05177E7
39,6656	1,05164E7
42,9431	1,05183E7
46,2207	1,05181E7
49,4983	1,05176E7
52,7759	1,05187E7
56,0535	1,05183E7
59,3311	1,05184E7
62,6087	1,05187E7
65,8863	1,05182E7
69,1639	1,05193E7
72,4415	1,05189E7
75,7191	1,05194E7
78,9967	1,05191E7
82,2742	1,05186E7
85,5518	1,05184E7
88,8294	1,05195E7
92,107	1,05192E7
95,3846	1,05199E7
98,6622	1,05194E7
101,94	1,0519E7
105,217	1,05188E7
108,495	1,05193E7
111,773	1,05189E7
115,05	1,05186E7
118,328	1,05187E7
121,605	1,0519E7
124,883	1,05182E7
128,161	1,05182E7
131,438	1,05186E7
134,716	1,05182E7
137,993	1,05186E7
141,271	1,0518E7
144,548	1,05186E7
147,826	1,05185E7
151,104	1,05181E7
154,381	1,0518E7
157,659	1,05178E7
160,936	1,05182E7
164,214	1,05185E7
167,492	1,05185E7
170,769	1,05178E7
174,047	1,05182E7
177,324	1,05167E7
180,602	1,0518E7
183,88	1,05171E7
187,157	1,05173E7
190,435	1,05175E7
193,712	1,05175E7
196,99	1,05178E7
200,268	1,05172E7
203,545	1,05174E7
206,823	1,05175E7
210,1	1,0517E7
213,378	1,05168E7
216,656	1,05172E7
219,933	1,05173E7
223,211	1,05173E7
226,488	1,05173E7
229,766	1,05181E7
233,043	1,05183E7
236,321	1,05186E7
239,599	1,05178E7
242,876	1,05179E7
246,154	1,05182E7
249,431	1,05185E7
252,709	1,0518E7
255,987	1,05183E7
259,264	1,05183E7
262,542	1,05185E7
265,819	1,05195E7
269,097	1,05185E7
272,375	1,05195E7
275,652	1,05183E7
278,93	1,05184E7
282,207	1,05198E7
285,485	1,05193E7
288,763	1,05191E7
292,04	1,05189E7
295,318	1,05192E7
298,595	1,05193E7
301,873	1,05191E7
305,151	1,052E7
308,428	1,05195E7
311,706	1,052E7
314,983	1,05204E7
318,261	1,05199E7
321,538	1,052E7
324,816	1,05205E7
328,094	1,05195E7
331,371	1,05201E7
334,649	1,05199E7
337,926	1,05199E7
341,204	1,05199E7
344,482	1,05202E7
347,759	1,05201E7
351,037	1,05192E7
354,314	1,05195E7
357,592	1,05201E7
360,87	1,05193E7
364,147	1,05193E7
367,425	1,05209E7
370,702	1,05198E7
373,98	1,05192E7
377,258	1,05202E7
380,535	1,05196E7
383,813	1,05192E7
387,09	1,05194E7
390,368	1,05191E7
393,645	1,05176E7
396,923	1,05188E7
400,201	1,05185E7
403,478	1,05191E7
406,756	1,05189E7
410,033	1,05185E7
413,311	1,05186E7
416,589	1,05177E7
419,866	1,0518E7
423,144	1,05182E7
426,421	1,05183E7
429,699	1,05172E7
432,977	1,05179E7
436,254	1,05172E7
439,532	1,05177E7
442,809	1,05182E7
446,087	1,05176E7
449,365	1,05166E7
452,642	1,05174E7
455,92	1,05172E7
459,197	1,05173E7
462,475	1,05182E7
465,753	1,0517E7
469,03	1,05172E7
472,308	1,0518E7
475,585	1,05173E7
478,863	1,0516E7
482,14	1,05163E7
485,418	1,05172E7
488,696	1,05171E7
491,973	1,05166E7
495,251	1,05164E7
498,528	1,05169E7
501,806	1,05171E7
505,084	1,05166E7
508,361	1,05169E7
511,639	1,05169E7
514,916	1,0516E7
518,194	1,05155E7
521,472	1,05167E7
524,749	1,05164E7
528,027	1,05165E7
531,304	1,05166E7
534,582	1,0517E7
537,86	1,05166E7
541,137	1,05163E7
544,415	1,05171E7
547,692	1,0516E7
550,97	1,05167E7
554,247	1,05167E7
557,525	1,05163E7
560,803	1,05157E7
564,08	1,05166E7
567,358	1,05179E7
570,635	1,05159E7
573,913	1,05164E7
577,191	1,05171E7
580,468	1,05154E7
583,746	1,05149E7
587,023	1,05173E7
590,301	1,05162E7
593,579	1,0517E7
596,856	1,05162E7
600,134	1,05155E7
603,411	1,05164E7
606,689	1,05169E7
609,967	1,05174E7
613,244	1,05175E7
616,522	1,05166E7
619,799	1,05172E7
623,077	1,05163E7
626,355	1,05168E7
629,632	1,05177E7
632,91	1,05166E7
636,187	1,05166E7
639,465	1,05178E7
642,742	1,05166E7
646,02	1,05168E7
649,298	1,05164E7
652,575	1,05164E7
655,853	1,05157E7
659,13	1,05154E7
662,408	1,05165E7
665,686	1,05165E7
668,963	1,05168E7
672,241	1,05163E7
675,518	1,05163E7
678,796	1,05159E7
682,074	1,05173E7
685,351	1,05169E7
688,629	1,05157E7
691,906	1,05167E7
695,184	1,05164E7
698,462	1,05168E7
701,739	1,0516E7
705,017	1,05162E7
708,294	1,0517E7
711,572	1,05164E7
714,849	1,05163E7
718,127	1,0517E7
721,405	1,05162E7
724,682	1,05167E7
727,96	1,05173E7
731,237	1,05165E7
734,515	1,05173E7
737,793	1,05159E7
741,07	1,05165E7
744,348	1,05167E7
747,625	1,05157E7
750,903	1,0517E7
754,181	1,05172E7
757,458	1,05163E7
760,736	1,0517E7
764,013	1,05159E7
767,291	1,05156E7
770,569	1,05162E7
773,846	1,05167E7
777,124	1,05159E7
780,401	1,05164E7
783,679	1,05158E7
786,957	1,05172E7
790,234	1,05162E7
793,512	1,05162E7
796,789	1,05169E7
800,067	1,0516E7
803,344	1,05163E7
806,622	1,05159E7
809,9	1,05167E7
813,177	1,05168E7
816,455	1,05165E7
819,732	1,05166E7
823,01	1,05162E7
826,288	1,05162E7
829,565	1,05169E7
832,843	1,05168E7
836,12	1,05166E7
839,398	1,05165E7
842,676	1,05169E7
845,953	1,05168E7
849,231	1,05172E7
852,508	1,05161E7
855,786	1,05163E7
859,064	1,05159E7
862,341	1,05155E7
865,619	1,05168E7
868,896	1,05168E7
872,174	1,05161E7
875,452	1,05154E7
878,729	1,05169E7
882,007	1,05169E7
885,284	1,05171E7
888,562	1,05164E7
891,839	1,05161E7
895,117	--
898,395	1,05166E7
901,672	1,0517E7
904,95	1,05166E7
908,227	1,05178E7
911,505	1,05167E7
914,783	1,05181E7
918,06	1,05159E7
921,338	1,05163E7
924,615	1,05164E7
927,893	1,05161E7
931,171	1,05165E7
934,448	1,05166E7
937,726	1,0517E7
941,003	1,05167E7
944,281	1,05167E7
947,559	1,05159E7
950,836	1,05153E7
954,114	1,05165E7
957,391	1,05172E7
960,669	1,0516E7
963,946	1,05162E7
967,224	1,05165E7
970,502	1,05173E7
973,779	1,05169E7
977,057	1,0517E7
980,334	1,05165E7
983,612	1,05168E7
986,89	1,05167E7
990,167	1,05167E7
993,445	1,05174E7
996,722	1,05161E7
1000	1,05167E7
