2.8400E+00 	6.5225E+06 	
2.8404E+00 	6.5229E+06 	
2.8408E+00 	6.5221E+06 	
2.8412E+00 	6.5240E+06 	
2.8416E+00 	6.5242E+06 	
2.8420E+00 	6.5245E+06 	
2.8424E+00 	6.5243E+06 	
2.8428E+00 	6.5232E+06 	
2.8432E+00 	6.5225E+06 	
2.8436E+00 	6.5230E+06 	
2.8440E+00 	6.5230E+06 	
2.8444E+00 	6.5236E+06 	
2.8448E+00 	6.5232E+06 	
2.8452E+00 	6.5225E+06 	
2.8456E+00 	6.5235E+06 	
2.8460E+00 	6.5231E+06 	
2.8464E+00 	6.5215E+06 	
2.8468E+00 	6.5205E+06 	
2.8472E+00 	6.5213E+06 	
2.8476E+00 	6.5238E+06 	
2.8480E+00 	6.5203E+06 	
2.8484E+00 	6.5219E+06 	
2.8488E+00 	6.5216E+06 	
2.8492E+00 	6.5205E+06 	
2.8496E+00 	6.5210E+06 	
2.8500E+00 	6.5205E+06 	
2.8504E+00 	6.5211E+06 	
2.8508E+00 	6.5211E+06 	
2.8512E+00 	6.5191E+06 	
2.8516E+00 	6.5186E+06 	
2.8520E+00 	6.5190E+06 	
2.8524E+00 	6.5184E+06 	
2.8528E+00 	6.5173E+06 	
2.8532E+00 	6.5151E+06 	
2.8536E+00 	6.5179E+06 	
2.8540E+00 	6.5154E+06 	
2.8544E+00 	6.5143E+06 	
2.8548E+00 	6.5138E+06 	
2.8552E+00 	6.5146E+06 	
2.8556E+00 	6.5144E+06 	
2.8560E+00 	6.5112E+06 	
2.8564E+00 	6.5121E+06 	
2.8568E+00 	6.5097E+06 	
2.8572E+00 	6.5173E+06 	
2.8576E+00 	6.5085E+06 	
2.8580E+00 	6.5073E+06 	
2.8584E+00 	6.5077E+06 	
2.8588E+00 	6.5071E+06 	
2.8592E+00 	6.5064E+06 	
2.8596E+00 	6.5060E+06 	
2.8600E+00 	6.5038E+06 	
2.8604E+00 	6.5057E+06 	
2.8608E+00 	6.5034E+06 	
2.8612E+00 	6.5045E+06 	
2.8616E+00 	6.5027E+06 	
2.8620E+00 	6.5030E+06 	
2.8624E+00 	6.5014E+06 	
2.8628E+00 	6.5015E+06 	
2.8632E+00 	6.5021E+06 	
2.8636E+00 	6.5014E+06 	
2.8640E+00 	6.5010E+06 	
2.8644E+00 	6.5011E+06 	
2.8648E+00 	6.5015E+06 	
2.8652E+00 	6.5041E+06 	
2.8656E+00 	6.5047E+06 	
2.8660E+00 	6.5071E+06 	
2.8664E+00 	6.5079E+06 	
2.8668E+00 	6.5087E+06 	
2.8672E+00 	6.5111E+06 	
2.8676E+00 	6.5138E+06 	
2.8680E+00 	6.5154E+06 	
2.8684E+00 	6.5165E+06 	
2.8688E+00 	6.5174E+06 	
2.8692E+00 	6.5177E+06 	
2.8696E+00 	6.5195E+06 	
2.8700E+00 	6.5193E+06 	
2.8704E+00 	6.5174E+06 	
2.8708E+00 	6.5173E+06 	
2.8712E+00 	6.5146E+06 	
2.8716E+00 	6.5129E+06 	
2.8720E+00 	6.5119E+06 	
2.8724E+00 	6.5099E+06 	
2.8728E+00 	6.5070E+06 	
2.8732E+00 	6.5059E+06 	
2.8736E+00 	6.5036E+06 	
2.8740E+00 	6.5026E+06 	
2.8744E+00 	6.5035E+06 	
2.8748E+00 	6.5014E+06 	
2.8752E+00 	6.5015E+06 	
2.8756E+00 	6.5019E+06 	
2.8760E+00 	6.5029E+06 	
2.8764E+00 	6.5008E+06 	
2.8768E+00 	6.5021E+06 	
2.8772E+00 	6.5021E+06 	
2.8776E+00 	6.5039E+06 	
2.8780E+00 	6.5031E+06 	
2.8784E+00 	6.5037E+06 	
2.8788E+00 	6.5039E+06 	
2.8792E+00 	6.5045E+06 	
2.8796E+00 	6.5069E+06 	
2.8800E+00 	6.5071E+06 	
2.8804E+00 	6.5069E+06 	
2.8808E+00 	6.5086E+06 	
2.8812E+00 	6.5100E+06 	
2.8816E+00 	6.5091E+06 	
2.8820E+00 	6.5105E+06 	
2.8824E+00 	6.5113E+06 	
2.8828E+00 	6.5118E+06 	
2.8832E+00 	6.5132E+06 	
2.8836E+00 	6.5131E+06 	
2.8840E+00 	6.5157E+06 	
2.8844E+00 	6.5135E+06 	
2.8848E+00 	6.5205E+06 	
2.8852E+00 	6.5160E+06 	
2.8856E+00 	6.5183E+06 	
2.8860E+00 	6.5167E+06 	
2.8864E+00 	6.5177E+06 	
2.8868E+00 	6.5167E+06 	
2.8872E+00 	6.5193E+06 	
2.8876E+00 	6.5193E+06 	
2.8880E+00 	6.5188E+06 	
2.8884E+00 	6.5196E+06 	
2.8888E+00 	6.5193E+06 	
2.8892E+00 	6.5218E+06 	
2.8896E+00 	6.5215E+06 	
2.8900E+00 	6.5215E+06 	
2.8904E+00 	6.5222E+06 	
2.8908E+00 	6.5202E+06 	
2.8912E+00 	6.5231E+06 	
2.8916E+00 	6.5213E+06 	
2.8920E+00 	6.5229E+06 	
2.8924E+00 	6.5205E+06 	
2.8928E+00 	6.5227E+06 	
2.8932E+00 	6.5230E+06 	
2.8936E+00 	6.5219E+06 	
2.8940E+00 	6.5233E+06 	
2.8944E+00 	6.5221E+06 	
2.8948E+00 	6.5216E+06 	
2.8952E+00 	6.5217E+06 	
2.8956E+00 	6.5230E+06 	
2.8960E+00 	6.5230E+06 	
2.8964E+00 	6.5226E+06 	
2.8968E+00 	6.5236E+06 	
2.8972E+00 	6.5244E+06 	
2.8976E+00 	6.5216E+06 	
2.8980E+00 	6.5235E+06 	
2.8984E+00 	6.5241E+06 	
2.8988E+00 	6.5232E+06 	
2.8992E+00 	6.5230E+06 	
2.8996E+00 	6.5239E+06 	
