-5.0000E+00 	1.9862E+00 	-5.0000E+00 	4.7061E-01 	-5.0000E+00 	4.7061E-01 	-5.0000E+00 	9.1781E-01 	
-4.9800E+00 	1.9818E+00 	-4.9800E+00 	4.6823E-01 	-4.9800E+00 	4.6823E-01 	-4.9800E+00 	9.1540E-01 	
-4.9599E+00 	1.9760E+00 	-4.9599E+00 	4.6516E-01 	-4.9599E+00 	4.6516E-01 	-4.9599E+00 	9.1608E-01 	
-4.9399E+00 	1.9692E+00 	-4.9399E+00 	4.5770E-01 	-4.9399E+00 	4.5770E-01 	-4.9399E+00 	9.1417E-01 	
-4.9198E+00 	1.9624E+00 	-4.9198E+00 	4.4549E-01 	-4.9198E+00 	4.4549E-01 	-4.9198E+00 	9.0931E-01 	
-4.8998E+00 	1.9596E+00 	-4.8998E+00 	4.3715E-01 	-4.8998E+00 	4.3715E-01 	-4.8998E+00 	9.0760E-01 	
-4.8798E+00 	1.9636E+00 	-4.8798E+00 	4.3939E-01 	-4.8798E+00 	4.3939E-01 	-4.8798E+00 	9.1485E-01 	
-4.8597E+00 	1.9719E+00 	-4.8597E+00 	4.4744E-01 	-4.8597E+00 	4.4744E-01 	-4.8597E+00 	9.2724E-01 	
-4.8397E+00 	1.9815E+00 	-4.8397E+00 	4.5759E-01 	-4.8397E+00 	4.5759E-01 	-4.8397E+00 	9.3584E-01 	
-4.8196E+00 	1.9892E+00 	-4.8196E+00 	4.6876E-01 	-4.8196E+00 	4.6876E-01 	-4.8196E+00 	9.3859E-01 	
-4.7996E+00 	1.9927E+00 	-4.7996E+00 	4.7643E-01 	-4.7996E+00 	4.7643E-01 	-4.7996E+00 	9.4019E-01 	
-4.7796E+00 	1.9933E+00 	-4.7796E+00 	4.7757E-01 	-4.7796E+00 	4.7757E-01 	-4.7796E+00 	9.4372E-01 	
-4.7595E+00 	1.9949E+00 	-4.7595E+00 	4.7398E-01 	-4.7595E+00 	4.7398E-01 	-4.7595E+00 	9.4621E-01 	
-4.7395E+00 	1.9997E+00 	-4.7395E+00 	4.6968E-01 	-4.7395E+00 	4.6968E-01 	-4.7395E+00 	9.4490E-01 	
-4.7194E+00 	2.0063E+00 	-4.7194E+00 	4.6712E-01 	-4.7194E+00 	4.6712E-01 	-4.7194E+00 	9.4029E-01 	
-4.6994E+00 	2.0122E+00 	-4.6994E+00 	4.6855E-01 	-4.6994E+00 	4.6855E-01 	-4.6994E+00 	9.3497E-01 	
-4.6794E+00 	2.0158E+00 	-4.6794E+00 	4.7467E-01 	-4.6794E+00 	4.7467E-01 	-4.6794E+00 	9.3250E-01 	
-4.6593E+00 	2.0172E+00 	-4.6593E+00 	4.8063E-01 	-4.6593E+00 	4.8063E-01 	-4.6593E+00 	9.3481E-01 	
-4.6393E+00 	2.0185E+00 	-4.6393E+00 	4.8122E-01 	-4.6393E+00 	4.8122E-01 	-4.6393E+00 	9.3941E-01 	
-4.6192E+00 	2.0233E+00 	-4.6192E+00 	4.7636E-01 	-4.6192E+00 	4.7636E-01 	-4.6192E+00 	9.4353E-01 	
-4.5992E+00 	2.0303E+00 	-4.5992E+00 	4.7167E-01 	-4.5992E+00 	4.7167E-01 	-4.5992E+00 	9.4726E-01 	
-4.5792E+00 	2.0360E+00 	-4.5792E+00 	4.7065E-01 	-4.5792E+00 	4.7065E-01 	-4.5792E+00 	9.4999E-01 	
-4.5591E+00 	2.0401E+00 	-4.5591E+00 	4.7592E-01 	-4.5591E+00 	4.7592E-01 	-4.5591E+00 	9.5240E-01 	
-4.5391E+00 	2.0455E+00 	-4.5391E+00 	4.8426E-01 	-4.5391E+00 	4.8426E-01 	-4.5391E+00 	9.5483E-01 	
-4.5190E+00 	2.0522E+00 	-4.5190E+00 	4.9018E-01 	-4.5190E+00 	4.9018E-01 	-4.5190E+00 	9.5709E-01 	
-4.4990E+00 	2.0594E+00 	-4.4990E+00 	4.9286E-01 	-4.4990E+00 	4.9286E-01 	-4.4990E+00 	9.5993E-01 	
-4.4790E+00 	2.0670E+00 	-4.4790E+00 	4.9434E-01 	-4.4790E+00 	4.9434E-01 	-4.4790E+00 	9.6565E-01 	
-4.4589E+00 	2.0741E+00 	-4.4589E+00 	4.9304E-01 	-4.4589E+00 	4.9304E-01 	-4.4589E+00 	9.7139E-01 	
-4.4389E+00 	2.0805E+00 	-4.4389E+00 	4.9170E-01 	-4.4389E+00 	4.9170E-01 	-4.4389E+00 	9.7180E-01 	
-4.4188E+00 	2.0881E+00 	-4.4188E+00 	4.9560E-01 	-4.4188E+00 	4.9560E-01 	-4.4188E+00 	9.6908E-01 	
-4.3988E+00 	2.0934E+00 	-4.3988E+00 	5.0103E-01 	-4.3988E+00 	5.0103E-01 	-4.3988E+00 	9.7240E-01 	
-4.3788E+00 	2.0913E+00 	-4.3788E+00 	4.9929E-01 	-4.3788E+00 	4.9929E-01 	-4.3788E+00 	9.8320E-01 	
-4.3587E+00 	2.0861E+00 	-4.3587E+00 	4.9204E-01 	-4.3587E+00 	4.9204E-01 	-4.3587E+00 	9.8949E-01 	
-4.3387E+00 	2.0854E+00 	-4.3387E+00 	4.8519E-01 	-4.3387E+00 	4.8519E-01 	-4.3387E+00 	9.8555E-01 	
-4.3186E+00 	2.0934E+00 	-4.3186E+00 	4.8079E-01 	-4.3186E+00 	4.8079E-01 	-4.3186E+00 	9.8040E-01 	
-4.2986E+00 	2.1058E+00 	-4.2986E+00 	4.8173E-01 	-4.2986E+00 	4.8173E-01 	-4.2986E+00 	9.8117E-01 	
-4.2786E+00 	2.1168E+00 	-4.2786E+00 	4.8874E-01 	-4.2786E+00 	4.8874E-01 	-4.2786E+00 	9.8621E-01 	
-4.2585E+00 	2.1233E+00 	-4.2585E+00 	4.9711E-01 	-4.2585E+00 	4.9711E-01 	-4.2585E+00 	9.9184E-01 	
-4.2385E+00 	2.1267E+00 	-4.2385E+00 	5.0270E-01 	-4.2385E+00 	5.0270E-01 	-4.2385E+00 	9.9845E-01 	
-4.2184E+00 	2.1285E+00 	-4.2184E+00 	5.0322E-01 	-4.2184E+00 	5.0322E-01 	-4.2184E+00 	1.0060E+00 	
-4.1984E+00 	2.1301E+00 	-4.1984E+00 	5.0279E-01 	-4.1984E+00 	5.0279E-01 	-4.1984E+00 	1.0127E+00 	
-4.1784E+00 	2.1355E+00 	-4.1784E+00 	5.0519E-01 	-4.1784E+00 	5.0519E-01 	-4.1784E+00 	1.0180E+00 	
-4.1583E+00 	2.1432E+00 	-4.1583E+00 	5.0907E-01 	-4.1583E+00 	5.0907E-01 	-4.1583E+00 	1.0214E+00 	
-4.1383E+00 	2.1482E+00 	-4.1383E+00 	5.1147E-01 	-4.1383E+00 	5.1147E-01 	-4.1383E+00 	1.0229E+00 	
-4.1182E+00 	2.1512E+00 	-4.1182E+00 	5.1353E-01 	-4.1182E+00 	5.1353E-01 	-4.1182E+00 	1.0230E+00 	
-4.0982E+00 	2.1574E+00 	-4.0982E+00 	5.1505E-01 	-4.0982E+00 	5.1505E-01 	-4.0982E+00 	1.0207E+00 	
-4.0782E+00 	2.1673E+00 	-4.0782E+00 	5.1440E-01 	-4.0782E+00 	5.1440E-01 	-4.0782E+00 	1.0157E+00 	
-4.0581E+00 	2.1756E+00 	-4.0581E+00 	5.1068E-01 	-4.0581E+00 	5.1068E-01 	-4.0581E+00 	1.0123E+00 	
-4.0381E+00 	2.1786E+00 	-4.0381E+00 	5.0647E-01 	-4.0381E+00 	5.0647E-01 	-4.0381E+00 	1.0130E+00 	
-4.0180E+00 	2.1798E+00 	-4.0180E+00 	5.0597E-01 	-4.0180E+00 	5.0597E-01 	-4.0180E+00 	1.0197E+00 	
-3.9980E+00 	2.1825E+00 	-3.9980E+00 	5.0903E-01 	-3.9980E+00 	5.0903E-01 	-3.9980E+00 	1.0305E+00 	
-3.9780E+00 	2.1871E+00 	-3.9780E+00 	5.1175E-01 	-3.9780E+00 	5.1175E-01 	-3.9780E+00 	1.0361E+00 	
-3.9579E+00 	2.1921E+00 	-3.9579E+00 	5.1266E-01 	-3.9579E+00 	5.1266E-01 	-3.9579E+00 	1.0338E+00 	
-3.9379E+00 	2.1986E+00 	-3.9379E+00 	5.1470E-01 	-3.9379E+00 	5.1470E-01 	-3.9379E+00 	1.0336E+00 	
-3.9178E+00 	2.2073E+00 	-3.9178E+00 	5.1964E-01 	-3.9178E+00 	5.1964E-01 	-3.9178E+00 	1.0389E+00 	
-3.8978E+00 	2.2142E+00 	-3.8978E+00 	5.2497E-01 	-3.8978E+00 	5.2497E-01 	-3.8978E+00 	1.0424E+00 	
-3.8778E+00 	2.2182E+00 	-3.8778E+00 	5.2775E-01 	-3.8778E+00 	5.2775E-01 	-3.8778E+00 	1.0406E+00 	
-3.8577E+00 	2.2221E+00 	-3.8577E+00 	5.2708E-01 	-3.8577E+00 	5.2708E-01 	-3.8577E+00 	1.0399E+00 	
-3.8377E+00 	2.2303E+00 	-3.8377E+00 	5.2541E-01 	-3.8377E+00 	5.2541E-01 	-3.8377E+00 	1.0444E+00 	
-3.8176E+00 	2.2405E+00 	-3.8176E+00 	5.2335E-01 	-3.8176E+00 	5.2335E-01 	-3.8176E+00 	1.0536E+00 	
-3.7976E+00 	2.2478E+00 	-3.7976E+00 	5.1505E-01 	-3.7976E+00 	5.1505E-01 	-3.7976E+00 	1.0612E+00 	
-3.7776E+00 	2.2531E+00 	-3.7776E+00 	5.0439E-01 	-3.7776E+00 	5.0439E-01 	-3.7776E+00 	1.0621E+00 	
-3.7575E+00 	2.2594E+00 	-3.7575E+00 	5.0348E-01 	-3.7575E+00 	5.0348E-01 	-3.7575E+00 	1.0569E+00 	
-3.7375E+00 	2.2645E+00 	-3.7375E+00 	5.1229E-01 	-3.7375E+00 	5.1229E-01 	-3.7375E+00 	1.0535E+00 	
-3.7174E+00 	2.2658E+00 	-3.7174E+00 	5.2046E-01 	-3.7174E+00 	5.2046E-01 	-3.7174E+00 	1.0563E+00 	
-3.6974E+00 	2.2685E+00 	-3.6974E+00 	5.2068E-01 	-3.6974E+00 	5.2068E-01 	-3.6974E+00 	1.0581E+00 	
-3.6774E+00 	2.2744E+00 	-3.6774E+00 	5.1513E-01 	-3.6774E+00 	5.1513E-01 	-3.6774E+00 	1.0551E+00 	
-3.6573E+00 	2.2808E+00 	-3.6573E+00 	5.1307E-01 	-3.6573E+00 	5.1307E-01 	-3.6573E+00 	1.0554E+00 	
-3.6373E+00 	2.2839E+00 	-3.6373E+00 	5.1812E-01 	-3.6373E+00 	5.1812E-01 	-3.6373E+00 	1.0601E+00 	
-3.6172E+00 	2.2831E+00 	-3.6172E+00 	5.2647E-01 	-3.6172E+00 	5.2647E-01 	-3.6172E+00 	1.0657E+00 	
-3.5972E+00 	2.2835E+00 	-3.5972E+00 	5.3195E-01 	-3.5972E+00 	5.3195E-01 	-3.5972E+00 	1.0707E+00 	
-3.5772E+00 	2.2894E+00 	-3.5772E+00 	5.3572E-01 	-3.5772E+00 	5.3572E-01 	-3.5772E+00 	1.0759E+00 	
-3.5571E+00 	2.2974E+00 	-3.5571E+00 	5.4333E-01 	-3.5571E+00 	5.4333E-01 	-3.5571E+00 	1.0806E+00 	
-3.5371E+00 	2.3038E+00 	-3.5371E+00 	5.5188E-01 	-3.5371E+00 	5.5188E-01 	-3.5371E+00 	1.0859E+00 	
-3.5170E+00 	2.3084E+00 	-3.5170E+00 	5.5535E-01 	-3.5170E+00 	5.5535E-01 	-3.5170E+00 	1.0921E+00 	
-3.4970E+00 	2.3126E+00 	-3.4970E+00 	5.5695E-01 	-3.4970E+00 	5.5695E-01 	-3.4970E+00 	1.0966E+00 	
-3.4770E+00 	2.3163E+00 	-3.4770E+00 	5.6063E-01 	-3.4770E+00 	5.6063E-01 	-3.4770E+00 	1.0983E+00 	
-3.4569E+00 	2.3184E+00 	-3.4569E+00 	5.6248E-01 	-3.4569E+00 	5.6248E-01 	-3.4569E+00 	1.1007E+00 	
-3.4369E+00 	2.3216E+00 	-3.4369E+00 	5.5813E-01 	-3.4369E+00 	5.5813E-01 	-3.4369E+00 	1.1061E+00 	
-3.4168E+00 	2.3293E+00 	-3.4168E+00 	5.4961E-01 	-3.4168E+00 	5.4961E-01 	-3.4168E+00 	1.1119E+00 	
-3.3968E+00 	2.3405E+00 	-3.3968E+00 	5.4436E-01 	-3.3968E+00 	5.4436E-01 	-3.3968E+00 	1.1129E+00 	
-3.3768E+00 	2.3504E+00 	-3.3768E+00 	5.4675E-01 	-3.3768E+00 	5.4675E-01 	-3.3768E+00 	1.1096E+00 	
-3.3567E+00 	2.3570E+00 	-3.3567E+00 	5.5290E-01 	-3.3567E+00 	5.5290E-01 	-3.3567E+00 	1.1055E+00 	
-3.3367E+00 	2.3630E+00 	-3.3367E+00 	5.5519E-01 	-3.3367E+00 	5.5519E-01 	-3.3367E+00 	1.1039E+00 	
-3.3166E+00 	2.3680E+00 	-3.3166E+00 	5.5020E-01 	-3.3166E+00 	5.5020E-01 	-3.3166E+00 	1.1059E+00 	
-3.2966E+00 	2.3699E+00 	-3.2966E+00 	5.4599E-01 	-3.2966E+00 	5.4599E-01 	-3.2966E+00 	1.1062E+00 	
-3.2766E+00 	2.3705E+00 	-3.2766E+00 	5.4961E-01 	-3.2766E+00 	5.4961E-01 	-3.2766E+00 	1.0991E+00 	
-3.2565E+00 	2.3721E+00 	-3.2565E+00 	5.5825E-01 	-3.2565E+00 	5.5825E-01 	-3.2565E+00 	1.0929E+00 	
-3.2365E+00 	2.3738E+00 	-3.2365E+00 	5.6613E-01 	-3.2365E+00 	5.6613E-01 	-3.2365E+00 	1.0999E+00 	
-3.2164E+00 	2.3754E+00 	-3.2164E+00 	5.6816E-01 	-3.2164E+00 	5.6816E-01 	-3.2164E+00 	1.1172E+00 	
-3.1964E+00 	2.3756E+00 	-3.1964E+00 	5.6411E-01 	-3.1964E+00 	5.6411E-01 	-3.1964E+00 	1.1305E+00 	
-3.1764E+00 	2.3742E+00 	-3.1764E+00 	5.6012E-01 	-3.1764E+00 	5.6012E-01 	-3.1764E+00 	1.1311E+00 	
-3.1563E+00 	2.3744E+00 	-3.1563E+00 	5.6054E-01 	-3.1563E+00 	5.6054E-01 	-3.1563E+00 	1.1237E+00 	
-3.1363E+00 	2.3815E+00 	-3.1363E+00 	5.6196E-01 	-3.1363E+00 	5.6196E-01 	-3.1363E+00 	1.1179E+00 	
-3.1162E+00 	2.3946E+00 	-3.1162E+00 	5.5972E-01 	-3.1162E+00 	5.5972E-01 	-3.1162E+00 	1.1159E+00 	
-3.0962E+00 	2.4069E+00 	-3.0962E+00 	5.5472E-01 	-3.0962E+00 	5.5472E-01 	-3.0962E+00 	1.1157E+00 	
-3.0762E+00 	2.4123E+00 	-3.0762E+00 	5.5368E-01 	-3.0762E+00 	5.5368E-01 	-3.0762E+00 	1.1192E+00 	
-3.0561E+00 	2.4104E+00 	-3.0561E+00 	5.5786E-01 	-3.0561E+00 	5.5786E-01 	-3.0561E+00 	1.1274E+00 	
-3.0361E+00 	2.4078E+00 	-3.0361E+00 	5.6187E-01 	-3.0361E+00 	5.6187E-01 	-3.0361E+00 	1.1356E+00 	
-3.0160E+00 	2.4116E+00 	-3.0160E+00 	5.6459E-01 	-3.0160E+00 	5.6459E-01 	-3.0160E+00 	1.1404E+00 	
-2.9960E+00 	2.4196E+00 	-2.9960E+00 	5.6875E-01 	-2.9960E+00 	5.6875E-01 	-2.9960E+00 	1.1441E+00 	
-2.9760E+00 	2.4245E+00 	-2.9760E+00 	5.7503E-01 	-2.9760E+00 	5.7503E-01 	-2.9760E+00 	1.1485E+00 	
-2.9559E+00 	2.4228E+00 	-2.9559E+00 	5.8039E-01 	-2.9559E+00 	5.8039E-01 	-2.9559E+00 	1.1530E+00 	
-2.9359E+00 	2.4195E+00 	-2.9359E+00 	5.7926E-01 	-2.9359E+00 	5.7926E-01 	-2.9359E+00 	1.1546E+00 	
-2.9158E+00 	2.4204E+00 	-2.9158E+00 	5.7183E-01 	-2.9158E+00 	5.7183E-01 	-2.9158E+00 	1.1490E+00 	
-2.8958E+00 	2.4240E+00 	-2.8958E+00 	5.6604E-01 	-2.8958E+00 	5.6604E-01 	-2.8958E+00 	1.1416E+00 	
-2.8758E+00 	2.4256E+00 	-2.8758E+00 	5.6624E-01 	-2.8758E+00 	5.6624E-01 	-2.8758E+00 	1.1419E+00 	
-2.8557E+00 	2.4221E+00 	-2.8557E+00 	5.7031E-01 	-2.8557E+00 	5.7031E-01 	-2.8557E+00 	1.1459E+00 	
-2.8357E+00 	2.4166E+00 	-2.8357E+00 	5.7458E-01 	-2.8357E+00 	5.7458E-01 	-2.8357E+00 	1.1467E+00 	
-2.8156E+00 	2.4146E+00 	-2.8156E+00 	5.7715E-01 	-2.8156E+00 	5.7715E-01 	-2.8156E+00 	1.1453E+00 	
-2.7956E+00 	2.4179E+00 	-2.7956E+00 	5.7698E-01 	-2.7956E+00 	5.7698E-01 	-2.7956E+00 	1.1473E+00 	
-2.7756E+00 	2.4232E+00 	-2.7756E+00 	5.7315E-01 	-2.7756E+00 	5.7315E-01 	-2.7756E+00 	1.1530E+00 	
-2.7555E+00 	2.4278E+00 	-2.7555E+00 	5.6801E-01 	-2.7555E+00 	5.6801E-01 	-2.7555E+00 	1.1562E+00 	
-2.7355E+00 	2.4303E+00 	-2.7355E+00 	5.6555E-01 	-2.7355E+00 	5.6555E-01 	-2.7355E+00 	1.1526E+00 	
-2.7154E+00 	2.4308E+00 	-2.7154E+00 	5.6614E-01 	-2.7154E+00 	5.6614E-01 	-2.7154E+00 	1.1463E+00 	
-2.6954E+00 	2.4334E+00 	-2.6954E+00 	5.6918E-01 	-2.6954E+00 	5.6918E-01 	-2.6954E+00 	1.1438E+00 	
-2.6754E+00 	2.4403E+00 	-2.6754E+00 	5.7524E-01 	-2.6754E+00 	5.7524E-01 	-2.6754E+00 	1.1456E+00 	
-2.6553E+00 	2.4452E+00 	-2.6553E+00 	5.7991E-01 	-2.6553E+00 	5.7991E-01 	-2.6553E+00 	1.1497E+00 	
-2.6353E+00 	2.4419E+00 	-2.6353E+00 	5.7775E-01 	-2.6353E+00 	5.7775E-01 	-2.6353E+00 	1.1537E+00 	
-2.6152E+00 	2.4345E+00 	-2.6152E+00 	5.6869E-01 	-2.6152E+00 	5.6869E-01 	-2.6152E+00 	1.1581E+00 	
-2.5952E+00 	2.4303E+00 	-2.5952E+00 	5.6078E-01 	-2.5952E+00 	5.6078E-01 	-2.5952E+00 	1.1609E+00 	
-2.5752E+00 	2.4299E+00 	-2.5752E+00 	5.5789E-01 	-2.5752E+00 	5.5789E-01 	-2.5752E+00 	1.1605E+00 	
-2.5551E+00 	2.4302E+00 	-2.5551E+00 	5.5867E-01 	-2.5551E+00 	5.5867E-01 	-2.5551E+00 	1.1572E+00 	
-2.5351E+00 	2.4319E+00 	-2.5351E+00 	5.6134E-01 	-2.5351E+00 	5.6134E-01 	-2.5351E+00 	1.1542E+00 	
-2.5150E+00 	2.4386E+00 	-2.5150E+00 	5.6494E-01 	-2.5150E+00 	5.6494E-01 	-2.5150E+00 	1.1522E+00 	
-2.4950E+00 	2.4492E+00 	-2.4950E+00 	5.6854E-01 	-2.4950E+00 	5.6854E-01 	-2.4950E+00 	1.1491E+00 	
-2.4749E+00 	2.4559E+00 	-2.4749E+00 	5.7444E-01 	-2.4749E+00 	5.7444E-01 	-2.4749E+00 	1.1433E+00 	
-2.4549E+00 	2.4524E+00 	-2.4549E+00 	5.8166E-01 	-2.4549E+00 	5.8166E-01 	-2.4549E+00 	1.1415E+00 	
-2.4349E+00 	2.4426E+00 	-2.4349E+00 	5.8548E-01 	-2.4349E+00 	5.8548E-01 	-2.4349E+00 	1.1468E+00 	
-2.4148E+00 	2.4326E+00 	-2.4148E+00 	5.8089E-01 	-2.4148E+00 	5.8089E-01 	-2.4148E+00 	1.1526E+00 	
-2.3948E+00 	2.4242E+00 	-2.3948E+00 	5.6914E-01 	-2.3948E+00 	5.6914E-01 	-2.3948E+00 	1.1544E+00 	
-2.3747E+00 	2.4189E+00 	-2.3747E+00 	5.5923E-01 	-2.3747E+00 	5.5923E-01 	-2.3747E+00 	1.1543E+00 	
-2.3547E+00 	2.4188E+00 	-2.3547E+00 	5.5854E-01 	-2.3547E+00 	5.5854E-01 	-2.3547E+00 	1.1519E+00 	
-2.3347E+00 	2.4184E+00 	-2.3347E+00 	5.6401E-01 	-2.3347E+00 	5.6401E-01 	-2.3347E+00 	1.1459E+00 	
-2.3146E+00 	2.4110E+00 	-2.3146E+00 	5.6600E-01 	-2.3146E+00 	5.6600E-01 	-2.3146E+00 	1.1401E+00 	
-2.2946E+00 	2.3991E+00 	-2.2946E+00 	5.6090E-01 	-2.2946E+00 	5.6090E-01 	-2.2946E+00 	1.1359E+00 	
-2.2745E+00 	2.3899E+00 	-2.2745E+00 	5.5623E-01 	-2.2745E+00 	5.5623E-01 	-2.2745E+00 	1.1354E+00 	
-2.2545E+00 	2.3875E+00 	-2.2545E+00 	5.5880E-01 	-2.2545E+00 	5.5880E-01 	-2.2545E+00 	1.1348E+00 	
-2.2345E+00 	2.3895E+00 	-2.2345E+00 	5.6604E-01 	-2.2345E+00 	5.6604E-01 	-2.2345E+00 	1.1290E+00 	
-2.2144E+00 	2.3915E+00 	-2.2144E+00 	5.7126E-01 	-2.2144E+00 	5.7126E-01 	-2.2144E+00 	1.1252E+00 	
-2.1944E+00 	2.3913E+00 	-2.1944E+00 	5.7068E-01 	-2.1944E+00 	5.7068E-01 	-2.1944E+00 	1.1292E+00 	
-2.1743E+00 	2.3891E+00 	-2.1743E+00 	5.6407E-01 	-2.1743E+00 	5.6407E-01 	-2.1743E+00 	1.1335E+00 	
-2.1543E+00 	2.3845E+00 	-2.1543E+00 	5.5438E-01 	-2.1543E+00 	5.5438E-01 	-2.1543E+00 	1.1309E+00 	
-2.1343E+00 	2.3753E+00 	-2.1343E+00 	5.4890E-01 	-2.1343E+00 	5.4890E-01 	-2.1343E+00 	1.1250E+00 	
-2.1142E+00 	2.3644E+00 	-2.1142E+00 	5.5146E-01 	-2.1142E+00 	5.5146E-01 	-2.1142E+00 	1.1205E+00 	
-2.0942E+00 	2.3555E+00 	-2.0942E+00 	5.5477E-01 	-2.0942E+00 	5.5477E-01 	-2.0942E+00 	1.1168E+00 	
-2.0741E+00 	2.3477E+00 	-2.0741E+00 	5.5230E-01 	-2.0741E+00 	5.5230E-01 	-2.0741E+00 	1.1144E+00 	
-2.0541E+00 	2.3367E+00 	-2.0541E+00 	5.4887E-01 	-2.0541E+00 	5.4887E-01 	-2.0541E+00 	1.1138E+00 	
-2.0341E+00 	2.3233E+00 	-2.0341E+00 	5.4754E-01 	-2.0341E+00 	5.4754E-01 	-2.0341E+00 	1.1111E+00 	
-2.0140E+00 	2.3129E+00 	-2.0140E+00 	5.4450E-01 	-2.0140E+00 	5.4450E-01 	-2.0140E+00 	1.1045E+00 	
-1.9940E+00 	2.3095E+00 	-1.9940E+00 	5.3977E-01 	-1.9940E+00 	5.3977E-01 	-1.9940E+00 	1.0979E+00 	
-1.9739E+00 	2.3108E+00 	-1.9739E+00 	5.3943E-01 	-1.9739E+00 	5.3943E-01 	-1.9739E+00 	1.0937E+00 	
-1.9539E+00 	2.3098E+00 	-1.9539E+00 	5.4096E-01 	-1.9539E+00 	5.4096E-01 	-1.9539E+00 	1.0929E+00 	
-1.9339E+00 	2.3014E+00 	-1.9339E+00 	5.4071E-01 	-1.9339E+00 	5.4071E-01 	-1.9339E+00 	1.0921E+00 	
-1.9138E+00 	2.2854E+00 	-1.9138E+00 	5.3980E-01 	-1.9138E+00 	5.3980E-01 	-1.9138E+00 	1.0829E+00 	
-1.8938E+00 	2.2691E+00 	-1.8938E+00 	5.3928E-01 	-1.8938E+00 	5.3928E-01 	-1.8938E+00 	1.0668E+00 	
-1.8737E+00 	2.2590E+00 	-1.8737E+00 	5.3619E-01 	-1.8737E+00 	5.3619E-01 	-1.8737E+00 	1.0568E+00 	
-1.8537E+00 	2.2541E+00 	-1.8537E+00 	5.3164E-01 	-1.8537E+00 	5.3164E-01 	-1.8537E+00 	1.0572E+00 	
-1.8337E+00 	2.2475E+00 	-1.8337E+00 	5.2753E-01 	-1.8337E+00 	5.2753E-01 	-1.8337E+00 	1.0575E+00 	
-1.8136E+00 	2.2363E+00 	-1.8136E+00 	5.2734E-01 	-1.8136E+00 	5.2734E-01 	-1.8136E+00 	1.0517E+00 	
-1.7936E+00 	2.2223E+00 	-1.7936E+00 	5.3260E-01 	-1.7936E+00 	5.3260E-01 	-1.7936E+00 	1.0450E+00 	
-1.7735E+00 	2.2074E+00 	-1.7735E+00 	5.3801E-01 	-1.7735E+00 	5.3801E-01 	-1.7735E+00 	1.0423E+00 	
-1.7535E+00 	2.1932E+00 	-1.7535E+00 	5.3715E-01 	-1.7535E+00 	5.3715E-01 	-1.7535E+00 	1.0397E+00 	
-1.7335E+00 	2.1806E+00 	-1.7335E+00 	5.3319E-01 	-1.7335E+00 	5.3319E-01 	-1.7335E+00 	1.0354E+00 	
-1.7134E+00 	2.1687E+00 	-1.7134E+00 	5.3023E-01 	-1.7134E+00 	5.3023E-01 	-1.7134E+00 	1.0307E+00 	
-1.6934E+00 	2.1543E+00 	-1.6934E+00 	5.2838E-01 	-1.6934E+00 	5.2838E-01 	-1.6934E+00 	1.0256E+00 	
-1.6733E+00 	2.1350E+00 	-1.6733E+00 	5.2455E-01 	-1.6733E+00 	5.2455E-01 	-1.6733E+00 	1.0189E+00 	
-1.6533E+00 	2.1153E+00 	-1.6533E+00 	5.1738E-01 	-1.6533E+00 	5.1738E-01 	-1.6533E+00 	1.0107E+00 	
-1.6333E+00 	2.0982E+00 	-1.6333E+00 	5.0839E-01 	-1.6333E+00 	5.0839E-01 	-1.6333E+00 	1.0023E+00 	
-1.6132E+00 	2.0805E+00 	-1.6132E+00 	4.9991E-01 	-1.6132E+00 	4.9991E-01 	-1.6132E+00 	9.9386E-01 	
-1.5932E+00 	2.0610E+00 	-1.5932E+00 	4.9452E-01 	-1.5932E+00 	4.9452E-01 	-1.5932E+00 	9.8410E-01 	
-1.5731E+00 	2.0434E+00 	-1.5731E+00 	4.8884E-01 	-1.5731E+00 	4.8884E-01 	-1.5731E+00 	9.7553E-01 	
-1.5531E+00 	2.0267E+00 	-1.5531E+00 	4.7897E-01 	-1.5531E+00 	4.7897E-01 	-1.5531E+00 	9.7214E-01 	
-1.5331E+00 	2.0083E+00 	-1.5331E+00 	4.6898E-01 	-1.5331E+00 	4.6898E-01 	-1.5331E+00 	9.7206E-01 	
-1.5130E+00 	1.9890E+00 	-1.5130E+00 	4.6283E-01 	-1.5130E+00 	4.6283E-01 	-1.5130E+00 	9.6554E-01 	
-1.4930E+00 	1.9698E+00 	-1.4930E+00 	4.6093E-01 	-1.4930E+00 	4.6093E-01 	-1.4930E+00 	9.4937E-01 	
-1.4729E+00 	1.9482E+00 	-1.4729E+00 	4.6204E-01 	-1.4729E+00 	4.6204E-01 	-1.4729E+00 	9.3282E-01 	
-1.4529E+00 	1.9237E+00 	-1.4529E+00 	4.6482E-01 	-1.4529E+00 	4.6482E-01 	-1.4529E+00 	9.2367E-01 	
-1.4329E+00 	1.8996E+00 	-1.4329E+00 	4.6629E-01 	-1.4329E+00 	4.6629E-01 	-1.4329E+00 	9.1769E-01 	
-1.4128E+00 	1.8797E+00 	-1.4128E+00 	4.5986E-01 	-1.4128E+00 	4.5986E-01 	-1.4128E+00 	9.0977E-01 	
-1.3928E+00 	1.8622E+00 	-1.3928E+00 	4.4746E-01 	-1.3928E+00 	4.4746E-01 	-1.3928E+00 	9.0092E-01 	
-1.3727E+00 	1.8427E+00 	-1.3727E+00 	4.4079E-01 	-1.3727E+00 	4.4079E-01 	-1.3727E+00 	8.9227E-01 	
-1.3527E+00 	1.8220E+00 	-1.3527E+00 	4.4295E-01 	-1.3527E+00 	4.4295E-01 	-1.3527E+00 	8.8074E-01 	
-1.3327E+00 	1.8017E+00 	-1.3327E+00 	4.4278E-01 	-1.3327E+00 	4.4278E-01 	-1.3327E+00 	8.6671E-01 	
-1.3126E+00 	1.7761E+00 	-1.3126E+00 	4.3324E-01 	-1.3126E+00 	4.3324E-01 	-1.3126E+00 	8.5286E-01 	
-1.2926E+00 	1.7455E+00 	-1.2926E+00 	4.2163E-01 	-1.2926E+00 	4.2163E-01 	-1.2926E+00 	8.4114E-01 	
-1.2725E+00 	1.7177E+00 	-1.2725E+00 	4.1462E-01 	-1.2725E+00 	4.1462E-01 	-1.2725E+00 	8.2743E-01 	
-1.2525E+00 	1.6912E+00 	-1.2525E+00 	4.0984E-01 	-1.2525E+00 	4.0984E-01 	-1.2525E+00 	8.0954E-01 	
-1.2325E+00 	1.6617E+00 	-1.2325E+00 	4.0661E-01 	-1.2325E+00 	4.0661E-01 	-1.2325E+00 	7.9076E-01 	
-1.2124E+00 	1.6350E+00 	-1.2124E+00 	4.0605E-01 	-1.2124E+00 	4.0605E-01 	-1.2124E+00 	7.7648E-01 	
-1.1924E+00 	1.6164E+00 	-1.1924E+00 	4.0610E-01 	-1.1924E+00 	4.0610E-01 	-1.1924E+00 	7.6742E-01 	
-1.1723E+00 	1.5976E+00 	-1.1723E+00 	4.0112E-01 	-1.1723E+00 	4.0112E-01 	-1.1723E+00 	7.5889E-01 	
-1.1523E+00 	1.5689E+00 	-1.1523E+00 	3.9325E-01 	-1.1523E+00 	3.9325E-01 	-1.1523E+00 	7.4902E-01 	
-1.1323E+00 	1.5361E+00 	-1.1323E+00 	3.8979E-01 	-1.1323E+00 	3.8979E-01 	-1.1323E+00 	7.3815E-01 	
-1.1122E+00 	1.5049E+00 	-1.1122E+00 	3.8817E-01 	-1.1122E+00 	3.8817E-01 	-1.1122E+00 	7.2594E-01 	
-1.0922E+00 	1.4719E+00 	-1.0922E+00 	3.8337E-01 	-1.0922E+00 	3.8337E-01 	-1.0922E+00 	7.1189E-01 	
-1.0721E+00 	1.4359E+00 	-1.0721E+00 	3.7289E-01 	-1.0721E+00 	3.7289E-01 	-1.0721E+00 	6.9783E-01 	
-1.0521E+00 	1.3993E+00 	-1.0521E+00 	3.5831E-01 	-1.0521E+00 	3.5831E-01 	-1.0521E+00 	6.8384E-01 	
-1.0321E+00 	1.3648E+00 	-1.0321E+00 	3.4543E-01 	-1.0321E+00 	3.4543E-01 	-1.0321E+00 	6.7073E-01 	
-1.0120E+00 	1.3296E+00 	-1.0120E+00 	3.3947E-01 	-1.0120E+00 	3.3947E-01 	-1.0120E+00 	6.5872E-01 	
-9.9198E-01 	1.2913E+00 	-9.9198E-01 	3.3788E-01 	-9.9198E-01 	3.3788E-01 	-9.9198E-01 	6.4484E-01 	
-9.7194E-01 	1.2519E+00 	-9.7194E-01 	3.3499E-01 	-9.7194E-01 	3.3499E-01 	-9.7194E-01 	6.2934E-01 	
-9.5190E-01 	1.2153E+00 	-9.5190E-01 	3.2681E-01 	-9.5190E-01 	3.2681E-01 	-9.5190E-01 	6.1523E-01 	
-9.3186E-01 	1.1783E+00 	-9.3186E-01 	3.1509E-01 	-9.3186E-01 	3.1509E-01 	-9.3186E-01 	6.0115E-01 	
-9.1182E-01 	1.1381E+00 	-9.1182E-01 	3.0506E-01 	-9.1182E-01 	3.0506E-01 	-9.1182E-01 	5.8687E-01 	
-8.9178E-01 	1.0955E+00 	-8.9178E-01 	2.9817E-01 	-8.9178E-01 	2.9817E-01 	-8.9178E-01 	5.7305E-01 	
-8.7174E-01 	1.0576E+00 	-8.7174E-01 	2.9079E-01 	-8.7174E-01 	2.9079E-01 	-8.7174E-01 	5.5696E-01 	
-8.5170E-01 	1.0245E+00 	-8.5170E-01 	2.8294E-01 	-8.5170E-01 	2.8294E-01 	-8.5170E-01 	5.3826E-01 	
-8.3166E-01 	9.9096E-01 	-8.3166E-01 	2.7528E-01 	-8.3166E-01 	2.7528E-01 	-8.3166E-01 	5.2116E-01 	
-8.1162E-01 	9.5204E-01 	-8.1162E-01 	2.6359E-01 	-8.1162E-01 	2.6359E-01 	-8.1162E-01 	5.0392E-01 	
-7.9158E-01 	9.0748E-01 	-7.9158E-01 	2.4591E-01 	-7.9158E-01 	2.4591E-01 	-7.9158E-01 	4.7982E-01 	
-7.7154E-01 	8.5878E-01 	-7.7154E-01 	2.2651E-01 	-7.7154E-01 	2.2651E-01 	-7.7154E-01 	4.5159E-01 	
-7.5150E-01 	8.0732E-01 	-7.5150E-01 	2.1023E-01 	-7.5150E-01 	2.1023E-01 	-7.5150E-01 	4.2549E-01 	
-7.3146E-01 	7.5281E-01 	-7.3146E-01 	2.0197E-01 	-7.3146E-01 	2.0197E-01 	-7.3146E-01 	4.0107E-01 	
-7.1142E-01 	6.9616E-01 	-7.1142E-01 	2.0094E-01 	-7.1142E-01 	2.0094E-01 	-7.1142E-01 	3.7663E-01 	
-6.9138E-01 	6.3875E-01 	-6.9138E-01 	1.9847E-01 	-6.9138E-01 	1.9847E-01 	-6.9138E-01 	3.5453E-01 	
-6.7134E-01 	5.7842E-01 	-6.7134E-01 	1.8789E-01 	-6.7134E-01 	1.8789E-01 	-6.7134E-01 	3.3387E-01 	
-6.5130E-01 	5.1584E-01 	-6.5130E-01 	1.6755E-01 	-6.5130E-01 	1.6755E-01 	-6.5130E-01 	3.1122E-01 	
-6.3126E-01 	4.5660E-01 	-6.3126E-01 	1.4451E-01 	-6.3126E-01 	1.4451E-01 	-6.3126E-01 	2.8614E-01 	
-6.1122E-01 	4.0076E-01 	-6.1122E-01 	1.2590E-01 	-6.1122E-01 	1.2590E-01 	-6.1122E-01 	2.5785E-01 	
-5.9118E-01 	3.4265E-01 	-5.9118E-01 	1.1546E-01 	-5.9118E-01 	1.1546E-01 	-5.9118E-01 	2.2671E-01 	
-5.7114E-01 	2.7743E-01 	-5.7114E-01 	1.1068E-01 	-5.7114E-01 	1.1068E-01 	-5.7114E-01 	1.9679E-01 	
-5.5110E-01 	2.0853E-01 	-5.5110E-01 	1.0614E-01 	-5.5110E-01 	1.0614E-01 	-5.5110E-01 	1.6913E-01 	
-5.3106E-01 	1.4112E-01 	-5.3106E-01 	9.4390E-02 	-5.3106E-01 	9.4390E-02 	-5.3106E-01 	1.3874E-01 	
-5.1102E-01 	7.4966E-02 	-5.1102E-01 	7.1451E-02 	-5.1102E-01 	7.1451E-02 	-5.1102E-01 	1.0377E-01 	
-4.9098E-01 	7.2099E-03 	-4.9098E-01 	4.4075E-02 	-4.9098E-01 	4.4075E-02 	-4.9098E-01 	7.1303E-02 	
-4.7094E-01 	-6.4257E-02 	-4.7094E-01 	2.2973E-02 	-4.7094E-01 	2.2973E-02 	-4.7094E-01 	4.1145E-02 	
-4.5090E-01 	-1.4422E-01 	-4.5090E-01 	1.0209E-02 	-4.5090E-01 	1.0209E-02 	-4.5090E-01 	5.0515E-03 	
-4.3086E-01 	-2.3111E-01 	-4.3086E-01 	2.7280E-04 	-4.3086E-01 	2.7280E-04 	-4.3086E-01 	-3.6298E-02 	
-4.1082E-01 	-3.1964E-01 	-4.1082E-01 	-9.5480E-03 	-4.1082E-01 	-9.5480E-03 	-4.1082E-01 	-7.4668E-02 	
-3.9078E-01 	-4.0838E-01 	-3.9078E-01 	-2.0567E-02 	-3.9078E-01 	-2.0567E-02 	-3.9078E-01 	-1.0948E-01 	
-3.7074E-01 	-4.9870E-01 	-3.7074E-01 	-4.0591E-02 	-3.7074E-01 	-4.0591E-02 	-3.7074E-01 	-1.4277E-01 	
-3.5070E-01 	-5.9165E-01 	-3.5070E-01 	-6.8349E-02 	-3.5070E-01 	-6.8349E-02 	-3.5070E-01 	-1.7459E-01 	
-3.3066E-01 	-6.8677E-01 	-3.3066E-01 	-8.9938E-02 	-3.3066E-01 	-8.9938E-02 	-3.3066E-01 	-2.1101E-01 	
-3.1062E-01 	-7.8292E-01 	-3.1062E-01 	-1.0187E-01 	-3.1062E-01 	-1.0187E-01 	-3.1062E-01 	-2.5717E-01 	
-2.9058E-01 	-8.7728E-01 	-2.9058E-01 	-1.1865E-01 	-2.9058E-01 	-1.1865E-01 	-2.9058E-01 	-3.0875E-01 	
-2.7054E-01 	-9.6755E-01 	-2.7054E-01 	-1.4808E-01 	-2.7054E-01 	-1.4808E-01 	-2.7054E-01 	-3.6168E-01 	
-2.5050E-01 	-1.0551E+00 	-2.5050E-01 	-1.8235E-01 	-2.5050E-01 	-1.8235E-01 	-2.5050E-01 	-4.1231E-01 	
-2.3046E-01 	-1.1383E+00 	-2.3046E-01 	-2.1043E-01 	-2.3046E-01 	-2.1043E-01 	-2.3046E-01 	-4.6032E-01 	
-2.1042E-01 	-1.2131E+00 	-2.1042E-01 	-2.2976E-01 	-2.1042E-01 	-2.2976E-01 	-2.1042E-01 	-5.1038E-01 	
-1.9038E-01 	-1.2760E+00 	-1.9038E-01 	-2.4803E-01 	-1.9038E-01 	-2.4803E-01 	-1.9038E-01 	-5.6644E-01 	
-1.7034E-01 	-1.3272E+00 	-1.7034E-01 	-2.7057E-01 	-1.7034E-01 	-2.7057E-01 	-1.7034E-01 	-6.2359E-01 	
-1.5030E-01 	-1.3688E+00 	-1.5030E-01 	-2.9509E-01 	-1.5030E-01 	-2.9509E-01 	-1.5030E-01 	-6.7548E-01 	
-1.3026E-01 	-1.4016E+00 	-1.3026E-01 	-3.2098E-01 	-1.3026E-01 	-3.2098E-01 	-1.3026E-01 	-7.2413E-01 	
-1.1022E-01 	-1.4205E+00 	-1.1022E-01 	-3.5283E-01 	-1.1022E-01 	-3.5283E-01 	-1.1022E-01 	-7.7511E-01 	
-9.0180E-02 	-1.4236E+00 	-9.0180E-02 	-3.8978E-01 	-9.0180E-02 	-3.8978E-01 	-9.0180E-02 	-8.2742E-01 	
-7.0140E-02 	-1.4183E+00 	-7.0140E-02 	-4.2304E-01 	-7.0140E-02 	-4.2304E-01 	-7.0140E-02 	-8.7781E-01 	
-5.0100E-02 	-1.4076E+00 	-5.0100E-02 	-4.5260E-01 	-5.0100E-02 	-4.5260E-01 	-5.0100E-02 	-9.2429E-01 	
-3.0060E-02 	-1.3819E+00 	-3.0060E-02 	-4.8297E-01 	-3.0060E-02 	-4.8297E-01 	-3.0060E-02 	-9.6162E-01 	
-1.0020E-02 	-1.3377E+00 	-1.0020E-02 	-5.1232E-01 	-1.0020E-02 	-5.1232E-01 	-1.0020E-02 	-9.8472E-01 	
1.0020E-02 	-1.2808E+00 	1.0020E-02 	-5.3480E-01 	1.0020E-02 	-5.3480E-01 	1.0020E-02 	-9.9422E-01 	
3.0060E-02 	-1.2141E+00 	3.0060E-02 	-5.4845E-01 	3.0060E-02 	-5.4845E-01 	3.0060E-02 	-9.8841E-01 	
5.0100E-02 	-1.1339E+00 	5.0100E-02 	-5.5102E-01 	5.0100E-02 	-5.5102E-01 	5.0100E-02 	-9.6344E-01 	
7.0140E-02 	-1.0370E+00 	7.0140E-02 	-5.4204E-01 	7.0140E-02 	-5.4204E-01 	7.0140E-02 	-9.1832E-01 	
9.0180E-02 	-9.2738E-01 	9.0180E-02 	-5.2524E-01 	9.0180E-02 	-5.2524E-01 	9.0180E-02 	-8.5730E-01 	
1.1022E-01 	-8.1424E-01 	1.1022E-01 	-5.0066E-01 	1.1022E-01 	-5.0066E-01 	1.1022E-01 	-7.8319E-01 	
1.3026E-01 	-6.9583E-01 	1.3026E-01 	-4.6154E-01 	1.3026E-01 	-4.6154E-01 	1.3026E-01 	-6.9983E-01 	
1.5030E-01 	-5.6583E-01 	1.5030E-01 	-4.0435E-01 	1.5030E-01 	-4.0435E-01 	1.5030E-01 	-6.1035E-01 	
1.7034E-01 	-4.2720E-01 	1.7034E-01 	-3.3519E-01 	1.7034E-01 	-3.3519E-01 	1.7034E-01 	-5.1284E-01 	
1.9038E-01 	-2.9085E-01 	1.9038E-01 	-2.6294E-01 	1.9038E-01 	-2.6294E-01 	1.9038E-01 	-4.0191E-01 	
2.1042E-01 	-1.5790E-01 	2.1042E-01 	-1.9220E-01 	2.1042E-01 	-1.9220E-01 	2.1042E-01 	-2.7608E-01 	
2.3046E-01 	-2.0746E-02 	2.3046E-01 	-1.2541E-01 	2.3046E-01 	-1.2541E-01 	2.3046E-01 	-1.3919E-01 	
2.5050E-01 	1.2370E-01 	2.5050E-01 	-6.1348E-02 	2.5050E-01 	-6.1348E-02 	2.5050E-01 	4.8271E-04 	
2.7054E-01 	2.6773E-01 	2.7054E-01 	4.1748E-03 	2.7054E-01 	4.1748E-03 	2.7054E-01 	1.3608E-01 	
2.9058E-01 	4.0551E-01 	2.9058E-01 	7.3460E-02 	2.9058E-01 	7.3460E-02 	2.9058E-01 	2.6690E-01 	
3.1062E-01 	5.3954E-01 	3.1062E-01 	1.4348E-01 	3.1062E-01 	1.4348E-01 	3.1062E-01 	3.9515E-01 	
3.3066E-01 	6.6920E-01 	3.3066E-01 	2.1387E-01 	3.3066E-01 	2.1387E-01 	3.3066E-01 	5.1721E-01 	
3.5070E-01 	7.9107E-01 	3.5070E-01 	2.8832E-01 	3.5070E-01 	2.8832E-01 	3.5070E-01 	6.2380E-01 	
3.7074E-01 	9.0659E-01 	3.7074E-01 	3.6319E-01 	3.7074E-01 	3.6319E-01 	3.7074E-01 	7.1389E-01 	
3.9078E-01 	1.0182E+00 	3.9078E-01 	4.2752E-01 	3.9078E-01 	4.2752E-01 	3.9078E-01 	7.9319E-01 	
4.1082E-01 	1.1205E+00 	4.1082E-01 	4.7677E-01 	4.1082E-01 	4.7677E-01 	4.1082E-01 	8.6239E-01 	
4.3086E-01 	1.2062E+00 	4.3086E-01 	5.1251E-01 	4.3086E-01 	5.1251E-01 	4.3086E-01 	9.1923E-01 	
4.5090E-01 	1.2760E+00 	4.5090E-01 	5.3633E-01 	4.5090E-01 	5.3633E-01 	4.5090E-01 	9.6023E-01 	
4.7094E-01 	1.3342E+00 	4.7094E-01 	5.4925E-01 	4.7094E-01 	5.4925E-01 	4.7094E-01 	9.8245E-01 	
4.9098E-01 	1.3820E+00 	4.9098E-01 	5.5055E-01 	4.9098E-01 	5.5055E-01 	4.9098E-01 	9.8759E-01 	
5.1102E-01 	1.4162E+00 	5.1102E-01 	5.4126E-01 	5.1102E-01 	5.4126E-01 	5.1102E-01 	9.7682E-01 	
5.3106E-01 	1.4328E+00 	5.3106E-01 	5.2336E-01 	5.3106E-01 	5.2336E-01 	5.3106E-01 	9.5336E-01 	
5.5110E-01 	1.4319E+00 	5.5110E-01 	4.9586E-01 	5.5110E-01 	4.9586E-01 	5.5110E-01 	9.1935E-01 	
5.7114E-01 	1.4196E+00 	5.7114E-01 	4.6456E-01 	5.7114E-01 	4.6456E-01 	5.7114E-01 	8.7456E-01 	
5.9118E-01 	1.4016E+00 	5.9118E-01 	4.3547E-01 	5.9118E-01 	4.3547E-01 	5.9118E-01 	8.2119E-01 	
6.1122E-01 	1.3787E+00 	6.1122E-01 	4.0540E-01 	6.1122E-01 	4.0540E-01 	6.1122E-01 	7.6250E-01 	
6.3126E-01 	1.3467E+00 	6.3126E-01 	3.7049E-01 	6.3126E-01 	3.7049E-01 	6.3126E-01 	7.0479E-01 	
6.5130E-01 	1.2983E+00 	6.5130E-01 	3.3542E-01 	6.5130E-01 	3.3542E-01 	6.5130E-01 	6.5252E-01 	
6.7134E-01 	1.2316E+00 	6.7134E-01 	3.0396E-01 	6.7134E-01 	3.0396E-01 	6.7134E-01 	6.0047E-01 	
6.9138E-01 	1.1521E+00 	6.9138E-01 	2.7484E-01 	6.9138E-01 	2.7484E-01 	6.9138E-01 	5.4245E-01 	
7.1142E-01 	1.0637E+00 	7.1142E-01 	2.4417E-01 	7.1142E-01 	2.4417E-01 	7.1142E-01 	4.8227E-01 	
7.3146E-01 	9.6921E-01 	7.3146E-01 	2.1328E-01 	7.3146E-01 	2.1328E-01 	7.3146E-01 	4.2715E-01 	
7.5150E-01 	8.7214E-01 	7.5150E-01 	1.9029E-01 	7.5150E-01 	1.9029E-01 	7.5150E-01 	3.7975E-01 	
7.7154E-01 	7.7670E-01 	7.7154E-01 	1.7394E-01 	7.7154E-01 	1.7394E-01 	7.7154E-01 	3.3957E-01 	
7.9158E-01 	6.8195E-01 	7.9158E-01 	1.5320E-01 	7.9158E-01 	1.5320E-01 	7.9158E-01 	3.0182E-01 	
8.1162E-01 	5.8538E-01 	8.1162E-01 	1.2690E-01 	8.1162E-01 	1.2690E-01 	8.1162E-01 	2.6155E-01 	
8.3166E-01 	4.8695E-01 	8.3166E-01 	1.0382E-01 	8.3166E-01 	1.0382E-01 	8.3166E-01 	2.1893E-01 	
8.5170E-01 	3.9386E-01 	8.5170E-01 	8.9533E-02 	8.5170E-01 	8.9533E-02 	8.5170E-01 	1.7546E-01 	
8.7174E-01 	3.1040E-01 	8.7174E-01 	7.7917E-02 	8.7174E-01 	7.7917E-02 	8.7174E-01 	1.3061E-01 	
8.9178E-01 	2.3477E-01 	8.9178E-01 	5.7946E-02 	8.9178E-01 	5.7946E-02 	8.9178E-01 	8.6977E-02 	
9.1182E-01 	1.6070E-01 	9.1182E-01 	2.9649E-02 	9.1182E-01 	2.9649E-02 	9.1182E-01 	4.9480E-02 	
9.3186E-01 	8.0452E-02 	9.3186E-01 	4.9445E-03 	9.3186E-01 	4.9445E-03 	9.3186E-01 	1.7313E-02 	
9.5190E-01 	-5.3390E-03 	9.5190E-01 	-1.1865E-02 	9.5190E-01 	-1.1865E-02 	9.5190E-01 	-1.3302E-02 	
9.7194E-01 	-8.7159E-02 	9.7194E-01 	-2.7407E-02 	9.7194E-01 	-2.7407E-02 	9.7194E-01 	-4.3431E-02 	
9.9198E-01 	-1.6119E-01 	9.9198E-01 	-4.5411E-02 	9.9198E-01 	-4.5411E-02 	9.9198E-01 	-7.6347E-02 	
1.0120E+00 	-2.2985E-01 	1.0120E+00 	-6.3698E-02 	1.0120E+00 	-6.3698E-02 	1.0120E+00 	-1.1094E-01 	
1.0321E+00 	-2.9777E-01 	1.0321E+00 	-8.1126E-02 	1.0321E+00 	-8.1126E-02 	1.0321E+00 	-1.4163E-01 	
1.0521E+00 	-3.6623E-01 	1.0521E+00 	-9.7606E-02 	1.0521E+00 	-9.7606E-02 	1.0521E+00 	-1.6839E-01 	
1.0721E+00 	-4.3056E-01 	1.0721E+00 	-1.1325E-01 	1.0721E+00 	-1.1325E-01 	1.0721E+00 	-1.9482E-01 	
1.0922E+00 	-4.8627E-01 	1.0922E+00 	-1.2634E-01 	1.0922E+00 	-1.2634E-01 	1.0922E+00 	-2.2486E-01 	
1.1122E+00 	-5.3905E-01 	1.1122E+00 	-1.3695E-01 	1.1122E+00 	-1.3695E-01 	1.1122E+00 	-2.5925E-01 	
1.1323E+00 	-5.9707E-01 	1.1323E+00 	-1.4588E-01 	1.1323E+00 	-1.4588E-01 	1.1323E+00 	-2.9170E-01 	
1.1523E+00 	-6.5666E-01 	1.1523E+00 	-1.5623E-01 	1.1523E+00 	-1.5623E-01 	1.1523E+00 	-3.1857E-01 	
1.1723E+00 	-7.1006E-01 	1.1723E+00 	-1.7014E-01 	1.1723E+00 	-1.7014E-01 	1.1723E+00 	-3.4373E-01 	
1.1924E+00 	-7.6257E-01 	1.1924E+00 	-1.8678E-01 	1.1924E+00 	-1.8678E-01 	1.1924E+00 	-3.6966E-01 	
1.2124E+00 	-8.1947E-01 	1.2124E+00 	-2.0229E-01 	1.2124E+00 	-2.0229E-01 	1.2124E+00 	-3.9338E-01 	
1.2325E+00 	-8.7489E-01 	1.2325E+00 	-2.1551E-01 	1.2325E+00 	-2.1551E-01 	1.2325E+00 	-4.1341E-01 	
1.2525E+00 	-9.2301E-01 	1.2525E+00 	-2.2237E-01 	1.2525E+00 	-2.2237E-01 	1.2525E+00 	-4.3317E-01 	
1.2725E+00 	-9.6631E-01 	1.2725E+00 	-2.2301E-01 	1.2725E+00 	-2.2301E-01 	1.2725E+00 	-4.5341E-01 	
1.2926E+00 	-1.0070E+00 	1.2926E+00 	-2.2500E-01 	1.2926E+00 	-2.2500E-01 	1.2926E+00 	-4.7580E-01 	
1.3126E+00 	-1.0445E+00 	1.3126E+00 	-2.3806E-01 	1.3126E+00 	-2.3806E-01 	1.3126E+00 	-5.0096E-01 	
1.3327E+00 	-1.0790E+00 	1.3327E+00 	-2.6026E-01 	1.3327E+00 	-2.6026E-01 	1.3327E+00 	-5.2684E-01 	
1.3527E+00 	-1.1155E+00 	1.3527E+00 	-2.8053E-01 	1.3527E+00 	-2.8053E-01 	1.3527E+00 	-5.5349E-01 	
1.3727E+00 	-1.1569E+00 	1.3727E+00 	-2.9341E-01 	1.3727E+00 	-2.9341E-01 	1.3727E+00 	-5.8055E-01 	
1.3928E+00 	-1.1987E+00 	1.3928E+00 	-2.9949E-01 	1.3928E+00 	-2.9949E-01 	1.3928E+00 	-6.0066E-01 	
1.4128E+00 	-1.2364E+00 	1.4128E+00 	-3.0067E-01 	1.4128E+00 	-3.0067E-01 	1.4128E+00 	-6.1176E-01 	
1.4329E+00 	-1.2708E+00 	1.4329E+00 	-3.0337E-01 	1.4329E+00 	-3.0337E-01 	1.4329E+00 	-6.2091E-01 	
1.4529E+00 	-1.3030E+00 	1.4529E+00 	-3.1528E-01 	1.4529E+00 	-3.1528E-01 	1.4529E+00 	-6.3247E-01 	
1.4729E+00 	-1.3333E+00 	1.4729E+00 	-3.3264E-01 	1.4729E+00 	-3.3264E-01 	1.4729E+00 	-6.4741E-01 	
1.4930E+00 	-1.3634E+00 	1.4930E+00 	-3.4184E-01 	1.4930E+00 	-3.4184E-01 	1.4930E+00 	-6.6467E-01 	
1.5130E+00 	-1.3945E+00 	1.5130E+00 	-3.4402E-01 	1.5130E+00 	-3.4402E-01 	1.5130E+00 	-6.8214E-01 	
1.5331E+00 	-1.4275E+00 	1.5331E+00 	-3.4759E-01 	1.5331E+00 	-3.4759E-01 	1.5331E+00 	-6.9508E-01 	
1.5531E+00 	-1.4622E+00 	1.5531E+00 	-3.5177E-01 	1.5531E+00 	-3.5177E-01 	1.5531E+00 	-7.0431E-01 	
1.5731E+00 	-1.4964E+00 	1.5731E+00 	-3.5352E-01 	1.5731E+00 	-3.5352E-01 	1.5731E+00 	-7.1302E-01 	
1.5932E+00 	-1.5257E+00 	1.5932E+00 	-3.5677E-01 	1.5932E+00 	-3.5677E-01 	1.5932E+00 	-7.2094E-01 	
1.6132E+00 	-1.5479E+00 	1.6132E+00 	-3.6498E-01 	1.6132E+00 	-3.6498E-01 	1.6132E+00 	-7.2887E-01 	
1.6333E+00 	-1.5696E+00 	1.6333E+00 	-3.7533E-01 	1.6333E+00 	-3.7533E-01 	1.6333E+00 	-7.4368E-01 	
1.6533E+00 	-1.5973E+00 	1.6533E+00 	-3.8295E-01 	1.6533E+00 	-3.8295E-01 	1.6533E+00 	-7.6332E-01 	
1.6733E+00 	-1.6301E+00 	1.6733E+00 	-3.8947E-01 	1.6733E+00 	-3.8947E-01 	1.6733E+00 	-7.8091E-01 	
1.6934E+00 	-1.6631E+00 	1.6934E+00 	-3.9845E-01 	1.6934E+00 	-3.9845E-01 	1.6934E+00 	-7.9205E-01 	
1.7134E+00 	-1.6928E+00 	1.7134E+00 	-4.0924E-01 	1.7134E+00 	-4.0924E-01 	1.7134E+00 	-7.9820E-01 	
1.7335E+00 	-1.7184E+00 	1.7335E+00 	-4.1877E-01 	1.7335E+00 	-4.1877E-01 	1.7335E+00 	-8.0445E-01 	
1.7535E+00 	-1.7429E+00 	1.7535E+00 	-4.2525E-01 	1.7535E+00 	-4.2525E-01 	1.7535E+00 	-8.1468E-01 	
1.7735E+00 	-1.7668E+00 	1.7735E+00 	-4.2746E-01 	1.7735E+00 	-4.2746E-01 	1.7735E+00 	-8.2844E-01 	
1.7936E+00 	-1.7884E+00 	1.7936E+00 	-4.2760E-01 	1.7936E+00 	-4.2760E-01 	1.7936E+00 	-8.4379E-01 	
1.8136E+00 	-1.8055E+00 	1.8136E+00 	-4.3092E-01 	1.8136E+00 	-4.3092E-01 	1.8136E+00 	-8.5891E-01 	
1.8337E+00 	-1.8185E+00 	1.8337E+00 	-4.3839E-01 	1.8337E+00 	-4.3839E-01 	1.8337E+00 	-8.7131E-01 	
1.8537E+00 	-1.8342E+00 	1.8537E+00 	-4.4658E-01 	1.8537E+00 	-4.4658E-01 	1.8537E+00 	-8.8353E-01 	
1.8737E+00 	-1.8581E+00 	1.8737E+00 	-4.5594E-01 	1.8737E+00 	-4.5594E-01 	1.8737E+00 	-8.9691E-01 	
1.8938E+00 	-1.8863E+00 	1.8938E+00 	-4.6460E-01 	1.8938E+00 	-4.6460E-01 	1.8938E+00 	-9.0751E-01 	
1.9138E+00 	-1.9109E+00 	1.9138E+00 	-4.6796E-01 	1.9138E+00 	-4.6796E-01 	1.9138E+00 	-9.1016E-01 	
1.9339E+00 	-1.9307E+00 	1.9339E+00 	-4.6732E-01 	1.9339E+00 	-4.6732E-01 	1.9339E+00 	-9.1221E-01 	
1.9539E+00 	-1.9493E+00 	1.9539E+00 	-4.7069E-01 	1.9539E+00 	-4.7069E-01 	1.9539E+00 	-9.2334E-01 	
1.9739E+00 	-1.9685E+00 	1.9739E+00 	-4.7768E-01 	1.9739E+00 	-4.7768E-01 	1.9739E+00 	-9.4013E-01 	
1.9940E+00 	-1.9872E+00 	1.9940E+00 	-4.8200E-01 	1.9940E+00 	-4.8200E-01 	1.9940E+00 	-9.5416E-01 	
2.0140E+00 	-2.0038E+00 	2.0140E+00 	-4.8306E-01 	2.0140E+00 	-4.8306E-01 	2.0140E+00 	-9.6240E-01 	
2.0341E+00 	-2.0193E+00 	2.0341E+00 	-4.8582E-01 	2.0341E+00 	-4.8582E-01 	2.0341E+00 	-9.6652E-01 	
2.0541E+00 	-2.0360E+00 	2.0541E+00 	-4.9288E-01 	2.0541E+00 	-4.9288E-01 	2.0541E+00 	-9.7223E-01 	
2.0741E+00 	-2.0530E+00 	2.0741E+00 	-5.0170E-01 	2.0741E+00 	-5.0170E-01 	2.0741E+00 	-9.8092E-01 	
2.0942E+00 	-2.0678E+00 	2.0942E+00 	-5.0862E-01 	2.0942E+00 	-5.0862E-01 	2.0942E+00 	-9.8739E-01 	
2.1142E+00 	-2.0803E+00 	2.1142E+00 	-5.1290E-01 	2.1142E+00 	-5.1290E-01 	2.1142E+00 	-9.8805E-01 	
2.1343E+00 	-2.0903E+00 	2.1343E+00 	-5.1376E-01 	2.1343E+00 	-5.1376E-01 	2.1343E+00 	-9.8809E-01 	
2.1543E+00 	-2.0989E+00 	2.1543E+00 	-5.1130E-01 	2.1543E+00 	-5.1130E-01 	2.1543E+00 	-9.9432E-01 	
2.1743E+00 	-2.1102E+00 	2.1743E+00 	-5.0588E-01 	2.1743E+00 	-5.0588E-01 	2.1743E+00 	-1.0060E+00 	
2.1944E+00 	-2.1276E+00 	2.1944E+00 	-5.0415E-01 	2.1944E+00 	-5.0415E-01 	2.1944E+00 	-1.0162E+00 	
2.2144E+00 	-2.1462E+00 	2.2144E+00 	-5.0784E-01 	2.2144E+00 	-5.0784E-01 	2.2144E+00 	-1.0215E+00 	
2.2345E+00 	-2.1603E+00 	2.2345E+00 	-5.1240E-01 	2.2345E+00 	-5.1240E-01 	2.2345E+00 	-1.0239E+00 	
2.2545E+00 	-2.1695E+00 	2.2545E+00 	-5.1419E-01 	2.2545E+00 	-5.1419E-01 	2.2545E+00 	-1.0248E+00 	
2.2745E+00 	-2.1764E+00 	2.2745E+00 	-5.1819E-01 	2.2745E+00 	-5.1819E-01 	2.2745E+00 	-1.0255E+00 	
2.2946E+00 	-2.1833E+00 	2.2946E+00 	-5.2703E-01 	2.2946E+00 	-5.2703E-01 	2.2946E+00 	-1.0309E+00 	
2.3146E+00 	-2.1935E+00 	2.3146E+00 	-5.3476E-01 	2.3146E+00 	-5.3476E-01 	2.3146E+00 	-1.0467E+00 	
2.3347E+00 	-2.2058E+00 	2.3347E+00 	-5.3495E-01 	2.3347E+00 	-5.3495E-01 	2.3347E+00 	-1.0659E+00 	
2.3547E+00 	-2.2190E+00 	2.3547E+00 	-5.2971E-01 	2.3547E+00 	-5.2971E-01 	2.3547E+00 	-1.0765E+00 	
2.3747E+00 	-2.2301E+00 	2.3747E+00 	-5.2355E-01 	2.3747E+00 	-5.2355E-01 	2.3747E+00 	-1.0764E+00 	
2.3948E+00 	-2.2373E+00 	2.3948E+00 	-5.2089E-01 	2.3948E+00 	-5.2089E-01 	2.3948E+00 	-1.0709E+00 	
2.4148E+00 	-2.2450E+00 	2.4148E+00 	-5.2565E-01 	2.4148E+00 	-5.2565E-01 	2.4148E+00 	-1.0650E+00 	
2.4349E+00 	-2.2571E+00 	2.4349E+00 	-5.3665E-01 	2.4349E+00 	-5.3665E-01 	2.4349E+00 	-1.0643E+00 	
2.4549E+00 	-2.2673E+00 	2.4549E+00 	-5.4584E-01 	2.4549E+00 	-5.4584E-01 	2.4549E+00 	-1.0695E+00 	
2.4749E+00 	-2.2714E+00 	2.4749E+00 	-5.5088E-01 	2.4749E+00 	-5.5088E-01 	2.4749E+00 	-1.0795E+00 	
2.4950E+00 	-2.2765E+00 	2.4950E+00 	-5.5544E-01 	2.4950E+00 	-5.5544E-01 	2.4950E+00 	-1.0922E+00 	
2.5150E+00 	-2.2877E+00 	2.5150E+00 	-5.5960E-01 	2.5150E+00 	-5.5960E-01 	2.5150E+00 	-1.1010E+00 	
2.5351E+00 	-2.2991E+00 	2.5351E+00 	-5.6154E-01 	2.5351E+00 	-5.6154E-01 	2.5351E+00 	-1.1012E+00 	
2.5551E+00 	-2.3060E+00 	2.5551E+00 	-5.6169E-01 	2.5551E+00 	-5.6169E-01 	2.5551E+00 	-1.0983E+00 	
2.5752E+00 	-2.3093E+00 	2.5752E+00 	-5.6167E-01 	2.5752E+00 	-5.6167E-01 	2.5752E+00 	-1.0990E+00 	
2.5952E+00 	-2.3093E+00 	2.5952E+00 	-5.6545E-01 	2.5952E+00 	-5.6545E-01 	2.5952E+00 	-1.1031E+00 	
2.6152E+00 	-2.3105E+00 	2.6152E+00 	-5.7039E-01 	2.6152E+00 	-5.7039E-01 	2.6152E+00 	-1.1076E+00 	
2.6353E+00 	-2.3181E+00 	2.6353E+00 	-5.6654E-01 	2.6353E+00 	-5.6654E-01 	2.6353E+00 	-1.1120E+00 	
2.6553E+00 	-2.3291E+00 	2.6553E+00 	-5.5523E-01 	2.6553E+00 	-5.5523E-01 	2.6553E+00 	-1.1152E+00 	
2.6754E+00 	-2.3349E+00 	2.6754E+00 	-5.5296E-01 	2.6754E+00 	-5.5296E-01 	2.6754E+00 	-1.1162E+00 	
2.6954E+00 	-2.3358E+00 	2.6954E+00 	-5.6152E-01 	2.6954E+00 	-5.6152E-01 	2.6954E+00 	-1.1174E+00 	
2.7154E+00 	-2.3361E+00 	2.7154E+00 	-5.6767E-01 	2.7154E+00 	-5.6767E-01 	2.7154E+00 	-1.1202E+00 	
2.7355E+00 	-2.3359E+00 	2.7355E+00 	-5.6649E-01 	2.7355E+00 	-5.6649E-01 	2.7355E+00 	-1.1224E+00 	
2.7555E+00 	-2.3362E+00 	2.7555E+00 	-5.6193E-01 	2.7555E+00 	-5.6193E-01 	2.7555E+00 	-1.1209E+00 	
2.7756E+00 	-2.3402E+00 	2.7756E+00 	-5.5607E-01 	2.7756E+00 	-5.5607E-01 	2.7756E+00 	-1.1176E+00 	
2.7956E+00 	-2.3487E+00 	2.7956E+00 	-5.5358E-01 	2.7956E+00 	-5.5358E-01 	2.7956E+00 	-1.1147E+00 	
2.8156E+00 	-2.3559E+00 	2.8156E+00 	-5.5782E-01 	2.8156E+00 	-5.5782E-01 	2.8156E+00 	-1.1124E+00 	
2.8357E+00 	-2.3583E+00 	2.8357E+00 	-5.6366E-01 	2.8357E+00 	-5.6366E-01 	2.8357E+00 	-1.1099E+00 	
2.8557E+00 	-2.3591E+00 	2.8557E+00 	-5.6660E-01 	2.8557E+00 	-5.6660E-01 	2.8557E+00 	-1.1092E+00 	
2.8758E+00 	-2.3611E+00 	2.8758E+00 	-5.6938E-01 	2.8758E+00 	-5.6938E-01 	2.8758E+00 	-1.1145E+00 	
2.8958E+00 	-2.3628E+00 	2.8958E+00 	-5.7353E-01 	2.8958E+00 	-5.7353E-01 	2.8958E+00 	-1.1279E+00 	
2.9158E+00 	-2.3647E+00 	2.9158E+00 	-5.7625E-01 	2.9158E+00 	-5.7625E-01 	2.9158E+00 	-1.1398E+00 	
2.9359E+00 	-2.3669E+00 	2.9359E+00 	-5.7572E-01 	2.9359E+00 	-5.7572E-01 	2.9359E+00 	-1.1413E+00 	
2.9559E+00 	-2.3671E+00 	2.9559E+00 	-5.7425E-01 	2.9559E+00 	-5.7425E-01 	2.9559E+00 	-1.1346E+00 	
2.9760E+00 	-2.3647E+00 	2.9760E+00 	-5.7359E-01 	2.9760E+00 	-5.7359E-01 	2.9760E+00 	-1.1265E+00 	
2.9960E+00 	-2.3642E+00 	2.9960E+00 	-5.7381E-01 	2.9960E+00 	-5.7381E-01 	2.9960E+00 	-1.1206E+00 	
3.0160E+00 	-2.3669E+00 	3.0160E+00 	-5.7539E-01 	3.0160E+00 	-5.7539E-01 	3.0160E+00 	-1.1191E+00 	
3.0361E+00 	-2.3696E+00 	3.0361E+00 	-5.7698E-01 	3.0361E+00 	-5.7698E-01 	3.0361E+00 	-1.1214E+00 	
3.0561E+00 	-2.3695E+00 	3.0561E+00 	-5.7474E-01 	3.0561E+00 	-5.7474E-01 	3.0561E+00 	-1.1228E+00 	
3.0762E+00 	-2.3695E+00 	3.0762E+00 	-5.6720E-01 	3.0762E+00 	-5.6720E-01 	3.0762E+00 	-1.1227E+00 	
3.0962E+00 	-2.3692E+00 	3.0962E+00 	-5.6028E-01 	3.0962E+00 	-5.6028E-01 	3.0962E+00 	-1.1247E+00 	
3.1162E+00 	-2.3668E+00 	3.1162E+00 	-5.6239E-01 	3.1162E+00 	-5.6239E-01 	3.1162E+00 	-1.1309E+00 	
3.1363E+00 	-2.3637E+00 	3.1363E+00 	-5.6941E-01 	3.1363E+00 	-5.6941E-01 	3.1363E+00 	-1.1408E+00 	
3.1563E+00 	-2.3636E+00 	3.1563E+00 	-5.7272E-01 	3.1563E+00 	-5.7272E-01 	3.1563E+00 	-1.1485E+00 	
3.1764E+00 	-2.3667E+00 	3.1764E+00 	-5.7287E-01 	3.1764E+00 	-5.7287E-01 	3.1764E+00 	-1.1475E+00 	
3.1964E+00 	-2.3679E+00 	3.1964E+00 	-5.7465E-01 	3.1964E+00 	-5.7465E-01 	3.1964E+00 	-1.1411E+00 	
3.2164E+00 	-2.3617E+00 	3.2164E+00 	-5.7520E-01 	3.2164E+00 	-5.7520E-01 	3.2164E+00 	-1.1359E+00 	
3.2365E+00 	-2.3507E+00 	3.2365E+00 	-5.7395E-01 	3.2365E+00 	-5.7395E-01 	3.2365E+00 	-1.1314E+00 	
3.2565E+00 	-2.3431E+00 	3.2565E+00 	-5.7396E-01 	3.2565E+00 	-5.7396E-01 	3.2565E+00 	-1.1280E+00 	
3.2766E+00 	-2.3433E+00 	3.2766E+00 	-5.7350E-01 	3.2766E+00 	-5.7350E-01 	3.2766E+00 	-1.1285E+00 	
3.2966E+00 	-2.3460E+00 	3.2966E+00 	-5.7201E-01 	3.2966E+00 	-5.7201E-01 	3.2966E+00 	-1.1297E+00 	
3.3166E+00 	-2.3464E+00 	3.3166E+00 	-5.7324E-01 	3.3166E+00 	-5.7324E-01 	3.3166E+00 	-1.1245E+00 	
3.3367E+00 	-2.3467E+00 	3.3367E+00 	-5.7672E-01 	3.3367E+00 	-5.7672E-01 	3.3367E+00 	-1.1184E+00 	
3.3567E+00 	-2.3492E+00 	3.3567E+00 	-5.7693E-01 	3.3567E+00 	-5.7693E-01 	3.3567E+00 	-1.1201E+00 	
3.3768E+00 	-2.3515E+00 	3.3768E+00 	-5.7267E-01 	3.3768E+00 	-5.7267E-01 	3.3768E+00 	-1.1262E+00 	
3.3968E+00 	-2.3518E+00 	3.3968E+00 	-5.7305E-01 	3.3968E+00 	-5.7305E-01 	3.3968E+00 	-1.1306E+00 	
3.4168E+00 	-2.3494E+00 	3.4168E+00 	-5.8007E-01 	3.4168E+00 	-5.8007E-01 	3.4168E+00 	-1.1322E+00 	
3.4369E+00 	-2.3442E+00 	3.4369E+00 	-5.8322E-01 	3.4369E+00 	-5.8322E-01 	3.4369E+00 	-1.1312E+00 	
3.4569E+00 	-2.3385E+00 	3.4569E+00 	-5.7863E-01 	3.4569E+00 	-5.7863E-01 	3.4569E+00 	-1.1282E+00 	
3.4770E+00 	-2.3349E+00 	3.4770E+00 	-5.7381E-01 	3.4770E+00 	-5.7381E-01 	3.4770E+00 	-1.1216E+00 	
3.4970E+00 	-2.3330E+00 	3.4970E+00 	-5.7472E-01 	3.4970E+00 	-5.7472E-01 	3.4970E+00 	-1.1125E+00 	
3.5170E+00 	-2.3326E+00 	3.5170E+00 	-5.7748E-01 	3.5170E+00 	-5.7748E-01 	3.5170E+00 	-1.1056E+00 	
3.5371E+00 	-2.3343E+00 	3.5371E+00 	-5.7173E-01 	3.5371E+00 	-5.7173E-01 	3.5371E+00 	-1.1024E+00 	
3.5571E+00 	-2.3368E+00 	3.5571E+00 	-5.5895E-01 	3.5571E+00 	-5.5895E-01 	3.5571E+00 	-1.0974E+00 	
3.5772E+00 	-2.3344E+00 	3.5772E+00 	-5.5053E-01 	3.5772E+00 	-5.5053E-01 	3.5772E+00 	-1.0897E+00 	
3.5972E+00 	-2.3261E+00 	3.5972E+00 	-5.4908E-01 	3.5972E+00 	-5.4908E-01 	3.5972E+00 	-1.0882E+00 	
3.6172E+00 	-2.3187E+00 	3.6172E+00 	-5.5209E-01 	3.6172E+00 	-5.5209E-01 	3.6172E+00 	-1.0979E+00 	
3.6373E+00 	-2.3162E+00 	3.6373E+00 	-5.5891E-01 	3.6373E+00 	-5.5891E-01 	3.6373E+00 	-1.1084E+00 	
3.6573E+00 	-2.3159E+00 	3.6573E+00 	-5.6440E-01 	3.6573E+00 	-5.6440E-01 	3.6573E+00 	-1.1092E+00 	
3.6774E+00 	-2.3128E+00 	3.6774E+00 	-5.6076E-01 	3.6774E+00 	-5.6076E-01 	3.6774E+00 	-1.1014E+00 	
3.6974E+00 	-2.3047E+00 	3.6974E+00 	-5.5050E-01 	3.6974E+00 	-5.5050E-01 	3.6974E+00 	-1.0945E+00 	
3.7174E+00 	-2.2981E+00 	3.7174E+00 	-5.4373E-01 	3.7174E+00 	-5.4373E-01 	3.7174E+00 	-1.0909E+00 	
3.7375E+00 	-2.2979E+00 	3.7375E+00 	-5.4575E-01 	3.7375E+00 	-5.4575E-01 	3.7375E+00 	-1.0876E+00 	
3.7575E+00 	-2.3002E+00 	3.7575E+00 	-5.5354E-01 	3.7575E+00 	-5.5354E-01 	3.7575E+00 	-1.0841E+00 	
3.7776E+00 	-2.2973E+00 	3.7776E+00 	-5.5825E-01 	3.7776E+00 	-5.5825E-01 	3.7776E+00 	-1.0801E+00 	
3.7976E+00 	-2.2874E+00 	3.7976E+00 	-5.5787E-01 	3.7976E+00 	-5.5787E-01 	3.7976E+00 	-1.0776E+00 	
3.8176E+00 	-2.2776E+00 	3.8176E+00 	-5.5767E-01 	3.8176E+00 	-5.5767E-01 	3.8176E+00 	-1.0780E+00 	
3.8377E+00 	-2.2731E+00 	3.8377E+00 	-5.5746E-01 	3.8377E+00 	-5.5746E-01 	3.8377E+00 	-1.0793E+00 	
3.8577E+00 	-2.2698E+00 	3.8577E+00 	-5.5501E-01 	3.8577E+00 	-5.5501E-01 	3.8577E+00 	-1.0814E+00 	
3.8778E+00 	-2.2652E+00 	3.8778E+00 	-5.5300E-01 	3.8778E+00 	-5.5300E-01 	3.8778E+00 	-1.0845E+00 	
3.8978E+00 	-2.2619E+00 	3.8978E+00 	-5.5102E-01 	3.8978E+00 	-5.5102E-01 	3.8978E+00 	-1.0843E+00 	
3.9178E+00 	-2.2608E+00 	3.9178E+00 	-5.4466E-01 	3.9178E+00 	-5.4466E-01 	3.9178E+00 	-1.0783E+00 	
3.9379E+00 	-2.2584E+00 	3.9379E+00 	-5.3746E-01 	3.9379E+00 	-5.3746E-01 	3.9379E+00 	-1.0712E+00 	
3.9579E+00 	-2.2514E+00 	3.9579E+00 	-5.3686E-01 	3.9579E+00 	-5.3686E-01 	3.9579E+00 	-1.0639E+00 	
3.9780E+00 	-2.2432E+00 	3.9780E+00 	-5.4109E-01 	3.9780E+00 	-5.4109E-01 	3.9780E+00 	-1.0613E+00 	
3.9980E+00 	-2.2393E+00 	3.9980E+00 	-5.4235E-01 	3.9980E+00 	-5.4235E-01 	3.9980E+00 	-1.0642E+00 	
4.0180E+00 	-2.2403E+00 	4.0180E+00 	-5.4034E-01 	4.0180E+00 	-5.4034E-01 	4.0180E+00 	-1.0682E+00 	
4.0381E+00 	-2.2408E+00 	4.0381E+00 	-5.3882E-01 	4.0381E+00 	-5.3882E-01 	4.0381E+00 	-1.0657E+00 	
4.0581E+00 	-2.2377E+00 	4.0581E+00 	-5.3635E-01 	4.0581E+00 	-5.3635E-01 	4.0581E+00 	-1.0577E+00 	
4.0782E+00 	-2.2308E+00 	4.0782E+00 	-5.3149E-01 	4.0782E+00 	-5.3149E-01 	4.0782E+00 	-1.0514E+00 	
4.0982E+00 	-2.2207E+00 	4.0982E+00 	-5.2762E-01 	4.0982E+00 	-5.2762E-01 	4.0982E+00 	-1.0538E+00 	
4.1182E+00 	-2.2098E+00 	4.1182E+00 	-5.2839E-01 	4.1182E+00 	-5.2839E-01 	4.1182E+00 	-1.0611E+00 	
4.1383E+00 	-2.2024E+00 	4.1383E+00 	-5.3481E-01 	4.1383E+00 	-5.3481E-01 	4.1383E+00 	-1.0627E+00 	
4.1583E+00 	-2.1983E+00 	4.1583E+00 	-5.4175E-01 	4.1583E+00 	-5.4175E-01 	4.1583E+00 	-1.0565E+00 	
4.1784E+00 	-2.1942E+00 	4.1784E+00 	-5.4270E-01 	4.1784E+00 	-5.4270E-01 	4.1784E+00 	-1.0493E+00 	
4.1984E+00 	-2.1902E+00 	4.1984E+00 	-5.4009E-01 	4.1984E+00 	-5.4009E-01 	4.1984E+00 	-1.0448E+00 	
4.2184E+00 	-2.1880E+00 	4.2184E+00 	-5.3886E-01 	4.2184E+00 	-5.3886E-01 	4.2184E+00 	-1.0400E+00 	
4.2385E+00 	-2.1837E+00 	4.2385E+00 	-5.3692E-01 	4.2385E+00 	-5.3692E-01 	4.2385E+00 	-1.0340E+00 	
4.2585E+00 	-2.1743E+00 	4.2585E+00 	-5.3075E-01 	4.2585E+00 	-5.3075E-01 	4.2585E+00 	-1.0328E+00 	
4.2786E+00 	-2.1647E+00 	4.2786E+00 	-5.2443E-01 	4.2786E+00 	-5.2443E-01 	4.2786E+00 	-1.0371E+00 	
4.2986E+00 	-2.1615E+00 	4.2986E+00 	-5.2154E-01 	4.2986E+00 	-5.2154E-01 	4.2986E+00 	-1.0393E+00 	
4.3186E+00 	-2.1642E+00 	4.3186E+00 	-5.1891E-01 	4.3186E+00 	-5.1891E-01 	4.3186E+00 	-1.0335E+00 	
4.3387E+00 	-2.1657E+00 	4.3387E+00 	-5.1488E-01 	4.3387E+00 	-5.1488E-01 	4.3387E+00 	-1.0232E+00 	
4.3587E+00 	-2.1632E+00 	4.3587E+00 	-5.1323E-01 	4.3587E+00 	-5.1323E-01 	4.3587E+00 	-1.0143E+00 	
4.3788E+00 	-2.1559E+00 	4.3788E+00 	-5.1565E-01 	4.3788E+00 	-5.1565E-01 	4.3788E+00 	-1.0130E+00 	
4.3988E+00 	-2.1466E+00 	4.3988E+00 	-5.1734E-01 	4.3988E+00 	-5.1734E-01 	4.3988E+00 	-1.0177E+00 	
4.4188E+00 	-2.1404E+00 	4.4188E+00 	-5.1688E-01 	4.4188E+00 	-5.1688E-01 	4.4188E+00 	-1.0206E+00 	
4.4389E+00 	-2.1393E+00 	4.4389E+00 	-5.1841E-01 	4.4389E+00 	-5.1841E-01 	4.4389E+00 	-1.0208E+00 	
4.4589E+00 	-2.1398E+00 	4.4589E+00 	-5.1988E-01 	4.4589E+00 	-5.1988E-01 	4.4589E+00 	-1.0221E+00 	
4.4790E+00 	-2.1372E+00 	4.4790E+00 	-5.1682E-01 	4.4790E+00 	-5.1682E-01 	4.4790E+00 	-1.0228E+00 	
4.4990E+00 	-2.1307E+00 	4.4990E+00 	-5.0907E-01 	4.4990E+00 	-5.0907E-01 	4.4990E+00 	-1.0181E+00 	
4.5190E+00 	-2.1217E+00 	4.5190E+00 	-5.0028E-01 	4.5190E+00 	-5.0028E-01 	4.5190E+00 	-1.0090E+00 	
4.5391E+00 	-2.1163E+00 	4.5391E+00 	-4.9416E-01 	4.5391E+00 	-4.9416E-01 	4.5391E+00 	-1.0005E+00 	
4.5591E+00 	-2.1171E+00 	4.5591E+00 	-4.9170E-01 	4.5591E+00 	-4.9170E-01 	4.5591E+00 	-9.9295E-01 	
4.5792E+00 	-2.1184E+00 	4.5792E+00 	-4.9001E-01 	4.5792E+00 	-4.9001E-01 	4.5792E+00 	-9.8415E-01 	
4.5992E+00 	-2.1153E+00 	4.5992E+00 	-4.8886E-01 	4.5992E+00 	-4.8886E-01 	4.5992E+00 	-9.7729E-01 	
4.6192E+00 	-2.1082E+00 	4.6192E+00 	-4.9322E-01 	4.6192E+00 	-4.9322E-01 	4.6192E+00 	-9.7806E-01 	
4.6393E+00 	-2.0996E+00 	4.6393E+00 	-5.0195E-01 	4.6393E+00 	-5.0195E-01 	4.6393E+00 	-9.8473E-01 	
4.6593E+00 	-2.0929E+00 	4.6593E+00 	-5.0492E-01 	4.6593E+00 	-5.0492E-01 	4.6593E+00 	-9.9067E-01 	
4.6794E+00 	-2.0892E+00 	4.6794E+00 	-4.9931E-01 	4.6794E+00 	-4.9931E-01 	4.6794E+00 	-9.9281E-01 	
4.6994E+00 	-2.0859E+00 	4.6994E+00 	-4.9030E-01 	4.6994E+00 	-4.9030E-01 	4.6994E+00 	-9.9120E-01 	
4.7194E+00 	-2.0793E+00 	4.7194E+00 	-4.8586E-01 	4.7194E+00 	-4.8586E-01 	4.7194E+00 	-9.8642E-01 	
4.7395E+00 	-2.0721E+00 	4.7395E+00 	-4.8720E-01 	4.7395E+00 	-4.8720E-01 	4.7395E+00 	-9.8190E-01 	
4.7595E+00 	-2.0679E+00 	4.7595E+00 	-4.9093E-01 	4.7595E+00 	-4.9093E-01 	4.7595E+00 	-9.7901E-01 	
4.7796E+00 	-2.0658E+00 	4.7796E+00 	-4.9342E-01 	4.7796E+00 	-4.9342E-01 	4.7796E+00 	-9.7535E-01 	
4.7996E+00 	-2.0613E+00 	4.7996E+00 	-4.9264E-01 	4.7996E+00 	-4.9264E-01 	4.7996E+00 	-9.6925E-01 	
4.8196E+00 	-2.0537E+00 	4.8196E+00 	-4.9084E-01 	4.8196E+00 	-4.9084E-01 	4.8196E+00 	-9.6505E-01 	
4.8397E+00 	-2.0464E+00 	4.8397E+00 	-4.8960E-01 	4.8397E+00 	-4.8960E-01 	4.8397E+00 	-9.6448E-01 	
4.8597E+00 	-2.0424E+00 	4.8597E+00 	-4.8946E-01 	4.8597E+00 	-4.8946E-01 	4.8597E+00 	-9.6288E-01 	
4.8798E+00 	-2.0385E+00 	4.8798E+00 	-4.8944E-01 	4.8798E+00 	-4.8944E-01 	4.8798E+00 	-9.5246E-01 	
4.8998E+00 	-2.0344E+00 	4.8998E+00 	-4.8877E-01 	4.8998E+00 	-4.8877E-01 	4.8998E+00 	-9.3813E-01 	
4.9198E+00 	-2.0344E+00 	4.9198E+00 	-4.8727E-01 	4.9198E+00 	-4.8727E-01 	4.9198E+00 	-9.3210E-01 	
4.9399E+00 	-2.0349E+00 	4.9399E+00 	-4.8480E-01 	4.9399E+00 	-4.8480E-01 	4.9399E+00 	-9.3599E-01 	
4.9599E+00 	-2.0298E+00 	4.9599E+00 	-4.8158E-01 	4.9599E+00 	-4.8158E-01 	4.9599E+00 	-9.3947E-01 	
4.9800E+00 	-2.0188E+00 	4.9800E+00 	-4.7820E-01 	4.9800E+00 	-4.7820E-01 	4.9800E+00 	-9.3559E-01 	
5.0000E+00 	-2.0066E+00 	5.0000E+00 	-4.7485E-01 	5.0000E+00 	-4.7485E-01 	5.0000E+00 	-9.2973E-01 	
