Temps - Tracé 0	Amplitude - Tracé 0	Temps - Tracé 1	Amplitude - Tracé 1	
2.7	5.88309E+6	2.7	5.88309E+6	
2.70117	5.88397E+6	2.70117	5.88397E+6	
2.70233	5.8864E+6	2.70233	5.8864E+6	
2.7035	5.88295E+6	2.7035	5.88295E+6	
2.70467	5.88024E+6	2.70467	5.88024E+6	
2.70583	5.88228E+6	2.70583	5.88228E+6	
2.707	5.88208E+6	2.707	5.88208E+6	
2.70817	5.88472E+6	2.70817	5.88472E+6	
2.70933	5.88724E+6	2.70933	5.88724E+6	
2.7105	5.88394E+6	2.7105	5.88394E+6	
2.71167	5.88466E+6	2.71167	5.88466E+6	
2.71283	5.88214E+6	2.71283	5.88214E+6	
2.714	5.88309E+6	2.714	5.88309E+6	
2.71517	5.88765E+6	2.71517	5.88765E+6	
2.71633	5.88562E+6	2.71633	5.88562E+6	
2.7175	5.88225E+6	2.7175	5.88225E+6	
2.71867	5.88729E+6	2.71867	5.88729E+6	
2.71983	5.88496E+6	2.71983	5.88496E+6	
2.721	5.88598E+6	2.721	5.88598E+6	
2.72217	5.88195E+6	2.72217	5.88195E+6	
2.72333	5.88171E+6	2.72333	5.88171E+6	
2.7245	5.88388E+6	2.7245	5.88388E+6	
2.72567	5.88224E+6	2.72567	5.88224E+6	
2.72683	5.88409E+6	2.72683	5.88409E+6	
2.728	5.88726E+6	2.728	5.88726E+6	
2.72917	5.88369E+6	2.72917	5.88369E+6	
2.73033	5.88593E+6	2.73033	5.88593E+6	
2.7315	5.88421E+6	2.7315	5.88421E+6	
2.73267	5.88854E+6	2.73267	5.88854E+6	
2.73383	5.88348E+6	2.73383	5.88348E+6	
2.735	5.87842E+6	2.735	5.87842E+6	
2.73617	5.8828E+6	2.73617	5.8828E+6	
2.73733	5.88411E+6	2.73733	5.88411E+6	
2.7385	5.88603E+6	2.7385	5.88603E+6	
2.73967	5.88241E+6	2.73967	5.88241E+6	
2.74083	5.8857E+6	2.74083	5.8857E+6	
2.742	5.88129E+6	2.742	5.88129E+6	
2.74317	5.87852E+6	2.74317	5.87852E+6	
2.74433	5.88317E+6	2.74433	5.88317E+6	
2.7455	5.8808E+6	2.7455	5.8808E+6	
2.74667	5.88514E+6	2.74667	5.88514E+6	
2.74783	5.87777E+6	2.74783	5.87777E+6	
2.749	5.88385E+6	2.749	5.88385E+6	
2.75017	5.88E+6	2.75017	5.88E+6	
2.75133	5.8797E+6	2.75133	5.8797E+6	
2.7525	5.87571E+6	2.7525	5.87571E+6	
2.75367	5.8756E+6	2.75367	5.8756E+6	
2.75483	5.87789E+6	2.75483	5.87789E+6	
2.756	5.87976E+6	2.756	5.87976E+6	
2.75717	5.87619E+6	2.75717	5.87619E+6	
2.75833	5.87756E+6	2.75833	5.87756E+6	
2.7595	5.87252E+6	2.7595	5.87252E+6	
2.76067	5.87787E+6	2.76067	5.87787E+6	
2.76183	5.88074E+6	2.76183	5.88074E+6	
2.763	5.87879E+6	2.763	5.87879E+6	
2.76417	5.87859E+6	2.76417	5.87859E+6	
2.76533	5.88407E+6	2.76533	5.88407E+6	
2.7665	5.88389E+6	2.7665	5.88389E+6	
2.76767	5.88389E+6	2.76767	5.88389E+6	
2.76883	5.87904E+6	2.76883	5.87904E+6	
2.77	5.88109E+6	2.77	5.88109E+6	
2.77117	5.879E+6	2.77117	5.879E+6	
2.77233	5.87952E+6	2.77233	5.87952E+6	
2.7735	5.88237E+6	2.7735	5.88237E+6	
2.77467	5.88081E+6	2.77467	5.88081E+6	
2.77583	5.88314E+6	2.77583	5.88314E+6	
2.777	5.88424E+6	2.777	5.88424E+6	
2.77817	5.88038E+6	2.77817	5.88038E+6	
2.77933	5.87566E+6	2.77933	5.87566E+6	
2.7805	5.88012E+6	2.7805	5.88012E+6	
2.78167	5.8798E+6	2.78167	5.8798E+6	
2.78283	5.87352E+6	2.78283	5.87352E+6	
2.784	5.87437E+6	2.784	5.87437E+6	
2.78517	5.86789E+6	2.78517	5.86789E+6	
2.78633	5.86676E+6	2.78633	5.86676E+6	
2.7875	5.86341E+6	2.7875	5.86341E+6	
2.78867	5.85592E+6	2.78867	5.85592E+6	
2.78983	5.8475E+6	2.78983	5.8475E+6	
2.791	5.84023E+6	2.791	5.84023E+6	
2.79217	5.84102E+6	2.79217	5.84102E+6	
2.79333	5.83884E+6	2.79333	5.83884E+6	
2.7945	5.83583E+6	2.7945	5.83583E+6	
2.79567	5.8372E+6	2.79567	5.8372E+6	
2.79683	5.84139E+6	2.79683	5.84139E+6	
2.798	5.84425E+6	2.798	5.84425E+6	
2.79917	5.85418E+6	2.79917	5.85418E+6	
2.80033	5.86331E+6	2.80033	5.86331E+6	
2.8015	5.86519E+6	2.8015	5.86519E+6	
2.80267	5.87705E+6	2.80267	5.87705E+6	
2.80383	5.87254E+6	2.80383	5.87254E+6	
2.805	5.8788E+6	2.805	5.8788E+6	
2.80617	5.87684E+6	2.80617	5.87684E+6	
2.80733	5.88114E+6	2.80733	5.88114E+6	
2.8085	5.87513E+6	2.8085	5.87513E+6	
2.80967	5.87916E+6	2.80967	5.87916E+6	
2.81083	5.87895E+6	2.81083	5.87895E+6	
2.812	5.88005E+6	2.812	5.88005E+6	
2.81317	5.88017E+6	2.81317	5.88017E+6	
2.81433	5.88104E+6	2.81433	5.88104E+6	
2.8155	5.88357E+6	2.8155	5.88357E+6	
2.81667	5.87955E+6	2.81667	5.87955E+6	
2.81783	5.87946E+6	2.81783	5.87946E+6	
2.819	5.87444E+6	2.819	5.87444E+6	
2.82017	5.88094E+6	2.82017	5.88094E+6	
2.82133	5.87691E+6	2.82133	5.87691E+6	
2.8225	5.87495E+6	2.8225	5.87495E+6	
2.82367	5.87941E+6	2.82367	5.87941E+6	
2.82483	5.88203E+6	2.82483	5.88203E+6	
2.826	5.88081E+6	2.826	5.88081E+6	
2.82717	5.87515E+6	2.82717	5.87515E+6	
2.82833	5.88124E+6	2.82833	5.88124E+6	
2.8295	5.87597E+6	2.8295	5.87597E+6	
2.83067	5.87993E+6	2.83067	5.87993E+6	
2.83183	5.88009E+6	2.83183	5.88009E+6	
2.833	5.87972E+6	2.833	5.87972E+6	
2.83417	5.88028E+6	2.83417	5.88028E+6	
2.83533	5.87621E+6	2.83533	5.87621E+6	
2.8365	5.87845E+6	2.8365	5.87845E+6	
2.83767	5.87062E+6	2.83767	5.87062E+6	
2.83883	5.87933E+6	2.83883	5.87933E+6	
2.84	5.86905E+6	2.84	5.86905E+6	
2.84117	5.8732E+6	2.84117	5.8732E+6	
2.84233	5.86932E+6	2.84233	5.86932E+6	
2.8435	5.86333E+6	2.8435	5.86333E+6	
2.84467	5.86081E+6	2.84467	5.86081E+6	
2.84583	5.85991E+6	2.84583	5.85991E+6	
2.847	5.84924E+6	2.847	5.84924E+6	
2.84817	5.84726E+6	2.84817	5.84726E+6	
2.84933	5.84557E+6	2.84933	5.84557E+6	
2.8505	5.84576E+6	2.8505	5.84576E+6	
2.85167	5.84855E+6	2.85167	5.84855E+6	
2.85283	5.85116E+6	2.85283	5.85116E+6	
2.854	5.85209E+6	2.854	5.85209E+6	
2.85517	5.85875E+6	2.85517	5.85875E+6	
2.85633	5.85606E+6	2.85633	5.85606E+6	
2.8575	5.87037E+6	2.8575	5.87037E+6	
2.85867	5.85652E+6	2.85867	5.85652E+6	
2.85983	5.85703E+6	2.85983	5.85703E+6	
2.861	5.85008E+6	2.861	5.85008E+6	
2.86217	5.84464E+6	2.86217	5.84464E+6	
2.86333	5.84586E+6	2.86333	5.84586E+6	
2.8645	5.83624E+6	2.8645	5.83624E+6	
2.86567	5.8393E+6	2.86567	5.8393E+6	
2.86683	5.84185E+6	2.86683	5.84185E+6	
2.868	5.84779E+6	2.868	5.84779E+6	
2.86917	5.8538E+6	2.86917	5.8538E+6	
2.87033	5.85469E+6	2.87033	5.85469E+6	
2.8715	5.86577E+6	2.8715	5.86577E+6	
2.87267	5.86645E+6	2.87267	5.86645E+6	
2.87383	5.87237E+6	2.87383	5.87237E+6	
2.875	5.87727E+6	2.875	5.87727E+6	
2.87617	5.87498E+6	2.87617	5.87498E+6	
2.87733	5.87944E+6	2.87733	5.87944E+6	
2.8785	5.88043E+6	2.8785	5.88043E+6	
2.87967	5.88145E+6	2.87967	5.88145E+6	
2.88083	5.878E+6	2.88083	5.878E+6	
2.882	5.87505E+6	2.882	5.87505E+6	
2.88317	5.87345E+6	2.88317	5.87345E+6	
2.88433	5.86485E+6	2.88433	5.86485E+6	
2.8855	5.87305E+6	2.8855	5.87305E+6	
2.88667	5.8542E+6	2.88667	5.8542E+6	
2.88783	5.85246E+6	2.88783	5.85246E+6	
2.889	5.84431E+6	2.889	5.84431E+6	
2.89017	5.84289E+6	2.89017	5.84289E+6	
2.89133	5.83976E+6	2.89133	5.83976E+6	
2.8925	5.84528E+6	2.8925	5.84528E+6	
2.89367	5.84583E+6	2.89367	5.84583E+6	
2.89483	5.85121E+6	2.89483	5.85121E+6	
2.896	5.85539E+6	2.896	5.85539E+6	
2.89717	5.85908E+6	2.89717	5.85908E+6	
2.89833	5.8626E+6	2.89833	5.8626E+6	
2.8995	5.86604E+6	2.8995	5.86604E+6	
2.90067	5.8614E+6	2.90067	5.8614E+6	
2.90183	5.85977E+6	2.90183	5.85977E+6	
2.903	5.85715E+6	2.903	5.85715E+6	
2.90417	5.85035E+6	2.90417	5.85035E+6	
2.90533	5.85337E+6	2.90533	5.85337E+6	
2.9065	5.85289E+6	2.9065	5.85289E+6	
2.90767	5.84649E+6	2.90767	5.84649E+6	
2.90883	5.85351E+6	2.90883	5.85351E+6	
2.91	5.86355E+6	2.91	5.86355E+6	
2.91117	5.86231E+6	2.91117	5.86231E+6	
2.91233	5.86306E+6	2.91233	5.86306E+6	
2.9135	5.87333E+6	2.9135	5.87333E+6	
2.91467	5.87316E+6	2.91467	5.87316E+6	
2.91583	5.87159E+6	2.91583	5.87159E+6	
2.917	5.87258E+6	2.917	5.87258E+6	
2.91817	5.87746E+6	2.91817	5.87746E+6	
2.91933	5.87641E+6	2.91933	5.87641E+6	
2.9205	5.8758E+6	2.9205	5.8758E+6	
2.92167	5.87789E+6	2.92167	5.87789E+6	
2.92283	5.88193E+6	2.92283	5.88193E+6	
2.924	5.87845E+6	2.924	5.87845E+6	
2.92517	5.8793E+6	2.92517	5.8793E+6	
2.92633	5.87657E+6	2.92633	5.87657E+6	
2.9275	5.87861E+6	2.9275	5.87861E+6	
2.92867	5.8846E+6	2.92867	5.8846E+6	
2.92983	5.87616E+6	2.92983	5.87616E+6	
2.931	5.8745E+6	2.931	5.8745E+6	
2.93217	5.87546E+6	2.93217	5.87546E+6	
2.93333	5.87755E+6	2.93333	5.87755E+6	
2.9345	5.87888E+6	2.9345	5.87888E+6	
2.93567	5.87886E+6	2.93567	5.87886E+6	
2.93683	5.87712E+6	2.93683	5.87712E+6	
2.938	5.87808E+6	2.938	5.87808E+6	
2.93917	5.88335E+6	2.93917	5.88335E+6	
2.94033	5.88349E+6	2.94033	5.88349E+6	
2.9415	5.87907E+6	2.9415	5.87907E+6	
2.94267	5.87914E+6	2.94267	5.87914E+6	
2.94383	5.87731E+6	2.94383	5.87731E+6	
2.945	5.87506E+6	2.945	5.87506E+6	
2.94617	5.87052E+6	2.94617	5.87052E+6	
2.94733	5.86827E+6	2.94733	5.86827E+6	
2.9485	5.86438E+6	2.9485	5.86438E+6	
2.94967	5.85542E+6	2.94967	5.85542E+6	
2.95083	5.85066E+6	2.95083	5.85066E+6	
2.952	5.84815E+6	2.952	5.84815E+6	
2.95317	5.84048E+6	2.95317	5.84048E+6	
2.95433	5.83488E+6	2.95433	5.83488E+6	
2.9555	5.84013E+6	2.9555	5.84013E+6	
2.95667	5.84632E+6	2.95667	5.84632E+6	
2.95783	5.8445E+6	2.95783	5.8445E+6	
2.959	5.84671E+6	2.959	5.84671E+6	
2.96017	5.85305E+6	2.96017	5.85305E+6	
2.96133	5.85639E+6	2.96133	5.85639E+6	
2.9625	5.86438E+6	2.9625	5.86438E+6	
2.96367	5.87087E+6	2.96367	5.87087E+6	
2.96483	5.87249E+6	2.96483	5.87249E+6	
2.966	5.87645E+6	2.966	5.87645E+6	
2.96717	5.87845E+6	2.96717	5.87845E+6	
2.96833	5.87974E+6	2.96833	5.87974E+6	
2.9695	5.88118E+6	2.9695	5.88118E+6	
2.97067	5.88032E+6	2.97067	5.88032E+6	
2.97183	5.88027E+6	2.97183	5.88027E+6	
2.973	5.88314E+6	2.973	5.88314E+6	
2.97417	5.88221E+6	2.97417	5.88221E+6	
2.97533	5.88593E+6	2.97533	5.88593E+6	
2.9765	5.88272E+6	2.9765	5.88272E+6	
2.97767	5.88034E+6	2.97767	5.88034E+6	
2.97883	5.87813E+6	2.97883	5.87813E+6	
2.98	5.8773E+6	2.98	5.8773E+6	
2.98117	5.87938E+6	2.98117	5.87938E+6	
2.98233	5.87529E+6	2.98233	5.87529E+6	
2.9835	5.87413E+6	2.9835	5.87413E+6	
2.98467	5.87659E+6	2.98467	5.87659E+6	
2.98583	5.87212E+6	2.98583	5.87212E+6	
2.987	5.86619E+6	2.987	5.86619E+6	
2.98817	5.8637E+6	2.98817	5.8637E+6	
2.98933	5.87052E+6	2.98933	5.87052E+6	
2.9905	5.86982E+6	2.9905	5.86982E+6	
2.99167	5.8707E+6	2.99167	5.8707E+6	
2.99283	5.87154E+6	2.99283	5.87154E+6	
2.994	5.87795E+6	2.994	5.87795E+6	
2.99517	5.88001E+6	2.99517	5.88001E+6	
2.99633	5.87577E+6	2.99633	5.87577E+6	
2.9975	5.88113E+6	2.9975	5.88113E+6	
2.99867	5.87929E+6	2.99867	5.87929E+6	
2.99983	5.88494E+6	2.99983	5.88494E+6	
3.001	5.88382E+6	3.001	5.88382E+6	
3.00217	5.88229E+6	3.00217	5.88229E+6	
3.00333	5.87917E+6	3.00333	5.87917E+6	
3.0045	5.88454E+6	3.0045	5.88454E+6	
3.00567	5.88664E+6	3.00567	5.88664E+6	
3.00683	5.88318E+6	3.00683	5.88318E+6	
3.008	5.87998E+6	3.008	5.87998E+6	
3.00917	5.88593E+6	3.00917	5.88593E+6	
3.01033	5.88183E+6	3.01033	5.88183E+6	
3.0115	5.88299E+6	3.0115	5.88299E+6	
3.01267	5.88534E+6	3.01267	5.88534E+6	
3.01383	5.88254E+6	3.01383	5.88254E+6	
3.015	5.88704E+6	3.015	5.88704E+6	
3.01617	5.88349E+6	3.01617	5.88349E+6	
3.01733	5.88002E+6	3.01733	5.88002E+6	
3.0185	5.88227E+6	3.0185	5.88227E+6	
3.01967	5.88002E+6	3.01967	5.88002E+6	
3.02083	5.88288E+6	3.02083	5.88288E+6	
3.022	5.88358E+6	3.022	5.88358E+6	
3.02317	5.88199E+6	3.02317	5.88199E+6	
3.02433	5.88128E+6	3.02433	5.88128E+6	
3.0255	5.8808E+6	3.0255	5.8808E+6	
3.02667	5.88434E+6	3.02667	5.88434E+6	
3.02783	5.88449E+6	3.02783	5.88449E+6	
3.029	5.88195E+6	3.029	5.88195E+6	
3.03017	5.87916E+6	3.03017	5.87916E+6	
3.03133	5.88017E+6	3.03133	5.88017E+6	
3.0325	5.88558E+6	3.0325	5.88558E+6	
3.03367	5.88651E+6	3.03367	5.88651E+6	
3.03483	5.88516E+6	3.03483	5.88516E+6	
3.036	5.88423E+6	3.036	5.88423E+6	
3.03717	5.88803E+6	3.03717	5.88803E+6	
3.03833	5.88639E+6	3.03833	5.88639E+6	
3.0395	5.89006E+6	3.0395	5.89006E+6	
3.04067	5.88614E+6	3.04067	5.88614E+6	
3.04183	5.88176E+6	3.04183	5.88176E+6	
3.043	5.88453E+6	3.043	5.88453E+6	
3.04417	5.88474E+6	3.04417	5.88474E+6	
3.04533	5.88406E+6	3.04533	5.88406E+6	
3.0465	5.88513E+6	3.0465	5.88513E+6	
3.04767	5.88489E+6	3.04767	5.88489E+6	
3.04883	5.88634E+6	3.04883	5.88634E+6	
3.05	5.88627E+6	3.05	5.88627E+6	
