Temps - Tracé 0	Amplitude - Tracé 0	Temps - Tracé 1	Amplitude - Tracé 1	
2.9	6.7667E+6	2.9	6.7667E+6	
2.9005	6.76296E+6	2.9005	6.76296E+6	
2.901	6.7723E+6	2.901	6.7723E+6	
2.9015	6.77865E+6	2.9015	6.77865E+6	
2.902	6.77934E+6	2.902	6.77934E+6	
2.9025	6.77154E+6	2.9025	6.77154E+6	
2.903	6.75308E+6	2.903	6.75308E+6	
2.9035	6.77001E+6	2.9035	6.77001E+6	
2.904	6.75455E+6	2.904	6.75455E+6	
2.9045	6.75745E+6	2.9045	6.75745E+6	
2.905	6.75896E+6	2.905	6.75896E+6	
2.9055	6.77288E+6	2.9055	6.77288E+6	
2.906	6.76556E+6	2.906	6.76556E+6	
2.9065	6.76933E+6	2.9065	6.76933E+6	
2.907	6.76978E+6	2.907	6.76978E+6	
2.9075	6.77004E+6	2.9075	6.77004E+6	
2.908	6.75916E+6	2.908	6.75916E+6	
2.9085	6.7498E+6	2.9085	6.7498E+6	
2.909	6.76663E+6	2.909	6.76663E+6	
2.9095	6.75773E+6	2.9095	6.75773E+6	
2.91	6.78307E+6	2.91	6.78307E+6	
2.9105	6.76281E+6	2.9105	6.76281E+6	
2.911	6.75649E+6	2.911	6.75649E+6	
2.9115	6.7689E+6	2.9115	6.7689E+6	
2.912	6.77465E+6	2.912	6.77465E+6	
2.9125	6.77068E+6	2.9125	6.77068E+6	
2.913	6.76416E+6	2.913	6.76416E+6	
2.9135	6.7616E+6	2.9135	6.7616E+6	
2.914	6.76313E+6	2.914	6.76313E+6	
2.9145	6.76144E+6	2.9145	6.76144E+6	
2.915	6.76493E+6	2.915	6.76493E+6	
2.9155	6.77792E+6	2.9155	6.77792E+6	
2.916	6.74982E+6	2.916	6.74982E+6	
2.9165	6.75739E+6	2.9165	6.75739E+6	
2.917	6.78415E+6	2.917	6.78415E+6	
2.9175	6.76675E+6	2.9175	6.76675E+6	
2.918	6.77281E+6	2.918	6.77281E+6	
2.9185	6.76918E+6	2.9185	6.76918E+6	
2.919	6.75728E+6	2.919	6.75728E+6	
2.9195	6.77918E+6	2.9195	6.77918E+6	
2.92	6.76156E+6	2.92	6.76156E+6	
2.9205	6.75746E+6	2.9205	6.75746E+6	
2.921	6.76985E+6	2.921	6.76985E+6	
2.9215	6.76185E+6	2.9215	6.76185E+6	
2.922	6.76416E+6	2.922	6.76416E+6	
2.9225	6.76063E+6	2.9225	6.76063E+6	
2.923	6.7788E+6	2.923	6.7788E+6	
2.9235	6.76135E+6	2.9235	6.76135E+6	
2.924	6.77345E+6	2.924	6.77345E+6	
2.9245	6.77291E+6	2.9245	6.77291E+6	
2.925	6.77169E+6	2.925	6.77169E+6	
2.9255	6.7651E+6	2.9255	6.7651E+6	
2.926	6.77059E+6	2.926	6.77059E+6	
2.9265	6.75388E+6	2.9265	6.75388E+6	
2.927	6.76994E+6	2.927	6.76994E+6	
2.9275	6.7711E+6	2.9275	6.7711E+6	
2.928	6.76835E+6	2.928	6.76835E+6	
2.9285	6.78362E+6	2.9285	6.78362E+6	
2.929	6.76423E+6	2.929	6.76423E+6	
2.9295	6.76464E+6	2.9295	6.76464E+6	
2.93	6.76929E+6	2.93	6.76929E+6	
2.9305	6.75961E+6	2.9305	6.75961E+6	
2.931	6.76444E+6	2.931	6.76444E+6	
2.9315	6.76366E+6	2.9315	6.76366E+6	
2.932	6.76736E+6	2.932	6.76736E+6	
2.9325	6.76095E+6	2.9325	6.76095E+6	
2.933	6.76908E+6	2.933	6.76908E+6	
2.9335	6.75814E+6	2.9335	6.75814E+6	
2.934	6.7536E+6	2.934	6.7536E+6	
2.9345	6.77099E+6	2.9345	6.77099E+6	
2.935	6.7615E+6	2.935	6.7615E+6	
2.9355	6.756E+6	2.9355	6.756E+6	
2.936	6.77842E+6	2.936	6.77842E+6	
2.9365	6.76396E+6	2.9365	6.76396E+6	
2.937	6.7678E+6	2.937	6.7678E+6	
2.9375	6.74614E+6	2.9375	6.74614E+6	
2.938	6.76649E+6	2.938	6.76649E+6	
2.9385	6.77507E+6	2.9385	6.77507E+6	
2.939	6.7575E+6	2.939	6.7575E+6	
2.9395	6.75229E+6	2.9395	6.75229E+6	
2.94	6.77628E+6	2.94	6.77628E+6	
2.9405	6.76815E+6	2.9405	6.76815E+6	
2.941	6.76571E+6	2.941	6.76571E+6	
2.9415	6.74651E+6	2.9415	6.74651E+6	
2.942	6.7608E+6	2.942	6.7608E+6	
2.9425	6.75599E+6	2.9425	6.75599E+6	
2.943	6.77011E+6	2.943	6.77011E+6	
2.9435	6.75569E+6	2.9435	6.75569E+6	
2.944	6.74607E+6	2.944	6.74607E+6	
2.9445	6.70673E+6	2.9445	6.70673E+6	
2.945	6.70052E+6	2.945	6.70052E+6	
2.9455	6.71392E+6	2.9455	6.71392E+6	
2.946	6.72193E+6	2.946	6.72193E+6	
2.9465	6.70948E+6	2.9465	6.70948E+6	
2.947	6.71568E+6	2.947	6.71568E+6	
2.9475	6.75639E+6	2.9475	6.75639E+6	
2.948	6.76034E+6	2.948	6.76034E+6	
2.9485	6.7639E+6	2.9485	6.7639E+6	
2.949	6.75414E+6	2.949	6.75414E+6	
2.9495	6.77284E+6	2.9495	6.77284E+6	
2.95	6.76395E+6	2.95	6.76395E+6	
2.9505	6.76855E+6	2.9505	6.76855E+6	
2.951	6.76356E+6	2.951	6.76356E+6	
2.9515	6.75288E+6	2.9515	6.75288E+6	
2.952	6.76479E+6	2.952	6.76479E+6	
2.9525	6.75761E+6	2.9525	6.75761E+6	
2.953	6.76766E+6	2.953	6.76766E+6	
2.9535	6.76726E+6	2.9535	6.76726E+6	
2.954	6.76088E+6	2.954	6.76088E+6	
2.9545	6.76364E+6	2.9545	6.76364E+6	
2.955	6.76145E+6	2.955	6.76145E+6	
2.9555	6.76433E+6	2.9555	6.76433E+6	
2.956	6.7735E+6	2.956	6.7735E+6	
2.9565	6.7889E+6	2.9565	6.7889E+6	
2.957	6.76486E+6	2.957	6.76486E+6	
2.9575	6.75476E+6	2.9575	6.75476E+6	
2.958	6.7669E+6	2.958	6.7669E+6	
2.9585	6.75985E+6	2.9585	6.75985E+6	
2.959	6.7624E+6	2.959	6.7624E+6	
2.9595	6.75815E+6	2.9595	6.75815E+6	
2.96	6.7755E+6	2.96	6.7755E+6	
2.9605	6.75936E+6	2.9605	6.75936E+6	
2.961	6.75971E+6	2.961	6.75971E+6	
2.9615	6.74797E+6	2.9615	6.74797E+6	
2.962	6.77439E+6	2.962	6.77439E+6	
2.9625	6.77265E+6	2.9625	6.77265E+6	
2.963	6.76856E+6	2.963	6.76856E+6	
2.9635	6.7681E+6	2.9635	6.7681E+6	
2.964	6.77719E+6	2.964	6.77719E+6	
2.9645	6.7681E+6	2.9645	6.7681E+6	
2.965	6.77004E+6	2.965	6.77004E+6	
2.9655	6.76858E+6	2.9655	6.76858E+6	
2.966	6.76468E+6	2.966	6.76468E+6	
2.9665	6.76671E+6	2.9665	6.76671E+6	
2.967	6.77409E+6	2.967	6.77409E+6	
2.9675	6.76556E+6	2.9675	6.76556E+6	
2.968	6.76525E+6	2.968	6.76525E+6	
2.9685	6.76885E+6	2.9685	6.76885E+6	
2.969	6.76075E+6	2.969	6.76075E+6	
2.9695	6.77545E+6	2.9695	6.77545E+6	
2.97	6.75943E+6	2.97	6.75943E+6	
2.9705	6.77461E+6	2.9705	6.77461E+6	
2.971	6.77393E+6	2.971	6.77393E+6	
2.9715	6.77797E+6	2.9715	6.77797E+6	
2.972	6.75373E+6	2.972	6.75373E+6	
2.9725	6.7679E+6	2.9725	6.7679E+6	
2.973	6.77173E+6	2.973	6.77173E+6	
2.9735	6.75843E+6	2.9735	6.75843E+6	
2.974	6.77169E+6	2.974	6.77169E+6	
2.9745	6.76346E+6	2.9745	6.76346E+6	
2.975	6.77969E+6	2.975	6.77969E+6	
2.9755	6.76311E+6	2.9755	6.76311E+6	
2.976	6.76948E+6	2.976	6.76948E+6	
2.9765	6.7696E+6	2.9765	6.7696E+6	
2.977	6.78218E+6	2.977	6.78218E+6	
2.9775	6.77151E+6	2.9775	6.77151E+6	
2.978	6.76073E+6	2.978	6.76073E+6	
2.9785	6.76651E+6	2.9785	6.76651E+6	
2.979	6.76825E+6	2.979	6.76825E+6	
2.9795	6.76936E+6	2.9795	6.76936E+6	
2.98	6.78153E+6	2.98	6.78153E+6	
2.9805	6.76439E+6	2.9805	6.76439E+6	
2.981	6.76069E+6	2.981	6.76069E+6	
2.9815	6.76849E+6	2.9815	6.76849E+6	
2.982	6.76601E+6	2.982	6.76601E+6	
2.9825	6.7623E+6	2.9825	6.7623E+6	
2.983	6.76206E+6	2.983	6.76206E+6	
2.9835	6.77383E+6	2.9835	6.77383E+6	
2.984	6.76598E+6	2.984	6.76598E+6	
2.9845	6.7491E+6	2.9845	6.7491E+6	
2.985	6.77179E+6	2.985	6.77179E+6	
2.9855	6.76419E+6	2.9855	6.76419E+6	
2.986	6.76526E+6	2.986	6.76526E+6	
2.9865	6.76714E+6	2.9865	6.76714E+6	
2.987	6.76675E+6	2.987	6.76675E+6	
2.9875	6.77149E+6	2.9875	6.77149E+6	
2.988	6.76103E+6	2.988	6.76103E+6	
2.9885	6.76454E+6	2.9885	6.76454E+6	
2.989	6.77E+6	2.989	6.77E+6	
2.9895	6.7618E+6	2.9895	6.7618E+6	
2.99	6.77507E+6	2.99	6.77507E+6	
2.9905	6.75859E+6	2.9905	6.75859E+6	
2.991	6.76926E+6	2.991	6.76926E+6	
2.9915	6.76625E+6	2.9915	6.76625E+6	
2.992	6.77476E+6	2.992	6.77476E+6	
2.9925	6.77103E+6	2.9925	6.77103E+6	
2.993	6.78377E+6	2.993	6.78377E+6	
2.9935	6.76478E+6	2.9935	6.76478E+6	
2.994	6.76553E+6	2.994	6.76553E+6	
2.9945	6.76583E+6	2.9945	6.76583E+6	
2.995	6.76916E+6	2.995	6.76916E+6	
2.9955	6.7751E+6	2.9955	6.7751E+6	
2.996	6.77115E+6	2.996	6.77115E+6	
2.9965	6.75236E+6	2.9965	6.75236E+6	
2.997	6.75914E+6	2.997	6.75914E+6	
2.9975	6.7733E+6	2.9975	6.7733E+6	
2.998	6.76819E+6	2.998	6.76819E+6	
2.9985	6.77139E+6	2.9985	6.77139E+6	
2.999	6.7716E+6	2.999	6.7716E+6	
2.9995	6.77575E+6	2.9995	6.77575E+6	
3	6.76903E+6	3	6.76903E+6	
3.0005	6.76055E+6	3.0005	6.76055E+6	
3.001	6.78015E+6	3.001	6.78015E+6	
3.0015	6.75296E+6	3.0015	6.75296E+6	
3.002	6.75753E+6	3.002	6.75753E+6	
3.0025	6.75368E+6	3.0025	6.75368E+6	
3.003	6.7788E+6	3.003	6.7788E+6	
3.0035	6.75971E+6	3.0035	6.75971E+6	
3.004	6.77496E+6	3.004	6.77496E+6	
3.0045	6.76949E+6	3.0045	6.76949E+6	
3.005	6.76126E+6	3.005	6.76126E+6	
3.0055	6.76221E+6	3.0055	6.76221E+6	
3.006	6.77559E+6	3.006	6.77559E+6	
3.0065	6.78054E+6	3.0065	6.78054E+6	
3.007	6.76018E+6	3.007	6.76018E+6	
3.0075	6.76344E+6	3.0075	6.76344E+6	
3.008	6.76479E+6	3.008	6.76479E+6	
3.0085	6.76805E+6	3.0085	6.76805E+6	
3.009	6.76541E+6	3.009	6.76541E+6	
3.0095	6.76225E+6	3.0095	6.76225E+6	
3.01	6.76905E+6	3.01	6.76905E+6	
3.0105	6.78207E+6	3.0105	6.78207E+6	
3.011	6.7575E+6	3.011	6.7575E+6	
3.0115	6.76755E+6	3.0115	6.76755E+6	
3.012	6.76934E+6	3.012	6.76934E+6	
3.0125	6.75786E+6	3.0125	6.75786E+6	
3.013	6.75548E+6	3.013	6.75548E+6	
3.0135	6.77186E+6	3.0135	6.77186E+6	
3.014	6.77658E+6	3.014	6.77658E+6	
3.0145	6.76645E+6	3.0145	6.76645E+6	
3.015	6.77458E+6	3.015	6.77458E+6	
3.0155	6.76244E+6	3.0155	6.76244E+6	
3.016	6.76806E+6	3.016	6.76806E+6	
3.0165	6.76749E+6	3.0165	6.76749E+6	
3.017	6.76969E+6	3.017	6.76969E+6	
3.0175	6.77359E+6	3.0175	6.77359E+6	
3.018	6.76824E+6	3.018	6.76824E+6	
3.0185	6.77426E+6	3.0185	6.77426E+6	
3.019	6.78579E+6	3.019	6.78579E+6	
3.0195	6.76778E+6	3.0195	6.76778E+6	
3.02	6.7707E+6	3.02	6.7707E+6	
3.0205	6.75744E+6	3.0205	6.75744E+6	
3.021	6.75861E+6	3.021	6.75861E+6	
3.0215	6.76629E+6	3.0215	6.76629E+6	
3.022	6.76804E+6	3.022	6.76804E+6	
3.0225	6.77059E+6	3.0225	6.77059E+6	
3.023	6.77231E+6	3.023	6.77231E+6	
3.0235	6.76154E+6	3.0235	6.76154E+6	
3.024	6.76881E+6	3.024	6.76881E+6	
3.0245	6.75846E+6	3.0245	6.75846E+6	
3.025	6.76345E+6	3.025	6.76345E+6	
3.0255	6.77908E+6	3.0255	6.77908E+6	
3.026	6.75999E+6	3.026	6.75999E+6	
3.0265	6.7741E+6	3.0265	6.7741E+6	
3.027	6.76135E+6	3.027	6.76135E+6	
3.0275	6.77113E+6	3.0275	6.77113E+6	
3.028	6.75801E+6	3.028	6.75801E+6	
3.0285	6.77668E+6	3.0285	6.77668E+6	
3.029	6.76549E+6	3.029	6.76549E+6	
3.0295	6.77078E+6	3.0295	6.77078E+6	
3.03	6.75121E+6	3.03	6.75121E+6	
3.0305	6.76094E+6	3.0305	6.76094E+6	
3.031	6.75769E+6	3.031	6.75769E+6	
3.0315	6.7666E+6	3.0315	6.7666E+6	
3.032	6.76646E+6	3.032	6.76646E+6	
3.0325	6.75534E+6	3.0325	6.75534E+6	
3.033	6.75901E+6	3.033	6.75901E+6	
3.0335	6.75724E+6	3.0335	6.75724E+6	
3.034	6.75486E+6	3.034	6.75486E+6	
3.0345	6.75666E+6	3.0345	6.75666E+6	
3.035	6.76189E+6	3.035	6.76189E+6	
3.0355	6.76546E+6	3.0355	6.76546E+6	
3.036	6.7762E+6	3.036	6.7762E+6	
3.0365	6.73994E+6	3.0365	6.73994E+6	
3.037	6.72537E+6	3.037	6.72537E+6	
3.0375	6.73834E+6	3.0375	6.73834E+6	
3.038	6.73605E+6	3.038	6.73605E+6	
3.0385	6.73876E+6	3.0385	6.73876E+6	
3.039	6.7308E+6	3.039	6.7308E+6	
3.0395	6.74534E+6	3.0395	6.74534E+6	
3.04	6.7605E+6	3.04	6.7605E+6	
3.0405	6.75833E+6	3.0405	6.75833E+6	
3.041	6.76814E+6	3.041	6.76814E+6	
3.0415	6.76273E+6	3.0415	6.76273E+6	
3.042	6.75508E+6	3.042	6.75508E+6	
3.0425	6.7538E+6	3.0425	6.7538E+6	
3.043	6.7586E+6	3.043	6.7586E+6	
3.0435	6.75621E+6	3.0435	6.75621E+6	
3.044	6.76733E+6	3.044	6.76733E+6	
3.0445	6.76181E+6	3.0445	6.76181E+6	
3.045	6.77354E+6	3.045	6.77354E+6	
3.0455	6.75864E+6	3.0455	6.75864E+6	
3.046	6.75846E+6	3.046	6.75846E+6	
3.0465	6.77218E+6	3.0465	6.77218E+6	
3.047	6.76526E+6	3.047	6.76526E+6	
3.0475	6.77208E+6	3.0475	6.77208E+6	
3.048	6.76438E+6	3.048	6.76438E+6	
3.0485	6.77301E+6	3.0485	6.77301E+6	
3.049	6.76794E+6	3.049	6.76794E+6	
3.0495	6.76499E+6	3.0495	6.76499E+6	
3.05	6.7605E+6	3.05	6.7605E+6	
3.0505	6.76878E+6	3.0505	6.76878E+6	
3.051	6.7519E+6	3.051	6.7519E+6	
3.0515	6.76784E+6	3.0515	6.76784E+6	
3.052	6.76941E+6	3.052	6.76941E+6	
3.0525	6.76455E+6	3.0525	6.76455E+6	
3.053	6.75831E+6	3.053	6.75831E+6	
3.0535	6.76044E+6	3.0535	6.76044E+6	
3.054	6.7631E+6	3.054	6.7631E+6	
3.0545	6.76509E+6	3.0545	6.76509E+6	
3.055	6.76903E+6	3.055	6.76903E+6	
3.0555	6.75998E+6	3.0555	6.75998E+6	
3.056	6.76174E+6	3.056	6.76174E+6	
3.0565	6.76624E+6	3.0565	6.76624E+6	
3.057	6.76414E+6	3.057	6.76414E+6	
3.0575	6.7563E+6	3.0575	6.7563E+6	
3.058	6.76345E+6	3.058	6.76345E+6	
3.0585	6.7581E+6	3.0585	6.7581E+6	
3.059	6.76124E+6	3.059	6.76124E+6	
3.0595	6.76425E+6	3.0595	6.76425E+6	
3.06	6.76466E+6	3.06	6.76466E+6	
3.0605	6.7701E+6	3.0605	6.7701E+6	
3.061	6.74876E+6	3.061	6.74876E+6	
3.0615	6.76323E+6	3.0615	6.76323E+6	
3.062	6.75663E+6	3.062	6.75663E+6	
3.0625	6.76311E+6	3.0625	6.76311E+6	
3.063	6.7618E+6	3.063	6.7618E+6	
3.0635	6.76341E+6	3.0635	6.76341E+6	
3.064	6.76999E+6	3.064	6.76999E+6	
3.0645	6.77183E+6	3.0645	6.77183E+6	
3.065	6.77464E+6	3.065	6.77464E+6	
3.0655	6.76244E+6	3.0655	6.76244E+6	
3.066	6.77667E+6	3.066	6.77667E+6	
3.0665	6.76509E+6	3.0665	6.76509E+6	
3.067	6.76929E+6	3.067	6.76929E+6	
3.0675	6.76251E+6	3.0675	6.76251E+6	
3.068	6.77685E+6	3.068	6.77685E+6	
3.0685	6.75365E+6	3.0685	6.75365E+6	
3.069	6.76335E+6	3.069	6.76335E+6	
3.0695	6.75565E+6	3.0695	6.75565E+6	
3.07	6.77159E+6	3.07	6.77159E+6	
3.0705	6.77226E+6	3.0705	6.77226E+6	
3.071	6.77013E+6	3.071	6.77013E+6	
3.0715	6.76616E+6	3.0715	6.76616E+6	
3.072	6.76378E+6	3.072	6.76378E+6	
3.0725	6.77039E+6	3.0725	6.77039E+6	
3.073	6.76169E+6	3.073	6.76169E+6	
3.0735	6.76293E+6	3.0735	6.76293E+6	
3.074	6.77021E+6	3.074	6.77021E+6	
3.0745	6.76445E+6	3.0745	6.76445E+6	
3.075	6.76661E+6	3.075	6.76661E+6	
3.0755	6.76005E+6	3.0755	6.76005E+6	
3.076	6.76958E+6	3.076	6.76958E+6	
3.0765	6.7632E+6	3.0765	6.7632E+6	
3.077	6.77493E+6	3.077	6.77493E+6	
3.0775	6.76191E+6	3.0775	6.76191E+6	
3.078	6.76633E+6	3.078	6.76633E+6	
3.0785	6.78159E+6	3.0785	6.78159E+6	
3.079	6.7636E+6	3.079	6.7636E+6	
3.0795	6.75968E+6	3.0795	6.75968E+6	
3.08	6.76171E+6	3.08	6.76171E+6	
3.0805	6.77096E+6	3.0805	6.77096E+6	
3.081	6.77356E+6	3.081	6.77356E+6	
3.0815	6.76414E+6	3.0815	6.76414E+6	
3.082	6.77777E+6	3.082	6.77777E+6	
3.0825	6.77063E+6	3.0825	6.77063E+6	
3.083	6.75993E+6	3.083	6.75993E+6	
3.0835	6.76045E+6	3.0835	6.76045E+6	
3.084	6.76179E+6	3.084	6.76179E+6	
3.0845	6.76976E+6	3.0845	6.76976E+6	
3.085	6.77698E+6	3.085	6.77698E+6	
3.0855	6.76833E+6	3.0855	6.76833E+6	
3.086	6.76306E+6	3.086	6.76306E+6	
3.0865	6.77173E+6	3.0865	6.77173E+6	
3.087	6.77615E+6	3.087	6.77615E+6	
3.0875	6.77613E+6	3.0875	6.77613E+6	
3.088	6.77519E+6	3.088	6.77519E+6	
3.0885	6.75923E+6	3.0885	6.75923E+6	
3.089	6.75866E+6	3.089	6.75866E+6	
3.0895	6.77199E+6	3.0895	6.77199E+6	
3.09	6.75798E+6	3.09	6.75798E+6	
3.0905	6.77159E+6	3.0905	6.77159E+6	
3.091	6.7735E+6	3.091	6.7735E+6	
3.0915	6.7773E+6	3.0915	6.7773E+6	
3.092	6.77365E+6	3.092	6.77365E+6	
3.0925	6.7756E+6	3.0925	6.7756E+6	
3.093	6.75279E+6	3.093	6.75279E+6	
3.0935	6.75889E+6	3.0935	6.75889E+6	
3.094	6.7641E+6	3.094	6.7641E+6	
3.0945	6.76708E+6	3.0945	6.76708E+6	
3.095	6.76861E+6	3.095	6.76861E+6	
3.0955	6.76184E+6	3.0955	6.76184E+6	
3.096	6.7677E+6	3.096	6.7677E+6	
3.0965	6.76013E+6	3.0965	6.76013E+6	
3.097	6.7755E+6	3.097	6.7755E+6	
3.0975	6.78154E+6	3.0975	6.78154E+6	
3.098	6.78138E+6	3.098	6.78138E+6	
3.0985	6.76856E+6	3.0985	6.76856E+6	
3.099	6.75748E+6	3.099	6.75748E+6	
3.0995	6.7621E+6	3.0995	6.7621E+6	
3.1	6.75626E+6	3.1	6.75626E+6	
