2.7250E+00 	6.1313E-03 	
2.7250E+00 	6.5571E-03 	
2.7251E+00 	3.4914E-03 	
2.7252E+00 	1.3029E-02 	
2.7252E+00 	1.4902E-02 	
2.7252E+00 	2.8698E-02 	
2.7253E+00 	6.3868E-02 	
2.7254E+00 	3.5340E-02 	
2.7254E+00 	2.6399E-02 	
2.7254E+00 	2.7506E-02 	
2.7255E+00 	3.3467E-02 	
2.7256E+00 	6.0121E-02 	
2.7256E+00 	4.3856E-02 	
2.7256E+00 	5.5011E-02 	
2.7257E+00 	2.4355E-02 	
2.7258E+00 	2.8272E-02 	
2.7258E+00 	4.6922E-02 	
2.7258E+00 	4.0790E-02 	
2.7259E+00 	3.1338E-02 	
2.7260E+00 	1.8309E-02 	
2.7260E+00 	8.3454E-03 	
2.7261E+00 	4.3430E-03 	
2.7261E+00 	1.8564E-02 	
2.7262E+00 	1.7883E-02 	
2.7262E+00 	4.8114E-02 	
2.7263E+00 	4.6751E-02 	
2.7263E+00 	9.1288E-02 	
2.7264E+00 	6.4123E-02 	
2.7264E+00 	4.3600E-02 	
2.7265E+00 	4.2749E-02 	
2.7265E+00 	3.7043E-02 	
2.7266E+00 	4.0364E-02 	
2.7266E+00 	5.7907E-02 	
2.7267E+00 	2.5292E-02 	
2.7267E+00 	5.0924E-02 	
2.7268E+00 	6.0887E-02 	
2.7268E+00 	6.7955E-02 	
2.7269E+00 	4.2749E-02 	
2.7269E+00 	5.3394E-02 	
2.7269E+00 	5.3819E-02 	
2.7270E+00 	5.4756E-02 	
2.7271E+00 	3.0146E-02 	
2.7271E+00 	5.1179E-02 	
2.7271E+00 	5.1009E-02 	
2.7272E+00 	4.8880E-02 	
2.7273E+00 	4.3600E-02 	
2.7273E+00 	3.0486E-02 	
2.7273E+00 	3.4233E-02 	
2.7274E+00 	4.8540E-02 	
2.7275E+00 	5.0668E-02 	
2.7275E+00 	3.8491E-02 	
2.7275E+00 	7.5279E-02 	
2.7276E+00 	3.1934E-02 	
2.7277E+00 	5.6629E-02 	
2.7277E+00 	0.0000E+00 	
2.7277E+00 	4.7177E-02 	
2.7278E+00 	6.7104E-02 	
2.7279E+00 	6.4123E-02 	
2.7279E+00 	3.2019E-02 	
2.7279E+00 	2.6824E-02 	
2.7280E+00 	1.7968E-02 	
2.7281E+00 	1.9416E-02 	
2.7281E+00 	1.1922E-02 	
2.7282E+00 	1.1496E-02 	
2.7282E+00 	5.3734E-02 	
2.7283E+00 	3.8321E-02 	
2.7283E+00 	3.6447E-02 	
2.7284E+00 	1.2603E-02 	
2.7284E+00 	1.9416E-02 	
2.7285E+00 	5.4245E-02 	
2.7285E+00 	4.4537E-02 	
2.7286E+00 	4.6155E-02 	
2.7286E+00 	3.3211E-03 	
2.7287E+00 	5.7907E-03 	
2.7287E+00 	7.4512E-02 	
2.7288E+00 	4.1046E-02 	
2.7288E+00 	8.2262E-02 	
2.7288E+00 	2.5036E-02 	
2.7289E+00 	2.3503E-02 	
2.7290E+00 	4.3515E-02 	
2.7290E+00 	4.3260E-02 	
2.7290E+00 	3.3722E-02 	
2.7291E+00 	7.3831E-02 	
2.7292E+00 	5.9780E-02 	
2.7292E+00 	5.0839E-02 	
2.7292E+00 	2.9975E-02 	
2.7293E+00 	3.8406E-02 	
2.7294E+00 	5.0072E-02 	
2.7294E+00 	4.5048E-02 	
2.7294E+00 	4.0364E-02 	
2.7295E+00 	3.9002E-02 	
2.7296E+00 	2.4355E-02 	
2.7296E+00 	5.0754E-02 	
2.7296E+00 	8.5413E-02 	
2.7297E+00 	5.0072E-02 	
2.7298E+00 	2.8102E-02 	
2.7298E+00 	4.5048E-02 	
2.7298E+00 	1.6180E-03 	
2.7299E+00 	1.0134E-02 	
2.7300E+00 	2.4866E-02 	
2.7300E+00 	2.5973E-02 	
2.7300E+00 	3.5851E-02 	
2.7301E+00 	3.4403E-02 	
2.7302E+00 	5.5437E-02 	
2.7302E+00 	4.3345E-02 	
2.7303E+00 	5.7396E-02 	
2.7303E+00 	5.1265E-02 	
2.7304E+00 	6.5656E-02 	
2.7304E+00 	6.2165E-02 	
2.7305E+00 	2.2737E-02 	
2.7305E+00 	6.0547E-02 	
2.7306E+00 	6.2080E-02 	
2.7306E+00 	4.1982E-02 	
2.7307E+00 	1.6606E-02 	
2.7307E+00 	3.5851E-02 	
2.7308E+00 	2.4440E-02 	
2.7308E+00 	2.4014E-02 	
2.7309E+00 	5.7226E-02 	
2.7309E+00 	4.6922E-02 	
2.7309E+00 	4.8795E-02 	
2.7310E+00 	5.0243E-02 	
2.7311E+00 	3.9513E-02 	
2.7311E+00 	5.3053E-02 	
2.7311E+00 	6.0206E-02 	
2.7312E+00 	6.3187E-02 	
2.7313E+00 	5.7737E-02 	
2.7313E+00 	5.9440E-02 	
2.7313E+00 	8.9159E-02 	
2.7314E+00 	4.0364E-02 	
2.7315E+00 	7.8259E-02 	
2.7315E+00 	7.4342E-02 	
2.7315E+00 	3.9768E-02 	
2.7316E+00 	7.5534E-02 	
2.7317E+00 	3.8236E-02 	
2.7317E+00 	3.8917E-02 	
2.7317E+00 	7.6641E-02 	
2.7318E+00 	3.7980E-02 	
2.7319E+00 	2.7165E-02 	
2.7319E+00 	4.9902E-02 	
2.7319E+00 	6.2080E-02 	
2.7320E+00 	5.6033E-02 	
2.7321E+00 	4.5729E-02 	
2.7321E+00 	5.4756E-02 	
2.7321E+00 	3.8917E-02 	
2.7322E+00 	5.3734E-02 	
2.7323E+00 	2.9124E-02 	
2.7323E+00 	6.2420E-02 	
2.7324E+00 	6.6508E-02 	
2.7324E+00 	2.8187E-02 	
2.7325E+00 	6.1739E-02 	
2.7325E+00 	8.2602E-02 	
2.7326E+00 	4.9902E-02 	
2.7326E+00 	3.1678E-02 	
2.7327E+00 	6.6593E-02 	
2.7327E+00 	6.9573E-02 	
2.7328E+00 	7.1106E-02 	
2.7328E+00 	8.4476E-02 	
2.7329E+00 	7.1447E-02 	
2.7329E+00 	6.5997E-02 	
2.7330E+00 	6.0462E-02 	
2.7330E+00 	1.0270E-01 	
2.7330E+00 	7.9792E-02 	
2.7331E+00 	7.3661E-02 	
2.7332E+00 	7.4087E-02 	
2.7332E+00 	3.2445E-02 	
2.7332E+00 	6.4719E-02 	
2.7333E+00 	8.1155E-02 	
2.7334E+00 	6.2931E-02 	
2.7334E+00 	9.7931E-02 	
2.7334E+00 	7.9707E-02 	
2.7335E+00 	1.0934E-01 	
2.7336E+00 	7.5449E-02 	
2.7336E+00 	7.1702E-02 	
2.7336E+00 	9.5035E-02 	
2.7337E+00 	4.4367E-02 	
2.7338E+00 	1.0559E-01 	
2.7338E+00 	1.0415E-01 	
2.7338E+00 	6.8892E-02 	
2.7339E+00 	9.1799E-02 	
2.7340E+00 	1.1122E-01 	
2.7340E+00 	9.2992E-02 	
2.7340E+00 	7.5109E-02 	
2.7341E+00 	8.4561E-02 	
2.7342E+00 	9.3588E-02 	
2.7342E+00 	1.1803E-01 	
2.7342E+00 	1.1786E-01 	
2.7343E+00 	1.0559E-01 	
2.7344E+00 	1.1965E-01 	
2.7344E+00 	1.4051E-01 	
2.7345E+00 	1.0159E-01 	
2.7345E+00 	1.0628E-01 	
2.7346E+00 	1.3727E-01 	
2.7346E+00 	1.4443E-01 	
2.7347E+00 	1.3089E-01 	
2.7347E+00 	1.5754E-01 	
2.7348E+00 	1.2050E-01 	
2.7348E+00 	1.2825E-01 	
2.7349E+00 	1.6486E-01 	
2.7349E+00 	1.8973E-01 	
2.7349E+00 	1.7491E-01 	
2.7350E+00 	2.2780E-01 	
2.7351E+00 	1.9876E-01 	
2.7351E+00 	2.0497E-01 	
2.7351E+00 	2.3026E-01 	
2.7352E+00 	2.4755E-01 	
2.7353E+00 	2.7651E-01 	
2.7353E+00 	2.5113E-01 	
2.7353E+00 	3.0597E-01 	
2.7354E+00 	3.0239E-01 	
2.7355E+00 	3.6243E-01 	
2.7355E+00 	4.2170E-01 	
2.7355E+00 	4.2144E-01 	
2.7356E+00 	4.5261E-01 	
2.7357E+00 	5.3419E-01 	
2.7357E+00 	6.0172E-01 	
2.7357E+00 	6.2693E-01 	
2.7358E+00 	6.2752E-01 	
2.7359E+00 	6.4583E-01 	
2.7359E+00 	7.2179E-01 	
2.7359E+00 	7.7902E-01 	
2.7360E+00 	7.9171E-01 	
2.7361E+00 	8.1827E-01 	
2.7361E+00 	8.8061E-01 	
2.7361E+00 	9.0897E-01 	
2.7362E+00 	8.9296E-01 	
2.7363E+00 	9.2378E-01 	
2.7363E+00 	9.4167E-01 	
2.7363E+00 	9.3766E-01 	
2.7364E+00 	9.3256E-01 	
2.7365E+00 	9.0454E-01 	
2.7365E+00 	8.8589E-01 	
2.7366E+00 	8.3326E-01 	
2.7366E+00 	8.0065E-01 	
2.7367E+00 	7.7135E-01 	
2.7367E+00 	7.3465E-01 	
2.7368E+00 	6.9369E-01 	
2.7368E+00 	6.6627E-01 	
2.7369E+00 	5.8656E-01 	
2.7369E+00 	5.3666E-01 	
2.7370E+00 	4.9945E-01 	
2.7370E+00 	4.6990E-01 	
2.7370E+00 	4.7322E-01 	
2.7371E+00 	4.6853E-01 	
2.7372E+00 	4.2681E-01 	
2.7372E+00 	3.9300E-01 	
2.7372E+00 	3.9479E-01 	
2.7373E+00 	3.9802E-01 	
2.7374E+00 	3.9641E-01 	
2.7374E+00 	4.2596E-01 	
2.7374E+00 	4.4597E-01 	
2.7375E+00 	4.4409E-01 	
2.7376E+00 	4.6334E-01 	
2.7376E+00 	4.4469E-01 	
2.7376E+00 	5.0302E-01 	
2.7377E+00 	5.4143E-01 	
2.7378E+00 	5.5088E-01 	
2.7378E+00 	5.6706E-01 	
2.7378E+00 	5.9789E-01 	
2.7379E+00 	6.8398E-01 	
2.7380E+00 	6.9999E-01 	
2.7380E+00 	7.6471E-01 	
2.7380E+00 	7.9716E-01 	
2.7381E+00 	8.1896E-01 	
2.7382E+00 	8.5191E-01 	
2.7382E+00 	8.6988E-01 	
2.7382E+00 	8.9773E-01 	
2.7383E+00 	9.7599E-01 	
2.7384E+00 	9.8459E-01 	
2.7384E+00 	1.0000E+00 	
2.7384E+00 	9.8825E-01 	
2.7385E+00 	9.9676E-01 	
2.7386E+00 	9.7496E-01 	
2.7386E+00 	9.4652E-01 	
2.7387E+00 	9.4763E-01 	
2.7387E+00 	8.8572E-01 	
2.7388E+00 	8.5063E-01 	
2.7388E+00 	8.1317E-01 	
2.7389E+00 	7.7527E-01 	
2.7389E+00 	7.7203E-01 	
2.7389E+00 	6.9914E-01 	
2.7390E+00 	6.7598E-01 	
2.7391E+00 	5.8460E-01 	
2.7391E+00 	5.6314E-01 	
2.7391E+00 	5.2857E-01 	
2.7392E+00 	5.0711E-01 	
2.7393E+00 	4.6802E-01 	
2.7393E+00 	4.5116E-01 	
2.7393E+00 	4.3209E-01 	
2.7394E+00 	3.7776E-01 	
2.7395E+00 	3.5528E-01 	
2.7395E+00 	3.7571E-01 	
2.7395E+00 	3.9445E-01 	
2.7396E+00 	4.1633E-01 	
2.7397E+00 	4.1199E-01 	
2.7397E+00 	4.3916E-01 	
2.7397E+00 	4.8846E-01 	
2.7398E+00 	5.0430E-01 	
2.7399E+00 	5.3325E-01 	
2.7399E+00 	5.4305E-01 	
2.7399E+00 	5.6212E-01 	
2.7400E+00 	5.9423E-01 	
2.7401E+00 	6.2965E-01 	
2.7401E+00 	6.7334E-01 	
2.7401E+00 	7.2205E-01 	
2.7402E+00 	7.0459E-01 	
2.7403E+00 	8.0090E-01 	
2.7403E+00 	7.9290E-01 	
2.7403E+00 	8.5251E-01 	
2.7404E+00 	8.8844E-01 	
2.7405E+00 	8.9057E-01 	
2.7405E+00 	9.6381E-01 	
2.7405E+00 	9.3707E-01 	
2.7406E+00 	9.3562E-01 	
2.7407E+00 	8.6707E-01 	
2.7407E+00 	8.7320E-01 	
2.7408E+00 	8.8248E-01 	
2.7408E+00 	8.6205E-01 	
2.7409E+00 	8.2355E-01 	
2.7409E+00 	7.9647E-01 	
2.7410E+00 	7.3865E-01 	
2.7410E+00 	6.8551E-01 	
2.7410E+00 	6.5452E-01 	
2.7411E+00 	5.6238E-01 	
2.7412E+00 	5.1588E-01 	
2.7412E+00 	4.6709E-01 	
2.7412E+00 	4.2459E-01 	
2.7413E+00 	4.0935E-01 	
2.7414E+00 	3.3382E-01 	
2.7414E+00 	3.3288E-01 	
2.7414E+00 	2.8204E-01 	
2.7415E+00 	2.4815E-01 	
2.7416E+00 	2.4849E-01 	
2.7416E+00 	1.9654E-01 	
2.7416E+00 	2.1281E-01 	
2.7417E+00 	2.0531E-01 	
2.7418E+00 	1.7857E-01 	
2.7418E+00 	1.5269E-01 	
2.7418E+00 	1.4843E-01 	
2.7419E+00 	1.4639E-01 	
2.7420E+00 	1.3029E-01 	
2.7420E+00 	1.3140E-01 	
2.7420E+00 	1.3676E-01 	
2.7421E+00 	1.6529E-01 	
2.7422E+00 	1.5916E-01 	
2.7422E+00 	1.3744E-01 	
2.7422E+00 	1.1828E-01 	
2.7423E+00 	1.3276E-01 	
2.7424E+00 	1.5005E-01 	
2.7424E+00 	1.2458E-01 	
2.7424E+00 	1.0960E-01 	
2.7425E+00 	7.9111E-02 	
2.7426E+00 	7.6216E-02 	
2.7426E+00 	1.2518E-01 	
2.7426E+00 	9.4099E-02 	
2.7427E+00 	1.2058E-01 	
2.7428E+00 	1.1735E-01 	
2.7428E+00 	1.1871E-01 	
2.7429E+00 	1.0040E-01 	
2.7429E+00 	1.1036E-01 	
2.7429E+00 	8.4987E-02 	
2.7430E+00 	9.3758E-02 	
2.7431E+00 	7.5705E-02 	
2.7431E+00 	9.3247E-02 	
2.7431E+00 	5.2797E-02 	
2.7432E+00 	5.3904E-02 	
2.7433E+00 	1.1045E-01 	
2.7433E+00 	8.4476E-02 	
2.7433E+00 	7.6045E-02 	
2.7434E+00 	8.4391E-02 	
2.7435E+00 	6.9403E-02 	
2.7435E+00 	1.0142E-01 	
2.7435E+00 	9.8612E-02 	
2.7436E+00 	5.0754E-02 	
2.7437E+00 	6.9062E-02 	
2.7437E+00 	6.6252E-02 	
2.7437E+00 	6.7530E-02 	
2.7438E+00 	8.3624E-02 	
2.7439E+00 	7.2043E-02 	
2.7439E+00 	8.9670E-02 	
2.7439E+00 	6.0376E-02 	
2.7440E+00 	7.9196E-02 	
2.7441E+00 	7.2298E-02 	
2.7441E+00 	7.5023E-02 	
2.7441E+00 	3.5936E-02 	
2.7442E+00 	6.8126E-02 	
2.7443E+00 	7.2043E-02 	
2.7443E+00 	9.3673E-02 	
2.7443E+00 	7.4342E-02 	
2.7444E+00 	2.8187E-02 	
2.7445E+00 	4.1897E-02 	
2.7445E+00 	2.7165E-02 	
2.7445E+00 	5.6885E-02 	
2.7446E+00 	8.4135E-02 	
2.7447E+00 	3.2360E-02 	
2.7447E+00 	8.9074E-02 	
2.7447E+00 	3.9428E-02 	
2.7448E+00 	4.0535E-02 	
2.7449E+00 	4.8369E-02 	
2.7449E+00 	7.4512E-02 	
2.7450E+00 	6.2335E-02 	
2.7450E+00 	5.4330E-02 	
2.7450E+00 	3.6447E-02 	
2.7451E+00 	6.1994E-02 	
2.7452E+00 	3.2445E-02 	
2.7452E+00 	5.5011E-02 	
2.7452E+00 	8.1921E-02 	
2.7453E+00 	5.9865E-02 	
2.7454E+00 	6.6167E-02 	
2.7454E+00 	6.2761E-02 	
2.7454E+00 	4.8710E-02 	
2.7455E+00 	5.6289E-02 	
2.7456E+00 	5.3479E-02 	
2.7456E+00 	4.8029E-02 	
2.7456E+00 	3.9087E-02 	
2.7457E+00 	7.4342E-02 	
2.7458E+00 	6.4890E-02 	
2.7458E+00 	3.2445E-02 	
2.7458E+00 	4.9221E-02 	
2.7459E+00 	5.6544E-02 	
2.7460E+00 	7.5705E-02 	
2.7460E+00 	6.2165E-02 	
2.7460E+00 	5.6204E-02 	
2.7461E+00 	6.4975E-02 	
2.7462E+00 	6.5571E-02 	
2.7462E+00 	3.2871E-02 	
2.7462E+00 	3.8150E-02 	
2.7463E+00 	4.0364E-02 	
2.7464E+00 	5.0754E-02 	
2.7464E+00 	4.3345E-02 	
2.7464E+00 	4.5474E-02 	
2.7465E+00 	3.2615E-02 	
2.7466E+00 	5.8844E-02 	
2.7466E+00 	6.2250E-02 	
2.7466E+00 	5.4926E-02 	
2.7467E+00 	6.4123E-02 	
2.7468E+00 	4.5048E-02 	
2.7468E+00 	2.3248E-02 	
2.7468E+00 	6.4634E-02 	
2.7469E+00 	5.6885E-02 	
2.7470E+00 	4.9221E-02 	
2.7470E+00 	4.2749E-02 	
2.7471E+00 	5.1776E-02 	
2.7471E+00 	2.4866E-02 	
2.7471E+00 	4.1727E-02 	
2.7472E+00 	3.5596E-02 	
2.7473E+00 	4.0620E-02 	
2.7473E+00 	4.5048E-02 	
2.7473E+00 	3.9172E-02 	
2.7474E+00 	2.8187E-02 	
2.7475E+00 	2.1971E-02 	
2.7475E+00 	3.6362E-02 	
2.7475E+00 	5.8077E-02 	
2.7476E+00 	3.1849E-02 	
2.7477E+00 	4.6496E-02 	
2.7477E+00 	3.3382E-02 	
2.7477E+00 	4.4707E-02 	
2.7478E+00 	4.7007E-02 	
2.7479E+00 	4.9817E-02 	
2.7479E+00 	7.6556E-02 	
2.7479E+00 	5.9355E-02 	
2.7480E+00 	3.4063E-02 	
2.7481E+00 	2.0267E-02 	
2.7481E+00 	1.7542E-02 	
2.7481E+00 	3.9768E-02 	
2.7482E+00 	4.3090E-02 	
2.7483E+00 	7.1532E-02 	
2.7483E+00 	4.0875E-02 	
2.7483E+00 	2.7080E-02 	
2.7484E+00 	2.4099E-02 	
2.7485E+00 	3.4574E-02 	
2.7485E+00 	6.7785E-02 	
2.7485E+00 	2.6654E-02 	
2.7486E+00 	3.0657E-02 	
2.7487E+00 	2.9124E-02 	
2.7487E+00 	3.2530E-02 	
2.7487E+00 	5.2712E-02 	
2.7488E+00 	3.2019E-02 	
2.7489E+00 	5.6289E-02 	
2.7489E+00 	4.6070E-02 	
2.7489E+00 	8.2773E-02 	
2.7490E+00 	5.6459E-02 	
2.7490E+00 	6.0376E-02 	
2.7491E+00 	2.4270E-02 	
2.7492E+00 	2.2737E-02 	
2.7492E+00 	3.9257E-02 	
2.7492E+00 	6.0121E-02 	
2.7493E+00 	2.0778E-02 	
2.7494E+00 	2.7591E-02 	
2.7494E+00 	1.4562E-02 	
2.7494E+00 	6.1994E-02 	
2.7495E+00 	6.3868E-02 	
2.7496E+00 	6.2165E-02 	
2.7496E+00 	4.3430E-02 	
2.7496E+00 	1.7457E-02 	
2.7497E+00 	3.0146E-02 	
2.7498E+00 	2.2141E-03 	
2.7498E+00 	2.3674E-02 	
2.7498E+00 	3.7384E-02 	
2.7499E+00 	5.1605E-02 	
2.7500E+00 	5.3394E-02 	
2.7500E+00 	3.7639E-02 	
