1.5000E+01 	7.1348E+06 	1.5000E+01 	6.5336E+06 	
1.4983E+01 	7.1347E+06 	1.4983E+01 	6.5184E+06 	
1.4967E+01 	7.1342E+06 	1.4967E+01 	6.5376E+06 	
1.4950E+01 	7.1346E+06 	1.4950E+01 	6.5302E+06 	
1.4934E+01 	7.1343E+06 	1.4934E+01 	6.5466E+06 	
1.4917E+01 	7.1334E+06 	1.4917E+01 	6.5460E+06 	
1.4901E+01 	7.1333E+06 	1.4901E+01 	6.5442E+06 	
1.4884E+01 	7.1320E+06 	1.4884E+01 	6.5361E+06 	
1.4868E+01 	7.1313E+06 	1.4868E+01 	6.5380E+06 	
1.4851E+01 	7.1314E+06 	1.4851E+01 	6.5313E+06 	
1.4835E+01 	7.1308E+06 	1.4835E+01 	6.5414E+06 	
1.4818E+01 	7.1304E+06 	1.4818E+01 	6.5376E+06 	
1.4802E+01 	7.1293E+06 	1.4802E+01 	6.5035E+06 	
1.4785E+01 	7.1293E+06 	1.4785E+01 	6.5449E+06 	
1.4769E+01 	7.1284E+06 	1.4769E+01 	6.5279E+06 	
1.4752E+01 	7.1286E+06 	1.4752E+01 	6.5093E+06 	
1.4736E+01 	7.1277E+06 	1.4736E+01 	6.5226E+06 	
1.4719E+01 	7.1276E+06 	1.4719E+01 	6.5309E+06 	
1.4703E+01 	7.1268E+06 	1.4703E+01 	6.5303E+06 	
1.4686E+01 	7.1267E+06 	1.4686E+01 	6.5285E+06 	
1.4670E+01 	7.1256E+06 	1.4670E+01 	6.5312E+06 	
1.4653E+01 	7.1248E+06 	1.4653E+01 	6.5114E+06 	
1.4637E+01 	7.1252E+06 	1.4637E+01 	6.5307E+06 	
1.4620E+01 	7.1240E+06 	1.4620E+01 	6.4938E+06 	
1.4604E+01 	7.1231E+06 	1.4604E+01 	6.5279E+06 	
1.4587E+01 	7.1228E+06 	1.4587E+01 	6.5194E+06 	
1.4571E+01 	7.1225E+06 	1.4571E+01 	6.5110E+06 	
1.4554E+01 	7.1217E+06 	1.4554E+01 	6.4997E+06 	
1.4538E+01 	7.1211E+06 	1.4538E+01 	6.5215E+06 	
1.4521E+01 	7.1208E+06 	1.4521E+01 	6.5073E+06 	
1.4505E+01 	7.1197E+06 	1.4505E+01 	6.5127E+06 	
1.4488E+01 	7.1197E+06 	1.4488E+01 	6.5129E+06 	
1.4471E+01 	7.1192E+06 	1.4471E+01 	6.5195E+06 	
1.4455E+01 	7.1193E+06 	1.4455E+01 	6.5102E+06 	
1.4438E+01 	7.1181E+06 	1.4438E+01 	6.5234E+06 	
1.4422E+01 	7.1179E+06 	1.4422E+01 	6.5239E+06 	
1.4405E+01 	7.1170E+06 	1.4405E+01 	6.5273E+06 	
1.4389E+01 	7.1165E+06 	1.4389E+01 	6.5226E+06 	
1.4372E+01 	7.1170E+06 	1.4372E+01 	6.5236E+06 	
1.4356E+01 	7.1161E+06 	1.4356E+01 	6.5022E+06 	
1.4339E+01 	7.1152E+06 	1.4339E+01 	6.5068E+06 	
1.4323E+01 	7.1156E+06 	1.4323E+01 	6.5048E+06 	
1.4306E+01 	7.1146E+06 	1.4306E+01 	6.5025E+06 	
1.4290E+01 	7.1135E+06 	1.4290E+01 	6.5183E+06 	
1.4273E+01 	7.1134E+06 	1.4273E+01 	6.5015E+06 	
1.4257E+01 	7.1133E+06 	1.4257E+01 	6.5098E+06 	
1.4240E+01 	7.1131E+06 	1.4240E+01 	6.5011E+06 	
1.4224E+01 	7.1119E+06 	1.4224E+01 	6.5295E+06 	
1.4207E+01 	7.1118E+06 	1.4207E+01 	6.5132E+06 	
1.4191E+01 	7.1107E+06 	1.4191E+01 	6.5211E+06 	
1.4174E+01 	7.1103E+06 	1.4174E+01 	6.5094E+06 	
1.4158E+01 	7.1107E+06 	1.4158E+01 	6.5272E+06 	
1.4141E+01 	7.1105E+06 	1.4141E+01 	6.5072E+06 	
1.4125E+01 	7.1093E+06 	1.4125E+01 	6.5126E+06 	
1.4108E+01 	7.1095E+06 	1.4108E+01 	6.4848E+06 	
1.4092E+01 	7.1089E+06 	1.4092E+01 	6.4843E+06 	
1.4075E+01 	7.1075E+06 	1.4075E+01 	6.4947E+06 	
1.4059E+01 	7.1074E+06 	1.4059E+01 	6.4998E+06 	
1.4042E+01 	7.1069E+06 	1.4042E+01 	6.5371E+06 	
1.4026E+01 	7.1062E+06 	1.4026E+01 	6.5175E+06 	
1.4009E+01 	7.1054E+06 	1.4009E+01 	6.4934E+06 	
1.3992E+01 	7.1049E+06 	1.3992E+01 	6.4958E+06 	
1.3976E+01 	7.1044E+06 	1.3976E+01 	6.5261E+06 	
1.3959E+01 	7.1040E+06 	1.3959E+01 	6.4990E+06 	
1.3943E+01 	7.1038E+06 	1.3943E+01 	6.5116E+06 	
1.3926E+01 	7.1027E+06 	1.3926E+01 	6.4933E+06 	
1.3910E+01 	7.1028E+06 	1.3910E+01 	6.5023E+06 	
1.3893E+01 	7.1019E+06 	1.3893E+01 	6.5135E+06 	
1.3877E+01 	7.1022E+06 	1.3877E+01 	6.5081E+06 	
1.3860E+01 	7.1003E+06 	1.3860E+01 	6.4960E+06 	
1.3844E+01 	7.1005E+06 	1.3844E+01 	6.4949E+06 	
1.3827E+01 	7.1003E+06 	1.3827E+01 	6.5105E+06 	
1.3811E+01 	7.0995E+06 	1.3811E+01 	6.4903E+06 	
1.3794E+01 	7.0987E+06 	1.3794E+01 	6.5066E+06 	
1.3778E+01 	7.0988E+06 	1.3778E+01 	6.4830E+06 	
1.3761E+01 	7.0972E+06 	1.3761E+01 	6.5087E+06 	
1.3745E+01 	7.0980E+06 	1.3745E+01 	6.4979E+06 	
1.3728E+01 	7.0972E+06 	1.3728E+01 	6.4975E+06 	
1.3712E+01 	7.0964E+06 	1.3712E+01 	6.4797E+06 	
1.3695E+01 	7.0957E+06 	1.3695E+01 	6.4879E+06 	
1.3679E+01 	7.0950E+06 	1.3679E+01 	6.4843E+06 	
1.3662E+01 	7.0953E+06 	1.3662E+01 	6.4835E+06 	
1.3646E+01 	7.0944E+06 	1.3646E+01 	6.4769E+06 	
1.3629E+01 	7.0937E+06 	1.3629E+01 	6.4701E+06 	
1.3613E+01 	7.0931E+06 	1.3613E+01 	6.4604E+06 	
1.3596E+01 	7.0926E+06 	1.3596E+01 	6.4652E+06 	
1.3580E+01 	7.0916E+06 	1.3580E+01 	6.4926E+06 	
1.3563E+01 	7.0914E+06 	1.3563E+01 	6.4937E+06 	
1.3547E+01 	7.0902E+06 	1.3547E+01 	6.4838E+06 	
1.3530E+01 	7.0904E+06 	1.3530E+01 	6.4651E+06 	
1.3514E+01 	7.0902E+06 	1.3514E+01 	6.4918E+06 	
1.3497E+01 	7.0895E+06 	1.3497E+01 	6.4899E+06 	
1.3480E+01 	7.0892E+06 	1.3480E+01 	6.4756E+06 	
1.3464E+01 	7.0892E+06 	1.3464E+01 	6.4645E+06 	
1.3447E+01 	7.0885E+06 	1.3447E+01 	6.4705E+06 	
1.3431E+01 	7.0881E+06 	1.3431E+01 	6.4736E+06 	
1.3414E+01 	7.0872E+06 	1.3414E+01 	6.4754E+06 	
1.3398E+01 	7.0870E+06 	1.3398E+01 	6.4908E+06 	
1.3381E+01 	7.0865E+06 	1.3381E+01 	6.4686E+06 	
1.3365E+01 	7.0851E+06 	1.3365E+01 	6.4754E+06 	
1.3348E+01 	7.0850E+06 	1.3348E+01 	6.4578E+06 	
1.3332E+01 	7.0848E+06 	1.3332E+01 	6.4825E+06 	
1.3315E+01 	7.0845E+06 	1.3315E+01 	6.4848E+06 	
1.3299E+01 	7.0831E+06 	1.3299E+01 	6.4707E+06 	
1.3282E+01 	7.0829E+06 	1.3282E+01 	6.4605E+06 	
1.3266E+01 	7.0825E+06 	1.3266E+01 	6.4687E+06 	
1.3249E+01 	7.0821E+06 	1.3249E+01 	6.4892E+06 	
1.3233E+01 	7.0813E+06 	1.3233E+01 	6.4792E+06 	
1.3216E+01 	7.0804E+06 	1.3216E+01 	6.4750E+06 	
1.3200E+01 	7.0798E+06 	1.3200E+01 	6.4744E+06 	
1.3183E+01 	7.0794E+06 	1.3183E+01 	6.4560E+06 	
1.3167E+01 	7.0789E+06 	1.3167E+01 	6.4614E+06 	
1.3150E+01 	7.0784E+06 	1.3150E+01 	6.4570E+06 	
1.3134E+01 	7.0775E+06 	1.3134E+01 	6.4771E+06 	
1.3117E+01 	7.0771E+06 	1.3117E+01 	6.4638E+06 	
1.3101E+01 	7.0767E+06 	1.3101E+01 	6.4740E+06 	
1.3084E+01 	7.0759E+06 	1.3084E+01 	6.4681E+06 	
1.3068E+01 	7.0753E+06 	1.3068E+01 	6.4874E+06 	
1.3051E+01 	7.0755E+06 	1.3051E+01 	6.4664E+06 	
1.3035E+01 	7.0735E+06 	1.3035E+01 	6.4727E+06 	
1.3018E+01 	7.0737E+06 	1.3018E+01 	6.4446E+06 	
1.3002E+01 	7.0732E+06 	1.3002E+01 	6.4736E+06 	
1.2985E+01 	7.0726E+06 	1.2985E+01 	6.4411E+06 	
1.2968E+01 	7.0718E+06 	1.2968E+01 	6.4630E+06 	
1.2952E+01 	7.0712E+06 	1.2952E+01 	6.4399E+06 	
1.2935E+01 	7.0705E+06 	1.2935E+01 	6.4725E+06 	
1.2919E+01 	7.0705E+06 	1.2919E+01 	6.4715E+06 	
1.2902E+01 	7.0696E+06 	1.2902E+01 	6.4532E+06 	
1.2886E+01 	7.0688E+06 	1.2886E+01 	6.4491E+06 	
1.2869E+01 	7.0669E+06 	1.2869E+01 	6.4628E+06 	
1.2853E+01 	7.0670E+06 	1.2853E+01 	6.4279E+06 	
1.2836E+01 	7.0671E+06 	1.2836E+01 	6.4472E+06 	
1.2820E+01 	7.0666E+06 	1.2820E+01 	6.4460E+06 	
1.2803E+01 	7.0655E+06 	1.2803E+01 	6.4472E+06 	
1.2787E+01 	7.0632E+06 	1.2787E+01 	6.4649E+06 	
1.2770E+01 	7.0639E+06 	1.2770E+01 	6.4292E+06 	
1.2754E+01 	7.0629E+06 	1.2754E+01 	6.4738E+06 	
1.2737E+01 	7.0616E+06 	1.2737E+01 	6.4475E+06 	
1.2721E+01 	7.0617E+06 	1.2721E+01 	6.4521E+06 	
1.2704E+01 	7.0610E+06 	1.2704E+01 	6.4453E+06 	
1.2688E+01 	7.0608E+06 	1.2688E+01 	6.4410E+06 	
1.2671E+01 	7.0595E+06 	1.2671E+01 	6.4569E+06 	
1.2655E+01 	7.0587E+06 	1.2655E+01 	6.4071E+06 	
1.2638E+01 	7.0580E+06 	1.2638E+01 	6.4500E+06 	
1.2622E+01 	7.0572E+06 	1.2622E+01 	6.4349E+06 	
1.2605E+01 	7.0571E+06 	1.2605E+01 	6.4453E+06 	
1.2589E+01 	7.0557E+06 	1.2589E+01 	6.4464E+06 	
1.2572E+01 	7.0556E+06 	1.2572E+01 	6.4422E+06 	
1.2556E+01 	7.0557E+06 	1.2556E+01 	6.4502E+06 	
1.2539E+01 	7.0549E+06 	1.2539E+01 	6.4493E+06 	
1.2523E+01 	7.0542E+06 	1.2523E+01 	6.4438E+06 	
1.2506E+01 	7.0542E+06 	1.2506E+01 	6.4486E+06 	
1.2489E+01 	7.0529E+06 	1.2489E+01 	6.4316E+06 	
1.2473E+01 	7.0518E+06 	1.2473E+01 	6.4440E+06 	
1.2456E+01 	7.0520E+06 	1.2456E+01 	6.4160E+06 	
1.2440E+01 	7.0520E+06 	1.2440E+01 	6.4285E+06 	
1.2423E+01 	7.0520E+06 	1.2423E+01 	6.4220E+06 	
1.2407E+01 	7.0508E+06 	1.2407E+01 	6.4372E+06 	
1.2390E+01 	7.0515E+06 	1.2390E+01 	6.4328E+06 	
1.2374E+01 	7.0505E+06 	1.2374E+01 	6.4488E+06 	
1.2357E+01 	7.0495E+06 	1.2357E+01 	6.4274E+06 	
1.2341E+01 	7.0493E+06 	1.2341E+01 	6.4424E+06 	
1.2324E+01 	7.0485E+06 	1.2324E+01 	6.4508E+06 	
1.2308E+01 	7.0481E+06 	1.2308E+01 	6.4467E+06 	
1.2291E+01 	7.0478E+06 	1.2291E+01 	6.4244E+06 	
1.2275E+01 	7.0471E+06 	1.2275E+01 	6.4398E+06 	
1.2258E+01 	7.0461E+06 	1.2258E+01 	6.4254E+06 	
1.2242E+01 	7.0452E+06 	1.2242E+01 	6.4200E+06 	
1.2225E+01 	7.0452E+06 	1.2225E+01 	6.4261E+06 	
1.2209E+01 	7.0445E+06 	1.2209E+01 	6.4261E+06 	
1.2192E+01 	7.0431E+06 	1.2192E+01 	6.4230E+06 	
1.2176E+01 	7.0432E+06 	1.2176E+01 	6.4031E+06 	
1.2159E+01 	7.0421E+06 	1.2159E+01 	6.4203E+06 	
1.2143E+01 	7.0411E+06 	1.2143E+01 	6.4302E+06 	
1.2126E+01 	7.0410E+06 	1.2126E+01 	6.4248E+06 	
1.2110E+01 	7.0398E+06 	1.2110E+01 	6.4244E+06 	
1.2093E+01 	7.0392E+06 	1.2093E+01 	6.4269E+06 	
1.2077E+01 	7.0385E+06 	1.2077E+01 	6.4161E+06 	
1.2060E+01 	7.0376E+06 	1.2060E+01 	6.4173E+06 	
1.2044E+01 	7.0379E+06 	1.2044E+01 	6.4005E+06 	
1.2027E+01 	7.0376E+06 	1.2027E+01 	6.4342E+06 	
1.2011E+01 	7.0368E+06 	1.2011E+01 	6.4199E+06 	
1.1994E+01 	7.0368E+06 	1.1994E+01 	6.3881E+06 	
1.1977E+01 	7.0365E+06 	1.1977E+01 	6.4200E+06 	
1.1961E+01 	7.0361E+06 	1.1961E+01 	6.4108E+06 	
1.1944E+01 	7.0353E+06 	1.1944E+01 	6.4249E+06 	
1.1928E+01 	7.0351E+06 	1.1928E+01 	6.3996E+06 	
1.1911E+01 	7.0350E+06 	1.1911E+01 	6.4045E+06 	
1.1895E+01 	7.0337E+06 	1.1895E+01 	6.4383E+06 	
1.1878E+01 	7.0340E+06 	1.1878E+01 	6.4282E+06 	
1.1862E+01 	7.0335E+06 	1.1862E+01 	6.4074E+06 	
1.1845E+01 	7.0333E+06 	1.1845E+01 	6.4082E+06 	
1.1829E+01 	7.0316E+06 	1.1829E+01 	6.4366E+06 	
1.1812E+01 	7.0309E+06 	1.1812E+01 	6.4237E+06 	
1.1796E+01 	7.0316E+06 	1.1796E+01 	6.4049E+06 	
1.1779E+01 	7.0296E+06 	1.1779E+01 	6.3966E+06 	
1.1763E+01 	7.0298E+06 	1.1763E+01 	6.3836E+06 	
1.1746E+01 	7.0290E+06 	1.1746E+01 	6.4071E+06 	
1.1730E+01 	7.0280E+06 	1.1730E+01 	6.4313E+06 	
1.1713E+01 	7.0272E+06 	1.1713E+01 	6.4005E+06 	
1.1697E+01 	7.0264E+06 	1.1697E+01 	6.4315E+06 	
1.1680E+01 	7.0265E+06 	1.1680E+01 	6.3936E+06 	
1.1664E+01 	7.0260E+06 	1.1664E+01 	6.3914E+06 	
1.1647E+01 	7.0248E+06 	1.1647E+01 	6.4135E+06 	
1.1631E+01 	7.0247E+06 	1.1631E+01 	6.4085E+06 	
1.1614E+01 	7.0235E+06 	1.1614E+01 	6.3896E+06 	
1.1598E+01 	7.0232E+06 	1.1598E+01 	6.4023E+06 	
1.1581E+01 	7.0225E+06 	1.1581E+01 	6.4140E+06 	
1.1565E+01 	7.0217E+06 	1.1565E+01 	6.3974E+06 	
1.1548E+01 	7.0208E+06 	1.1548E+01 	6.4095E+06 	
1.1532E+01 	7.0204E+06 	1.1532E+01 	6.3852E+06 	
1.1515E+01 	7.0202E+06 	1.1515E+01 	6.3756E+06 	
1.1498E+01 	7.0188E+06 	1.1498E+01 	6.4115E+06 	
1.1482E+01 	7.0185E+06 	1.1482E+01 	6.3751E+06 	
1.1465E+01 	7.0178E+06 	1.1465E+01 	6.4048E+06 	
1.1449E+01 	7.0178E+06 	1.1449E+01 	6.4047E+06 	
1.1432E+01 	7.0169E+06 	1.1432E+01 	6.4114E+06 	
1.1416E+01 	7.0161E+06 	1.1416E+01 	6.3975E+06 	
1.1399E+01 	7.0152E+06 	1.1399E+01 	6.3883E+06 	
1.1383E+01 	7.0142E+06 	1.1383E+01 	6.3848E+06 	
1.1366E+01 	7.0143E+06 	1.1366E+01 	6.3869E+06 	
1.1350E+01 	7.0142E+06 	1.1350E+01 	6.3942E+06 	
1.1333E+01 	7.0125E+06 	1.1333E+01 	6.3799E+06 	
1.1317E+01 	7.0118E+06 	1.1317E+01 	6.4020E+06 	
1.1300E+01 	7.0106E+06 	1.1300E+01 	6.3829E+06 	
1.1284E+01 	7.0103E+06 	1.1284E+01 	6.3916E+06 	
1.1267E+01 	7.0090E+06 	1.1267E+01 	6.3525E+06 	
1.1251E+01 	7.0086E+06 	1.1251E+01 	6.3799E+06 	
1.1234E+01 	7.0084E+06 	1.1234E+01 	6.4158E+06 	
1.1218E+01 	7.0069E+06 	1.1218E+01 	6.3805E+06 	
1.1201E+01 	7.0062E+06 	1.1201E+01 	6.4120E+06 	
1.1185E+01 	7.0062E+06 	1.1185E+01 	6.3949E+06 	
1.1168E+01 	7.0044E+06 	1.1168E+01 	6.3852E+06 	
1.1152E+01 	7.0038E+06 	1.1152E+01 	6.3731E+06 	
1.1135E+01 	7.0036E+06 	1.1135E+01 	6.3720E+06 	
1.1119E+01 	7.0021E+06 	1.1119E+01 	6.3685E+06 	
1.1102E+01 	7.0017E+06 	1.1102E+01 	6.3882E+06 	
1.1086E+01 	6.9997E+06 	1.1086E+01 	6.3827E+06 	
1.1069E+01 	6.9996E+06 	1.1069E+01 	6.3761E+06 	
1.1053E+01 	6.9986E+06 	1.1053E+01 	6.3690E+06 	
1.1036E+01 	6.9981E+06 	1.1036E+01 	6.3780E+06 	
1.1020E+01 	6.9972E+06 	1.1020E+01 	6.3598E+06 	
1.1003E+01 	6.9957E+06 	1.1003E+01 	6.3780E+06 	
1.0986E+01 	6.9951E+06 	1.0986E+01 	6.3832E+06 	
1.0970E+01 	6.9942E+06 	1.0970E+01 	6.3607E+06 	
1.0953E+01 	6.9934E+06 	1.0953E+01 	6.3658E+06 	
1.0937E+01 	6.9918E+06 	1.0937E+01 	6.3620E+06 	
1.0920E+01 	6.9910E+06 	1.0920E+01 	6.3776E+06 	
1.0904E+01 	6.9902E+06 	1.0904E+01 	6.3672E+06 	
1.0887E+01 	6.9892E+06 	1.0887E+01 	6.3698E+06 	
1.0871E+01 	6.9884E+06 	1.0871E+01 	6.3730E+06 	
1.0854E+01 	6.9873E+06 	1.0854E+01 	6.3719E+06 	
1.0838E+01 	6.9868E+06 	1.0838E+01 	6.3615E+06 	
1.0821E+01 	6.9853E+06 	1.0821E+01 	6.3556E+06 	
1.0805E+01 	6.9842E+06 	1.0805E+01 	6.3793E+06 	
1.0788E+01 	6.9839E+06 	1.0788E+01 	6.3519E+06 	
1.0772E+01 	6.9820E+06 	1.0772E+01 	6.3329E+06 	
1.0755E+01 	6.9820E+06 	1.0755E+01 	6.3545E+06 	
1.0739E+01 	6.9800E+06 	1.0739E+01 	6.3693E+06 	
1.0722E+01 	6.9793E+06 	1.0722E+01 	6.3453E+06 	
1.0706E+01 	6.9784E+06 	1.0706E+01 	6.3426E+06 	
1.0689E+01 	6.9774E+06 	1.0689E+01 	6.3549E+06 	
1.0673E+01 	6.9761E+06 	1.0673E+01 	6.3617E+06 	
1.0656E+01 	6.9750E+06 	1.0656E+01 	6.3483E+06 	
1.0640E+01 	6.9738E+06 	1.0640E+01 	6.3663E+06 	
1.0623E+01 	6.9727E+06 	1.0623E+01 	6.3423E+06 	
1.0607E+01 	6.9726E+06 	1.0607E+01 	6.3283E+06 	
1.0590E+01 	6.9707E+06 	1.0590E+01 	6.3505E+06 	
1.0574E+01 	6.9708E+06 	1.0574E+01 	6.3545E+06 	
1.0557E+01 	6.9687E+06 	1.0557E+01 	6.3272E+06 	
1.0541E+01 	6.9682E+06 	1.0541E+01 	6.3402E+06 	
1.0524E+01 	6.9665E+06 	1.0524E+01 	6.3255E+06 	
1.0508E+01 	6.9664E+06 	1.0508E+01 	6.3530E+06 	
1.0491E+01 	6.9646E+06 	1.0491E+01 	6.3314E+06 	
1.0474E+01 	6.9636E+06 	1.0474E+01 	6.3193E+06 	
1.0458E+01 	6.9627E+06 	1.0458E+01 	6.3332E+06 	
1.0441E+01 	6.9618E+06 	1.0441E+01 	6.3365E+06 	
1.0425E+01 	6.9603E+06 	1.0425E+01 	6.3460E+06 	
1.0408E+01 	6.9585E+06 	1.0408E+01 	6.3459E+06 	
1.0392E+01 	6.9577E+06 	1.0392E+01 	6.3252E+06 	
1.0375E+01 	6.9569E+06 	1.0375E+01 	6.3300E+06 	
1.0359E+01 	6.9552E+06 	1.0359E+01 	6.3238E+06 	
1.0342E+01 	6.9541E+06 	1.0342E+01 	6.3126E+06 	
1.0326E+01 	6.9535E+06 	1.0326E+01 	6.3256E+06 	
1.0309E+01 	6.9510E+06 	1.0309E+01 	6.3431E+06 	
1.0293E+01 	6.9504E+06 	1.0293E+01 	6.3265E+06 	
1.0276E+01 	6.9490E+06 	1.0276E+01 	6.3161E+06 	
1.0260E+01 	6.9476E+06 	1.0260E+01 	6.3233E+06 	
1.0243E+01 	6.9466E+06 	1.0243E+01 	6.3203E+06 	
1.0227E+01 	6.9451E+06 	1.0227E+01 	6.3114E+06 	
1.0210E+01 	6.9440E+06 	1.0210E+01 	6.3452E+06 	
1.0194E+01 	6.9414E+06 	1.0194E+01 	6.3262E+06 	
1.0177E+01 	6.9406E+06 	1.0177E+01 	6.3027E+06 	
1.0161E+01 	6.9385E+06 	1.0161E+01 	6.3191E+06 	
1.0144E+01 	6.9379E+06 	1.0144E+01 	6.3167E+06 	
1.0128E+01 	6.9353E+06 	1.0128E+01 	6.3212E+06 	
1.0111E+01 	6.9346E+06 	1.0111E+01 	6.3028E+06 	
1.0095E+01 	6.9326E+06 	1.0095E+01 	6.3112E+06 	
1.0078E+01 	6.9303E+06 	1.0078E+01 	6.3142E+06 	
1.0062E+01 	6.9280E+06 	1.0062E+01 	6.3053E+06 	
1.0045E+01 	6.9267E+06 	1.0045E+01 	6.3104E+06 	
1.0029E+01 	6.9254E+06 	1.0029E+01 	6.3001E+06 	
1.0012E+01 	6.9244E+06 	1.0012E+01 	6.2965E+06 	
9.9955E+00 	6.9214E+06 	9.9955E+00 	6.3115E+06 	
9.9790E+00 	6.9197E+06 	9.9790E+00 	6.3031E+06 	
9.9625E+00 	6.9188E+06 	9.9625E+00 	6.3051E+06 	
9.9459E+00 	6.9166E+06 	9.9459E+00 	6.2791E+06 	
9.9294E+00 	6.9142E+06 	9.9294E+00 	6.3009E+06 	
9.9129E+00 	6.9140E+06 	9.9129E+00 	6.2963E+06 	
9.8964E+00 	6.9116E+06 	9.8964E+00 	6.3054E+06 	
9.8799E+00 	6.9104E+06 	9.8799E+00 	6.2675E+06 	
9.8634E+00 	6.9090E+06 	9.8634E+00 	6.2736E+06 	
9.8468E+00 	6.9072E+06 	9.8468E+00 	6.2801E+06 	
9.8303E+00 	6.9053E+06 	9.8303E+00 	6.2894E+06 	
9.8138E+00 	6.9039E+06 	9.8138E+00 	6.2710E+06 	
9.7973E+00 	6.9023E+06 	9.7973E+00 	6.2714E+06 	
9.7808E+00 	6.8996E+06 	9.7808E+00 	6.2718E+06 	
9.7643E+00 	6.8982E+06 	9.7643E+00 	6.2709E+06 	
9.7477E+00 	6.8955E+06 	9.7477E+00 	6.2695E+06 	
9.7312E+00 	6.8947E+06 	9.7312E+00 	6.2860E+06 	
9.7147E+00 	6.8921E+06 	9.7147E+00 	6.2699E+06 	
9.6982E+00 	6.8901E+06 	9.6982E+00 	6.2509E+06 	
9.6817E+00 	6.8884E+06 	9.6817E+00 	6.2412E+06 	
9.6652E+00 	6.8863E+06 	9.6652E+00 	6.2750E+06 	
9.6486E+00 	6.8842E+06 	9.6486E+00 	6.2589E+06 	
9.6321E+00 	6.8827E+06 	9.6321E+00 	6.2588E+06 	
9.6156E+00 	6.8800E+06 	9.6156E+00 	6.2326E+06 	
9.5991E+00 	6.8778E+06 	9.5991E+00 	6.2711E+06 	
9.5826E+00 	6.8756E+06 	9.5826E+00 	6.2436E+06 	
9.5661E+00 	6.8735E+06 	9.5661E+00 	6.2512E+06 	
9.5495E+00 	6.8710E+06 	9.5495E+00 	6.2412E+06 	
9.5330E+00 	6.8689E+06 	9.5330E+00 	6.2360E+06 	
9.5165E+00 	6.8676E+06 	9.5165E+00 	6.2366E+06 	
9.5000E+00 	6.8639E+06 	9.5000E+00 	6.2285E+06 	
9.4835E+00 	6.8611E+06 	9.4835E+00 	6.2389E+06 	
9.4670E+00 	6.8602E+06 	9.4670E+00 	6.2185E+06 	
9.4505E+00 	6.8572E+06 	9.4505E+00 	6.2394E+06 	
9.4339E+00 	6.8549E+06 	9.4339E+00 	6.2321E+06 	
9.4174E+00 	6.8527E+06 	9.4174E+00 	6.2285E+06 	
9.4009E+00 	6.8504E+06 	9.4009E+00 	6.2213E+06 	
9.3844E+00 	6.8475E+06 	9.3844E+00 	6.2347E+06 	
9.3679E+00 	6.8459E+06 	9.3679E+00 	6.1922E+06 	
9.3514E+00 	6.8428E+06 	9.3514E+00 	6.2325E+06 	
9.3348E+00 	6.8403E+06 	9.3348E+00 	6.2244E+06 	
9.3183E+00 	6.8378E+06 	9.3183E+00 	6.2080E+06 	
9.3018E+00 	6.8365E+06 	9.3018E+00 	6.2125E+06 	
9.2853E+00 	6.8336E+06 	9.2853E+00 	6.2207E+06 	
9.2688E+00 	6.8317E+06 	9.2688E+00 	6.2231E+06 	
9.2523E+00 	6.8294E+06 	9.2523E+00 	6.1900E+06 	
9.2357E+00 	6.8269E+06 	9.2357E+00 	6.2144E+06 	
9.2192E+00 	6.8242E+06 	9.2192E+00 	6.1832E+06 	
9.2027E+00 	6.8219E+06 	9.2027E+00 	6.1943E+06 	
9.1862E+00 	6.8189E+06 	9.1862E+00 	6.2148E+06 	
9.1697E+00 	6.8169E+06 	9.1697E+00 	6.1866E+06 	
9.1532E+00 	6.8138E+06 	9.1532E+00 	6.1870E+06 	
9.1366E+00 	6.8114E+06 	9.1366E+00 	6.1808E+06 	
9.1201E+00 	6.8088E+06 	9.1201E+00 	6.1832E+06 	
9.1036E+00 	6.8069E+06 	9.1036E+00 	6.1526E+06 	
9.0871E+00 	6.8038E+06 	9.0871E+00 	6.1888E+06 	
9.0706E+00 	6.8014E+06 	9.0706E+00 	6.1935E+06 	
9.0541E+00 	6.7983E+06 	9.0541E+00 	6.1784E+06 	
9.0375E+00 	6.7958E+06 	9.0375E+00 	6.1566E+06 	
9.0210E+00 	6.7937E+06 	9.0210E+00 	6.1579E+06 	
9.0045E+00 	6.7908E+06 	9.0045E+00 	6.1776E+06 	
8.9880E+00 	6.7858E+06 	8.9880E+00 	6.1810E+06 	
8.9715E+00 	6.7841E+06 	8.9715E+00 	6.1655E+06 	
8.9550E+00 	6.7812E+06 	8.9550E+00 	6.1471E+06 	
8.9384E+00 	6.7802E+06 	8.9384E+00 	6.1673E+06 	
8.9219E+00 	6.7791E+06 	8.9219E+00 	6.1661E+06 	
8.9054E+00 	6.7768E+06 	8.9054E+00 	6.1702E+06 	
8.8889E+00 	6.7750E+06 	8.8889E+00 	6.1475E+06 	
8.8724E+00 	6.7730E+06 	8.8724E+00 	6.1547E+06 	
8.8559E+00 	6.7696E+06 	8.8559E+00 	6.1478E+06 	
8.8393E+00 	6.7675E+06 	8.8393E+00 	6.1446E+06 	
8.8228E+00 	6.7661E+06 	8.8228E+00 	6.1515E+06 	
8.8063E+00 	6.7636E+06 	8.8063E+00 	6.1498E+06 	
8.7898E+00 	6.7620E+06 	8.7898E+00 	6.1428E+06 	
8.7733E+00 	6.7593E+06 	8.7733E+00 	6.1470E+06 	
8.7568E+00 	6.7582E+06 	8.7568E+00 	6.1248E+06 	
8.7402E+00 	6.7565E+06 	8.7402E+00 	6.1303E+06 	
8.7237E+00 	6.7544E+06 	8.7237E+00 	6.1136E+06 	
8.7072E+00 	6.7518E+06 	8.7072E+00 	6.1137E+06 	
8.6907E+00 	6.7511E+06 	8.6907E+00 	6.1226E+06 	
8.6742E+00 	6.7497E+06 	8.6742E+00 	6.1390E+06 	
8.6577E+00 	6.7475E+06 	8.6577E+00 	6.1346E+06 	
8.6411E+00 	6.7456E+06 	8.6411E+00 	6.1264E+06 	
8.6246E+00 	6.7442E+06 	8.6246E+00 	6.1336E+06 	
8.6081E+00 	6.7424E+06 	8.6081E+00 	6.1191E+06 	
8.5916E+00 	6.7414E+06 	8.5916E+00 	6.1147E+06 	
8.5751E+00 	6.7396E+06 	8.5751E+00 	6.1152E+06 	
8.5586E+00 	6.7388E+06 	8.5586E+00 	6.1171E+06 	
8.5420E+00 	6.7381E+06 	8.5420E+00 	6.1214E+06 	
8.5255E+00 	6.7383E+06 	8.5255E+00 	6.1061E+06 	
8.5090E+00 	6.7382E+06 	8.5090E+00 	6.1137E+06 	
8.4925E+00 	6.7397E+06 	8.4925E+00 	6.1123E+06 	
8.4760E+00 	6.7404E+06 	8.4760E+00 	6.1278E+06 	
8.4595E+00 	6.7415E+06 	8.4595E+00 	6.1200E+06 	
8.4429E+00 	6.7429E+06 	8.4429E+00 	6.1116E+06 	
8.4264E+00 	6.7447E+06 	8.4264E+00 	6.0960E+06 	
8.4099E+00 	6.7450E+06 	8.4099E+00 	6.1537E+06 	
8.3934E+00 	6.7465E+06 	8.3934E+00 	6.1321E+06 	
8.3769E+00 	6.7471E+06 	8.3769E+00 	6.1443E+06 	
8.3604E+00 	6.7497E+06 	8.3604E+00 	6.1290E+06 	
8.3438E+00 	6.7503E+06 	8.3438E+00 	6.1325E+06 	
8.3273E+00 	6.7517E+06 	8.3273E+00 	6.1333E+06 	
8.3108E+00 	6.7537E+06 	8.3108E+00 	6.1301E+06 	
8.2943E+00 	6.7577E+06 	8.2943E+00 	6.1463E+06 	
8.2778E+00 	6.7599E+06 	8.2778E+00 	6.1385E+06 	
8.2613E+00 	6.7612E+06 	8.2613E+00 	6.1304E+06 	
8.2447E+00 	6.7624E+06 	8.2447E+00 	6.1402E+06 	
8.2282E+00 	6.7636E+06 	8.2282E+00 	6.1394E+06 	
8.2117E+00 	6.7653E+06 	8.2117E+00 	6.1727E+06 	
8.1952E+00 	6.7675E+06 	8.1952E+00 	6.1407E+06 	
8.1787E+00 	6.7693E+06 	8.1787E+00 	6.1444E+06 	
8.1622E+00 	6.7720E+06 	8.1622E+00 	6.1486E+06 	
8.1456E+00 	6.7729E+06 	8.1456E+00 	6.1739E+06 	
8.1291E+00 	6.7756E+06 	8.1291E+00 	6.1572E+06 	
8.1126E+00 	6.7770E+06 	8.1126E+00 	6.1529E+06 	
8.0961E+00 	6.7792E+06 	8.0961E+00 	6.1532E+06 	
8.0796E+00 	6.7814E+06 	8.0796E+00 	6.1539E+06 	
8.0631E+00 	6.7830E+06 	8.0631E+00 	6.1353E+06 	
8.0465E+00 	6.7849E+06 	8.0465E+00 	6.1528E+06 	
8.0300E+00 	6.7863E+06 	8.0300E+00 	6.1727E+06 	
8.0135E+00 	6.7882E+06 	8.0135E+00 	6.1562E+06 	
7.9970E+00 	6.7893E+06 	7.9970E+00 	6.1893E+06 	
7.9805E+00 	6.7915E+06 	7.9805E+00 	6.1867E+06 	
7.9640E+00 	6.7927E+06 	7.9640E+00 	6.1927E+06 	
7.9474E+00 	6.7948E+06 	7.9474E+00 	6.1795E+06 	
7.9309E+00 	6.7956E+06 	7.9309E+00 	6.1801E+06 	
7.9144E+00 	6.7972E+06 	7.9144E+00 	6.1756E+06 	
7.8979E+00 	6.7976E+06 	7.8979E+00 	6.1916E+06 	
7.8814E+00 	6.7997E+06 	7.8814E+00 	6.1964E+06 	
7.8649E+00 	6.8007E+06 	7.8649E+00 	6.1737E+06 	
7.8483E+00 	6.8018E+06 	7.8483E+00 	6.1852E+06 	
7.8318E+00 	6.8027E+06 	7.8318E+00 	6.1969E+06 	
7.8153E+00 	6.8045E+06 	7.8153E+00 	6.1835E+06 	
7.7988E+00 	6.8049E+06 	7.7988E+00 	6.1926E+06 	
7.7823E+00 	6.8055E+06 	7.7823E+00 	6.1869E+06 	
7.7658E+00 	6.8062E+06 	7.7658E+00 	6.1985E+06 	
7.7492E+00 	6.8075E+06 	7.7492E+00 	6.1832E+06 	
7.7327E+00 	6.8066E+06 	7.7327E+00 	6.1824E+06 	
7.7162E+00 	6.8067E+06 	7.7162E+00 	6.1674E+06 	
7.6997E+00 	6.8056E+06 	7.6997E+00 	6.1852E+06 	
7.6832E+00 	6.8054E+06 	7.6832E+00 	6.2009E+06 	
7.6667E+00 	6.8040E+06 	7.6667E+00 	6.1851E+06 	
7.6502E+00 	6.8031E+06 	7.6502E+00 	6.1871E+06 	
7.6336E+00 	6.8017E+06 	7.6336E+00 	6.1821E+06 	
7.6171E+00 	6.7998E+06 	7.6171E+00 	6.1725E+06 	
7.6006E+00 	6.7982E+06 	7.6006E+00 	6.2085E+06 	
7.5841E+00 	6.7965E+06 	7.5841E+00 	6.1807E+06 	
7.5676E+00 	6.7936E+06 	7.5676E+00 	6.1929E+06 	
7.5511E+00 	6.7919E+06 	7.5511E+00 	6.1868E+06 	
7.5345E+00 	6.7901E+06 	7.5345E+00 	6.1634E+06 	
7.5180E+00 	6.7914E+06 	7.5180E+00 	6.1776E+06 	
7.5015E+00 	6.7947E+06 	7.5015E+00 	6.1997E+06 	
7.4850E+00 	6.7980E+06 	7.4850E+00 	6.1766E+06 	
7.4685E+00 	6.7996E+06 	7.4685E+00 	6.1758E+06 	
7.4520E+00 	6.8025E+06 	7.4520E+00 	6.1827E+06 	
7.4354E+00 	6.8061E+06 	7.4354E+00 	6.1974E+06 	
7.4189E+00 	6.8085E+06 	7.4189E+00 	6.1612E+06 	
7.4024E+00 	6.8085E+06 	7.4024E+00 	6.2061E+06 	
7.3859E+00 	6.8081E+06 	7.3859E+00 	6.1915E+06 	
7.3694E+00 	6.8070E+06 	7.3694E+00 	6.1774E+06 	
7.3529E+00 	6.8051E+06 	7.3529E+00 	6.1968E+06 	
7.3363E+00 	6.8037E+06 	7.3363E+00 	6.1992E+06 	
7.3198E+00 	6.8022E+06 	7.3198E+00 	6.1931E+06 	
7.3033E+00 	6.8031E+06 	7.3033E+00 	6.1736E+06 	
7.2868E+00 	6.8083E+06 	7.2868E+00 	6.2016E+06 	
7.2703E+00 	6.8152E+06 	7.2703E+00 	6.1908E+06 	
7.2538E+00 	6.8185E+06 	7.2538E+00 	6.1872E+06 	
7.2372E+00 	6.8220E+06 	7.2372E+00 	6.2129E+06 	
7.2207E+00 	6.8237E+06 	7.2207E+00 	6.2166E+06 	
7.2042E+00 	6.8247E+06 	7.2042E+00 	6.1958E+06 	
7.1877E+00 	6.8264E+06 	7.1877E+00 	6.2350E+06 	
7.1712E+00 	6.8269E+06 	7.1712E+00 	6.2182E+06 	
7.1547E+00 	6.8268E+06 	7.1547E+00 	6.2163E+06 	
7.1381E+00 	6.8266E+06 	7.1381E+00 	6.2393E+06 	
7.1216E+00 	6.8275E+06 	7.1216E+00 	6.2116E+06 	
7.1051E+00 	6.8269E+06 	7.1051E+00 	6.2201E+06 	
7.0886E+00 	6.8271E+06 	7.0886E+00 	6.2341E+06 	
7.0721E+00 	6.8273E+06 	7.0721E+00 	6.1991E+06 	
7.0556E+00 	6.8277E+06 	7.0556E+00 	6.2117E+06 	
7.0390E+00 	6.8286E+06 	7.0390E+00 	6.2320E+06 	
7.0225E+00 	6.8278E+06 	7.0225E+00 	6.2282E+06 	
7.0060E+00 	6.8275E+06 	7.0060E+00 	6.2169E+06 	
6.9895E+00 	6.8280E+06 	6.9895E+00 	6.2328E+06 	
6.9730E+00 	6.8272E+06 	6.9730E+00 	6.2193E+06 	
6.9565E+00 	6.8277E+06 	6.9565E+00 	6.2232E+06 	
6.9399E+00 	6.8264E+06 	6.9399E+00 	6.2247E+06 	
6.9234E+00 	6.8273E+06 	6.9234E+00 	6.2254E+06 	
6.9069E+00 	6.8267E+06 	6.9069E+00 	6.2118E+06 	
6.8904E+00 	6.8262E+06 	6.8904E+00 	6.2225E+06 	
6.8739E+00 	6.8261E+06 	6.8739E+00 	6.2352E+06 	
6.8574E+00 	6.8258E+06 	6.8574E+00 	6.2145E+06 	
6.8408E+00 	6.8255E+06 	6.8408E+00 	6.2199E+06 	
6.8243E+00 	6.8247E+06 	6.8243E+00 	6.2137E+06 	
6.8078E+00 	6.8254E+06 	6.8078E+00 	6.2243E+06 	
6.7913E+00 	6.8254E+06 	6.7913E+00 	6.2189E+06 	
6.7748E+00 	6.8247E+06 	6.7748E+00 	6.2405E+06 	
6.7583E+00 	6.8239E+06 	6.7583E+00 	6.2337E+06 	
6.7417E+00 	6.8232E+06 	6.7417E+00 	6.2287E+06 	
6.7252E+00 	6.8227E+06 	6.7252E+00 	6.2258E+06 	
6.7087E+00 	6.8230E+06 	6.7087E+00 	6.2258E+06 	
6.6922E+00 	6.8223E+06 	6.6922E+00 	6.2403E+06 	
6.6757E+00 	6.8209E+06 	6.6757E+00 	6.3028E+06 	
6.6592E+00 	6.8199E+06 	6.6592E+00 	6.2900E+06 	
6.6426E+00 	6.8205E+06 	6.6426E+00 	6.2834E+06 	
6.6261E+00 	6.8192E+06 	6.6261E+00 	6.2857E+06 	
6.6096E+00 	6.8184E+06 	6.6096E+00 	6.2769E+06 	
6.5931E+00 	6.8177E+06 	6.5931E+00 	6.2697E+06 	
6.5766E+00 	6.8169E+06 	6.5766E+00 	6.2915E+06 	
6.5601E+00 	6.8170E+06 	6.5601E+00 	6.2766E+06 	
6.5435E+00 	6.8163E+06 	6.5435E+00 	6.3044E+06 	
6.5270E+00 	6.8158E+06 	6.5270E+00 	6.2973E+06 	
6.5105E+00 	6.8150E+06 	6.5105E+00 	6.2808E+06 	
6.4940E+00 	6.8145E+06 	6.4940E+00 	6.2786E+06 	
6.4775E+00 	6.8135E+06 	6.4775E+00 	6.2743E+06 	
6.4610E+00 	6.8134E+06 	6.4610E+00 	6.2974E+06 	
6.4444E+00 	6.8137E+06 	6.4444E+00 	6.2699E+06 	
6.4279E+00 	6.8126E+06 	6.4279E+00 	6.2733E+06 	
6.4114E+00 	6.8111E+06 	6.4114E+00 	6.3023E+06 	
6.3949E+00 	6.8108E+06 	6.3949E+00 	6.2748E+06 	
6.3784E+00 	6.8110E+06 	6.3784E+00 	6.2892E+06 	
6.3619E+00 	6.8099E+06 	6.3619E+00 	6.2855E+06 	
6.3453E+00 	6.8091E+06 	6.3453E+00 	6.3007E+06 	
6.3288E+00 	6.8087E+06 	6.3288E+00 	6.2907E+06 	
6.3123E+00 	6.8075E+06 	6.3123E+00 	6.2858E+06 	
6.2958E+00 	6.8063E+06 	6.2958E+00 	6.2855E+06 	
6.2793E+00 	6.8056E+06 	6.2793E+00 	6.2738E+06 	
6.2628E+00 	6.8047E+06 	6.2628E+00 	6.2616E+06 	
6.2462E+00 	6.8047E+06 	6.2462E+00 	6.2825E+06 	
6.2297E+00 	6.8036E+06 	6.2297E+00 	6.2765E+06 	
6.2132E+00 	6.8023E+06 	6.2132E+00 	6.2849E+06 	
6.1967E+00 	6.8013E+06 	6.1967E+00 	6.2921E+06 	
6.1802E+00 	6.7996E+06 	6.1802E+00 	6.2772E+06 	
6.1637E+00 	6.7997E+06 	6.1637E+00 	6.2972E+06 	
6.1471E+00 	6.7988E+06 	6.1471E+00 	6.2816E+06 	
6.1306E+00 	6.7974E+06 	6.1306E+00 	6.2844E+06 	
6.1141E+00 	6.7973E+06 	6.1141E+00 	6.2848E+06 	
6.0976E+00 	6.7961E+06 	6.0976E+00 	6.2886E+06 	
6.0811E+00 	6.7953E+06 	6.0811E+00 	6.2746E+06 	
6.0646E+00 	6.7941E+06 	6.0646E+00 	6.2686E+06 	
6.0480E+00 	6.7932E+06 	6.0480E+00 	6.2694E+06 	
6.0315E+00 	6.7923E+06 	6.0315E+00 	6.2869E+06 	
6.0150E+00 	6.7910E+06 	6.0150E+00 	6.2943E+06 	
5.9985E+00 	6.7903E+06 	5.9985E+00 	6.2715E+06 	
5.9820E+00 	6.7882E+06 	5.9820E+00 	6.2930E+06 	
5.9655E+00 	6.7881E+06 	5.9655E+00 	6.2817E+06 	
5.9489E+00 	6.7864E+06 	5.9489E+00 	6.2710E+06 	
5.9324E+00 	6.7850E+06 	5.9324E+00 	6.2735E+06 	
5.9159E+00 	6.7846E+06 	5.9159E+00 	6.2993E+06 	
5.8994E+00 	6.7826E+06 	5.8994E+00 	6.2880E+06 	
5.8829E+00 	6.7813E+06 	5.8829E+00 	6.2593E+06 	
5.8664E+00 	6.7806E+06 	5.8664E+00 	6.2805E+06 	
5.8498E+00 	6.7789E+06 	5.8498E+00 	6.2900E+06 	
5.8333E+00 	6.7783E+06 	5.8333E+00 	6.2796E+06 	
5.8168E+00 	6.7774E+06 	5.8168E+00 	6.2939E+06 	
5.8003E+00 	6.7761E+06 	5.8003E+00 	6.2830E+06 	
5.7838E+00 	6.7753E+06 	5.7838E+00 	6.2666E+06 	
5.7673E+00 	6.7742E+06 	5.7673E+00 	6.2739E+06 	
5.7508E+00 	6.7734E+06 	5.7508E+00 	6.2692E+06 	
5.7342E+00 	6.7724E+06 	5.7342E+00 	6.2823E+06 	
5.7177E+00 	6.7709E+06 	5.7177E+00 	6.2627E+06 	
5.7012E+00 	6.7698E+06 	5.7012E+00 	6.2953E+06 	
5.6847E+00 	6.7680E+06 	5.6847E+00 	6.2744E+06 	
5.6682E+00 	6.7672E+06 	5.6682E+00 	6.2993E+06 	
5.6517E+00 	6.7665E+06 	5.6517E+00 	6.2856E+06 	
5.6351E+00 	6.7647E+06 	5.6351E+00 	6.2644E+06 	
5.6186E+00 	6.7641E+06 	5.6186E+00 	6.2834E+06 	
5.6021E+00 	6.7620E+06 	5.6021E+00 	6.2784E+06 	
5.5856E+00 	6.7612E+06 	5.5856E+00 	6.3142E+06 	
5.5691E+00 	6.7602E+06 	5.5691E+00 	6.2799E+06 	
5.5526E+00 	6.7585E+06 	5.5526E+00 	6.2822E+06 	
5.5360E+00 	6.7565E+06 	5.5360E+00 	6.2683E+06 	
5.5195E+00 	6.7561E+06 	5.5195E+00 	6.2671E+06 	
5.5030E+00 	6.7545E+06 	5.5030E+00 	6.2613E+06 	
5.4865E+00 	6.7538E+06 	5.4865E+00 	6.2649E+06 	
5.4700E+00 	6.7526E+06 	5.4700E+00 	6.2654E+06 	
5.4535E+00 	6.7506E+06 	5.4535E+00 	6.2793E+06 	
5.4369E+00 	6.7500E+06 	5.4369E+00 	6.2573E+06 	
5.4204E+00 	6.7471E+06 	5.4204E+00 	6.2848E+06 	
5.4039E+00 	6.7462E+06 	5.4039E+00 	6.2710E+06 	
5.3874E+00 	6.7451E+06 	5.3874E+00 	6.2554E+06 	
5.3709E+00 	6.7447E+06 	5.3709E+00 	6.2597E+06 	
5.3544E+00 	6.7437E+06 	5.3544E+00 	6.2692E+06 	
5.3378E+00 	6.7402E+06 	5.3378E+00 	6.2760E+06 	
5.3213E+00 	6.7397E+06 	5.3213E+00 	6.2883E+06 	
5.3048E+00 	6.7382E+06 	5.3048E+00 	6.2758E+06 	
5.2883E+00 	6.7367E+06 	5.2883E+00 	6.2524E+06 	
5.2718E+00 	6.7347E+06 	5.2718E+00 	6.2849E+06 	
5.2553E+00 	6.7338E+06 	5.2553E+00 	6.2598E+06 	
5.2387E+00 	6.7319E+06 	5.2387E+00 	6.2600E+06 	
5.2222E+00 	6.7306E+06 	5.2222E+00 	6.2511E+06 	
5.2057E+00 	6.7290E+06 	5.2057E+00 	6.2686E+06 	
5.1892E+00 	6.7272E+06 	5.1892E+00 	6.2773E+06 	
5.1727E+00 	6.7259E+06 	5.1727E+00 	6.2639E+06 	
5.1562E+00 	6.7255E+06 	5.1562E+00 	6.2661E+06 	
5.1396E+00 	6.7230E+06 	5.1396E+00 	6.2601E+06 	
5.1231E+00 	6.7202E+06 	5.1231E+00 	6.2617E+06 	
5.1066E+00 	6.7184E+06 	5.1066E+00 	6.2552E+06 	
5.0901E+00 	6.7174E+06 	5.0901E+00 	6.2619E+06 	
5.0736E+00 	6.7151E+06 	5.0736E+00 	6.2614E+06 	
5.0571E+00 	6.7138E+06 	5.0571E+00 	6.2549E+06 	
5.0405E+00 	6.7118E+06 	5.0405E+00 	6.2602E+06 	
5.0240E+00 	6.7110E+06 	5.0240E+00 	6.2445E+06 	
5.0075E+00 	6.7096E+06 	5.0075E+00 	6.2569E+06 	
4.9910E+00 	6.7082E+06 	4.9910E+00 	6.2532E+06 	
4.9745E+00 	6.7070E+06 	4.9745E+00 	6.2667E+06 	
4.9580E+00 	6.7056E+06 	4.9580E+00 	6.2622E+06 	
4.9414E+00 	6.7033E+06 	4.9414E+00 	6.2419E+06 	
4.9249E+00 	6.7017E+06 	4.9249E+00 	6.2506E+06 	
4.9084E+00 	6.7001E+06 	4.9084E+00 	6.2611E+06 	
4.8919E+00 	6.6983E+06 	4.8919E+00 	6.2583E+06 	
4.8754E+00 	6.6965E+06 	4.8754E+00 	6.2629E+06 	
4.8589E+00 	6.6939E+06 	4.8589E+00 	6.2597E+06 	
4.8423E+00 	6.6927E+06 	4.8423E+00 	6.2615E+06 	
4.8258E+00 	6.6911E+06 	4.8258E+00 	6.2458E+06 	
4.8093E+00 	6.6885E+06 	4.8093E+00 	6.2553E+06 	
4.7928E+00 	6.6870E+06 	4.7928E+00 	6.2462E+06 	
4.7763E+00 	6.6851E+06 	4.7763E+00 	6.2339E+06 	
4.7598E+00 	6.6827E+06 	4.7598E+00 	6.2460E+06 	
4.7432E+00 	6.6808E+06 	4.7432E+00 	6.2226E+06 	
4.7267E+00 	6.6789E+06 	4.7267E+00 	6.2513E+06 	
4.7102E+00 	6.6770E+06 	4.7102E+00 	6.2243E+06 	
4.6937E+00 	6.6751E+06 	4.6937E+00 	6.2525E+06 	
4.6772E+00 	6.6732E+06 	4.6772E+00 	6.2485E+06 	
4.6607E+00 	6.6710E+06 	4.6607E+00 	6.2375E+06 	
4.6441E+00 	6.6688E+06 	4.6441E+00 	6.2307E+06 	
4.6276E+00 	6.6666E+06 	4.6276E+00 	6.2545E+06 	
4.6111E+00 	6.6644E+06 	4.6111E+00 	6.2608E+06 	
4.5946E+00 	6.6624E+06 	4.5946E+00 	6.2467E+06 	
4.5781E+00 	6.6602E+06 	4.5781E+00 	6.2176E+06 	
4.5616E+00 	6.6580E+06 	4.5616E+00 	6.2401E+06 	
4.5450E+00 	6.6560E+06 	4.5450E+00 	6.2429E+06 	
4.5285E+00 	6.6541E+06 	4.5285E+00 	6.2328E+06 	
4.5120E+00 	6.6513E+06 	4.5120E+00 	6.2272E+06 	
4.4955E+00 	6.6488E+06 	4.4955E+00 	6.2226E+06 	
4.4790E+00 	6.6462E+06 	4.4790E+00 	6.2338E+06 	
4.4625E+00 	6.6438E+06 	4.4625E+00 	6.2166E+06 	
4.4459E+00 	6.6415E+06 	4.4459E+00 	6.2043E+06 	
4.4294E+00 	6.6385E+06 	4.4294E+00 	6.2194E+06 	
4.4129E+00 	6.6359E+06 	4.4129E+00 	6.2168E+06 	
4.3964E+00 	6.6339E+06 	4.3964E+00 	6.2209E+06 	
4.3799E+00 	6.6306E+06 	4.3799E+00 	6.2303E+06 	
4.3634E+00 	6.6281E+06 	4.3634E+00 	6.2359E+06 	
4.3468E+00 	6.6253E+06 	4.3468E+00 	6.2308E+06 	
4.3303E+00 	6.6215E+06 	4.3303E+00 	6.2272E+06 	
4.3138E+00 	6.6191E+06 	4.3138E+00 	6.2201E+06 	
4.2973E+00 	6.6165E+06 	4.2973E+00 	6.2031E+06 	
4.2808E+00 	6.6134E+06 	4.2808E+00 	6.2139E+06 	
4.2643E+00 	6.6098E+06 	4.2643E+00 	6.2166E+06 	
4.2477E+00 	6.6059E+06 	4.2477E+00 	6.2120E+06 	
4.2312E+00 	6.6025E+06 	4.2312E+00 	6.2076E+06 	
4.2147E+00 	6.5984E+06 	4.2147E+00 	6.2086E+06 	
4.1982E+00 	6.5952E+06 	4.1982E+00 	6.2182E+06 	
4.1817E+00 	6.5916E+06 	4.1817E+00 	6.2052E+06 	
4.1652E+00 	6.5877E+06 	4.1652E+00 	6.1676E+06 	
4.1486E+00 	6.5826E+06 	4.1486E+00 	6.1972E+06 	
4.1321E+00 	6.5797E+06 	4.1321E+00 	6.1971E+06 	
4.1156E+00 	6.5753E+06 	4.1156E+00 	6.1830E+06 	
4.0991E+00 	6.5710E+06 	4.0991E+00 	6.1908E+06 	
4.0826E+00 	6.5654E+06 	4.0826E+00 	6.1988E+06 	
4.0661E+00 	6.5602E+06 	4.0661E+00 	6.1725E+06 	
4.0495E+00 	6.5552E+06 	4.0495E+00 	6.1679E+06 	
4.0330E+00 	6.5503E+06 	4.0330E+00 	6.1795E+06 	
4.0165E+00 	6.5448E+06 	4.0165E+00 	6.1965E+06 	
4.0000E+00 	6.5393E+06 	4.0000E+00 	6.1885E+06 	
3.9835E+00 	6.5329E+06 	3.9835E+00 	6.1931E+06 	
3.9670E+00 	6.5268E+06 	3.9670E+00 	6.1481E+06 	
3.9505E+00 	6.5203E+06 	3.9505E+00 	6.1519E+06 	
3.9339E+00 	6.5136E+06 	3.9339E+00 	6.1487E+06 	
3.9174E+00 	6.5063E+06 	3.9174E+00 	6.1443E+06 	
3.9009E+00 	6.4992E+06 	3.9009E+00 	6.1456E+06 	
3.8844E+00 	6.4918E+06 	3.8844E+00 	6.1351E+06 	
3.8679E+00 	6.4851E+06 	3.8679E+00 	6.1191E+06 	
3.8514E+00 	6.4784E+06 	3.8514E+00 	6.1219E+06 	
3.8348E+00 	6.4705E+06 	3.8348E+00 	6.1156E+06 	
3.8183E+00 	6.4627E+06 	3.8183E+00 	6.1112E+06 	
3.8018E+00 	6.4543E+06 	3.8018E+00 	6.0869E+06 	
3.7853E+00 	6.4498E+06 	3.7853E+00 	6.0953E+06 	
3.7688E+00 	6.4479E+06 	3.7688E+00 	6.1167E+06 	
3.7523E+00 	6.4464E+06 	3.7523E+00 	6.1143E+06 	
3.7357E+00 	6.4445E+06 	3.7357E+00 	6.0711E+06 	
3.7192E+00 	6.4454E+06 	3.7192E+00 	6.0969E+06 	
3.7027E+00 	6.4479E+06 	3.7027E+00 	6.1073E+06 	
3.6862E+00 	6.4502E+06 	3.6862E+00 	6.1029E+06 	
3.6697E+00 	6.4551E+06 	3.6697E+00 	6.1223E+06 	
3.6532E+00 	6.4599E+06 	3.6532E+00 	6.1412E+06 	
3.6366E+00 	6.4651E+06 	3.6366E+00 	6.1394E+06 	
3.6201E+00 	6.4709E+06 	3.6201E+00 	6.1416E+06 	
3.6036E+00 	6.4765E+06 	3.6036E+00 	6.1529E+06 	
3.5871E+00 	6.4815E+06 	3.5871E+00 	6.1131E+06 	
3.5706E+00 	6.4857E+06 	3.5706E+00 	6.1303E+06 	
3.5541E+00 	6.4914E+06 	3.5541E+00 	6.1732E+06 	
3.5375E+00 	6.4955E+06 	3.5375E+00 	6.1544E+06 	
3.5210E+00 	6.4998E+06 	3.5210E+00 	6.1696E+06 	
3.5045E+00 	6.5038E+06 	3.5045E+00 	6.1665E+06 	
3.4880E+00 	6.5065E+06 	3.4880E+00 	6.1608E+06 	
3.4715E+00 	6.5097E+06 	3.4715E+00 	6.1802E+06 	
3.4550E+00 	6.5122E+06 	3.4550E+00 	6.1891E+06 	
3.4384E+00 	6.5142E+06 	3.4384E+00 	6.1910E+06 	
3.4219E+00 	6.5167E+06 	3.4219E+00 	6.2103E+06 	
3.4054E+00 	6.5173E+06 	3.4054E+00 	6.1861E+06 	
3.3889E+00 	6.5194E+06 	3.3889E+00 	6.1981E+06 	
3.3724E+00 	6.5205E+06 	3.3724E+00 	6.2233E+06 	
3.3559E+00 	6.5205E+06 	3.3559E+00 	6.2039E+06 	
3.3393E+00 	6.5214E+06 	3.3393E+00 	6.2155E+06 	
3.3228E+00 	6.5220E+06 	3.3228E+00 	6.2083E+06 	
3.3063E+00 	6.5229E+06 	3.3063E+00 	6.2279E+06 	
3.2898E+00 	6.5224E+06 	3.2898E+00 	6.2201E+06 	
3.2733E+00 	6.5227E+06 	3.2733E+00 	6.2008E+06 	
3.2568E+00 	6.5230E+06 	3.2568E+00 	6.2129E+06 	
3.2402E+00 	6.5220E+06 	3.2402E+00 	6.2259E+06 	
3.2237E+00 	6.5216E+06 	3.2237E+00 	6.1997E+06 	
3.2072E+00 	6.5218E+06 	3.2072E+00 	6.2240E+06 	
3.1907E+00 	6.5209E+06 	3.1907E+00 	6.1933E+06 	
3.1742E+00 	6.5206E+06 	3.1742E+00 	6.2275E+06 	
3.1577E+00 	6.5195E+06 	3.1577E+00 	6.2160E+06 	
3.1411E+00 	6.5192E+06 	3.1411E+00 	6.2321E+06 	
3.1246E+00 	6.5176E+06 	3.1246E+00 	6.2240E+06 	
3.1081E+00 	6.5181E+06 	3.1081E+00 	6.2322E+06 	
3.0916E+00 	6.5165E+06 	3.0916E+00 	6.2485E+06 	
3.0751E+00 	6.5161E+06 	3.0751E+00 	6.2232E+06 	
3.0586E+00 	6.5147E+06 	3.0586E+00 	6.2394E+06 	
3.0420E+00 	6.5135E+06 	3.0420E+00 	6.2303E+06 	
3.0255E+00 	6.5129E+06 	3.0255E+00 	6.2225E+06 	
3.0090E+00 	6.5115E+06 	3.0090E+00 	6.2263E+06 	
2.9925E+00 	6.5104E+06 	2.9925E+00 	6.2376E+06 	
2.9760E+00 	6.5089E+06 	2.9760E+00 	6.2346E+06 	
2.9595E+00 	6.5084E+06 	2.9595E+00 	6.2569E+06 	
2.9429E+00 	6.5069E+06 	2.9429E+00 	6.2401E+06 	
2.9264E+00 	6.5051E+06 	2.9264E+00 	6.2386E+06 	
2.9099E+00 	6.5049E+06 	2.9099E+00 	6.2169E+06 	
2.8934E+00 	6.5037E+06 	2.8934E+00 	6.2405E+06 	
2.8769E+00 	6.5027E+06 	2.8769E+00 	6.2432E+06 	
2.8604E+00 	6.5011E+06 	2.8604E+00 	6.2297E+06 	
2.8438E+00 	6.4993E+06 	2.8438E+00 	6.2506E+06 	
2.8273E+00 	6.4981E+06 	2.8273E+00 	6.2613E+06 	
2.8108E+00 	6.4970E+06 	2.8108E+00 	6.2491E+06 	
2.7943E+00 	6.4962E+06 	2.7943E+00 	6.2633E+06 	
2.7778E+00 	6.4940E+06 	2.7778E+00 	6.2488E+06 	
2.7613E+00 	6.4925E+06 	2.7613E+00 	6.2541E+06 	
2.7447E+00 	6.4914E+06 	2.7447E+00 	6.2479E+06 	
2.7282E+00 	6.4899E+06 	2.7282E+00 	6.2540E+06 	
2.7117E+00 	6.4899E+06 	2.7117E+00 	6.2530E+06 	
2.6952E+00 	6.4876E+06 	2.6952E+00 	6.2529E+06 	
2.6787E+00 	6.4867E+06 	2.6787E+00 	6.2534E+06 	
2.6622E+00 	6.4852E+06 	2.6622E+00 	6.2721E+06 	
2.6456E+00 	6.4833E+06 	2.6456E+00 	6.2722E+06 	
2.6291E+00 	6.4827E+06 	2.6291E+00 	6.2557E+06 	
2.6126E+00 	6.4814E+06 	2.6126E+00 	6.2499E+06 	
2.5961E+00 	6.4798E+06 	2.5961E+00 	6.2592E+06 	
2.5796E+00 	6.4783E+06 	2.5796E+00 	6.2667E+06 	
2.5631E+00 	6.4772E+06 	2.5631E+00 	6.2799E+06 	
2.5465E+00 	6.4751E+06 	2.5465E+00 	6.2521E+06 	
2.5300E+00 	6.4736E+06 	2.5300E+00 	6.2703E+06 	
2.5135E+00 	6.4723E+06 	2.5135E+00 	6.2797E+06 	
2.4970E+00 	6.4704E+06 	2.4970E+00 	6.2593E+06 	
2.4805E+00 	6.4699E+06 	2.4805E+00 	6.2651E+06 	
2.4640E+00 	6.4674E+06 	2.4640E+00 	6.2763E+06 	
2.4474E+00 	6.4670E+06 	2.4474E+00 	6.2822E+06 	
2.4309E+00 	6.4656E+06 	2.4309E+00 	6.2728E+06 	
2.4144E+00 	6.4657E+06 	2.4144E+00 	6.2781E+06 	
2.3979E+00 	6.4633E+06 	2.3979E+00 	6.2857E+06 	
2.3814E+00 	6.4630E+06 	2.3814E+00 	6.2723E+06 	
2.3649E+00 	6.4601E+06 	2.3649E+00 	6.2843E+06 	
2.3483E+00 	6.4598E+06 	2.3483E+00 	6.2742E+06 	
2.3318E+00 	6.4589E+06 	2.3318E+00 	6.2713E+06 	
2.3153E+00 	6.4571E+06 	2.3153E+00 	6.2687E+06 	
2.2988E+00 	6.4555E+06 	2.2988E+00 	6.2804E+06 	
2.2823E+00 	6.4547E+06 	2.2823E+00 	6.2871E+06 	
2.2658E+00 	6.4531E+06 	2.2658E+00 	6.2905E+06 	
2.2492E+00 	6.4516E+06 	2.2492E+00 	6.2715E+06 	
2.2327E+00 	6.4497E+06 	2.2327E+00 	6.3030E+06 	
2.2162E+00 	6.4488E+06 	2.2162E+00 	6.2928E+06 	
2.1997E+00 	6.4484E+06 	2.1997E+00 	6.2876E+06 	
2.1832E+00 	6.4471E+06 	2.1832E+00 	6.3095E+06 	
2.1667E+00 	6.4458E+06 	2.1667E+00 	6.3013E+06 	
2.1502E+00 	6.4449E+06 	2.1502E+00 	6.2967E+06 	
2.1336E+00 	6.4436E+06 	2.1336E+00 	6.2924E+06 	
2.1171E+00 	6.4420E+06 	2.1171E+00 	6.3017E+06 	
2.1006E+00 	6.4413E+06 	2.1006E+00 	6.2989E+06 	
2.0841E+00 	6.4404E+06 	2.0841E+00 	6.2958E+06 	
2.0676E+00 	6.4383E+06 	2.0676E+00 	6.3050E+06 	
2.0511E+00 	6.4387E+06 	2.0511E+00 	6.3221E+06 	
2.0345E+00 	6.4372E+06 	2.0345E+00 	6.3054E+06 	
2.0180E+00 	6.4357E+06 	2.0180E+00 	6.3090E+06 	
2.0015E+00 	6.4345E+06 	2.0015E+00 	6.3020E+06 	
1.9850E+00 	6.4330E+06 	1.9850E+00 	6.2889E+06 	
1.9685E+00 	6.4326E+06 	1.9685E+00 	6.2963E+06 	
1.9520E+00 	6.4309E+06 	1.9520E+00 	6.3043E+06 	
1.9354E+00 	6.4298E+06 	1.9354E+00 	6.2978E+06 	
1.9189E+00 	6.4283E+06 	1.9189E+00 	6.3111E+06 	
1.9024E+00 	6.4280E+06 	1.9024E+00 	6.2817E+06 	
1.8859E+00 	6.4272E+06 	1.8859E+00 	6.2873E+06 	
1.8694E+00 	6.4263E+06 	1.8694E+00 	6.3123E+06 	
1.8529E+00 	6.4251E+06 	1.8529E+00 	6.3027E+06 	
1.8363E+00 	6.4236E+06 	1.8363E+00 	6.3304E+06 	
1.8198E+00 	6.4234E+06 	1.8198E+00 	6.3205E+06 	
1.8033E+00 	6.4220E+06 	1.8033E+00 	6.3116E+06 	
1.7868E+00 	6.4213E+06 	1.7868E+00 	6.3121E+06 	
1.7703E+00 	6.4201E+06 	1.7703E+00 	6.2910E+06 	
1.7538E+00 	6.4193E+06 	1.7538E+00 	6.3185E+06 	
1.7372E+00 	6.4186E+06 	1.7372E+00 	6.3232E+06 	
1.7207E+00 	6.4175E+06 	1.7207E+00 	6.3196E+06 	
1.7042E+00 	6.4166E+06 	1.7042E+00 	6.3114E+06 	
1.6877E+00 	6.4152E+06 	1.6877E+00 	6.3191E+06 	
1.6712E+00 	6.4150E+06 	1.6712E+00 	6.3436E+06 	
1.6547E+00 	6.4140E+06 	1.6547E+00 	6.3128E+06 	
1.6381E+00 	6.4130E+06 	1.6381E+00 	6.3385E+06 	
1.6216E+00 	6.4116E+06 	1.6216E+00 	6.3330E+06 	
1.6051E+00 	6.4111E+06 	1.6051E+00 	6.3158E+06 	
1.5886E+00 	6.4107E+06 	1.5886E+00 	6.3233E+06 	
1.5721E+00 	6.4092E+06 	1.5721E+00 	6.3234E+06 	
1.5556E+00 	6.4091E+06 	1.5556E+00 	6.3209E+06 	
1.5390E+00 	6.4079E+06 	1.5390E+00 	6.3294E+06 	
1.5225E+00 	6.4067E+06 	1.5225E+00 	6.3151E+06 	
1.5060E+00 	6.4064E+06 	1.5060E+00 	6.3351E+06 	
1.4895E+00 	6.4054E+06 	1.4895E+00 	6.3328E+06 	
1.4730E+00 	6.4045E+06 	1.4730E+00 	6.3282E+06 	
1.4565E+00 	6.4038E+06 	1.4565E+00 	6.3430E+06 	
1.4399E+00 	6.4025E+06 	1.4399E+00 	6.3531E+06 	
1.4234E+00 	6.4023E+06 	1.4234E+00 	6.3346E+06 	
1.4069E+00 	6.4006E+06 	1.4069E+00 	6.3403E+06 	
1.3904E+00 	6.4004E+06 	1.3904E+00 	6.3318E+06 	
1.3739E+00 	6.4001E+06 	1.3739E+00 	6.3350E+06 	
1.3574E+00 	6.3996E+06 	1.3574E+00 	6.3544E+06 	
1.3408E+00 	6.3978E+06 	1.3408E+00 	6.3484E+06 	
1.3243E+00 	6.3971E+06 	1.3243E+00 	6.3435E+06 	
1.3078E+00 	6.3961E+06 	1.3078E+00 	6.3527E+06 	
1.2913E+00 	6.3956E+06 	1.2913E+00 	6.3608E+06 	
1.2748E+00 	6.3956E+06 	1.2748E+00 	6.3437E+06 	
1.2583E+00 	6.3943E+06 	1.2583E+00 	6.3681E+06 	
1.2417E+00 	6.3936E+06 	1.2417E+00 	6.3511E+06 	
1.2252E+00 	6.3931E+06 	1.2252E+00 	6.3598E+06 	
1.2087E+00 	6.3921E+06 	1.2087E+00 	6.3640E+06 	
1.1922E+00 	6.3908E+06 	1.1922E+00 	6.3388E+06 	
1.1757E+00 	6.3904E+06 	1.1757E+00 	6.3377E+06 	
1.1592E+00 	6.3896E+06 	1.1592E+00 	6.3518E+06 	
1.1426E+00 	6.3889E+06 	1.1426E+00 	6.3489E+06 	
1.1261E+00 	6.3881E+06 	1.1261E+00 	6.3703E+06 	
1.1096E+00 	6.3871E+06 	1.1096E+00 	6.3431E+06 	
1.0931E+00 	6.3865E+06 	1.0931E+00 	6.3695E+06 	
1.0766E+00 	6.3858E+06 	1.0766E+00 	6.3523E+06 	
1.0601E+00 	6.3849E+06 	1.0601E+00 	6.3678E+06 	
1.0435E+00 	6.3838E+06 	1.0435E+00 	6.3575E+06 	
1.0270E+00 	6.3830E+06 	1.0270E+00 	6.3864E+06 	
1.0105E+00 	6.3823E+06 	1.0105E+00 	6.3755E+06 	
9.9399E-01 	6.3820E+06 	9.9399E-01 	6.3793E+06 	
9.7748E-01 	6.3815E+06 	9.7748E-01 	6.3819E+06 	
9.6096E-01 	6.3803E+06 	9.6096E-01 	6.3618E+06 	
9.4444E-01 	6.3801E+06 	9.4444E-01 	6.3675E+06 	
9.2793E-01 	6.3789E+06 	9.2793E-01 	6.4036E+06 	
9.1141E-01 	6.3787E+06 	9.1141E-01 	6.3664E+06 	
8.9489E-01 	6.3771E+06 	8.9489E-01 	6.3747E+06 	
8.7838E-01 	6.3767E+06 	8.7838E-01 	6.3814E+06 	
8.6186E-01 	6.3757E+06 	8.6186E-01 	6.4019E+06 	
8.4535E-01 	6.3757E+06 	8.4535E-01 	6.3707E+06 	
8.2883E-01 	6.3758E+06 	8.2883E-01 	6.4126E+06 	
8.1231E-01 	6.3748E+06 	8.1231E-01 	6.4053E+06 	
7.9580E-01 	6.3753E+06 	7.9580E-01 	6.3847E+06 	
7.7928E-01 	6.3750E+06 	7.7928E-01 	6.4239E+06 	
7.6276E-01 	6.3750E+06 	7.6276E-01 	6.4098E+06 	
7.4625E-01 	6.3754E+06 	7.4625E-01 	6.3928E+06 	
7.2973E-01 	6.3767E+06 	7.2973E-01 	6.4116E+06 	
7.1321E-01 	6.3761E+06 	7.1321E-01 	6.4080E+06 	
6.9670E-01 	6.3773E+06 	6.9670E-01 	6.4047E+06 	
6.8018E-01 	6.3784E+06 	6.8018E-01 	6.4089E+06 	
6.6366E-01 	6.3790E+06 	6.6366E-01 	6.4123E+06 	
6.4715E-01 	6.3803E+06 	6.4715E-01 	6.4172E+06 	
6.3063E-01 	6.3809E+06 	6.3063E-01 	6.4129E+06 	
6.1411E-01 	6.3811E+06 	6.1411E-01 	6.4160E+06 	
5.9760E-01 	6.3827E+06 	5.9760E-01 	6.4239E+06 	
5.8108E-01 	6.3845E+06 	5.8108E-01 	6.4314E+06 	
5.6456E-01 	6.3858E+06 	5.6456E-01 	6.4260E+06 	
5.4805E-01 	6.3872E+06 	5.4805E-01 	6.4273E+06 	
5.3153E-01 	6.3881E+06 	5.3153E-01 	6.4212E+06 	
5.1502E-01 	6.3898E+06 	5.1502E-01 	6.4498E+06 	
4.9850E-01 	6.3911E+06 	4.9850E-01 	6.4424E+06 	
4.8198E-01 	6.3915E+06 	4.8198E-01 	6.4510E+06 	
4.6547E-01 	6.3929E+06 	4.6547E-01 	6.4492E+06 	
4.4895E-01 	6.3929E+06 	4.4895E-01 	6.4441E+06 	
4.3243E-01 	6.3940E+06 	4.3243E-01 	6.4706E+06 	
4.1592E-01 	6.3940E+06 	4.1592E-01 	6.4679E+06 	
3.9940E-01 	6.3954E+06 	3.9940E-01 	6.4679E+06 	
3.8288E-01 	6.3960E+06 	3.8288E-01 	6.4460E+06 	
3.6637E-01 	6.3965E+06 	3.6637E-01 	6.4904E+06 	
3.4985E-01 	6.3968E+06 	3.4985E-01 	6.4748E+06 	
3.3333E-01 	6.3966E+06 	3.3333E-01 	6.4866E+06 	
3.1682E-01 	6.3964E+06 	3.1682E-01 	6.4828E+06 	
3.0030E-01 	6.3971E+06 	3.0030E-01 	6.5014E+06 	
2.8378E-01 	6.3971E+06 	2.8378E-01 	6.4692E+06 	
2.6727E-01 	6.3958E+06 	2.6727E-01 	6.4571E+06 	
2.5075E-01 	6.3941E+06 	2.5075E-01 	6.4875E+06 	
2.3423E-01 	6.3928E+06 	2.3423E-01 	6.4760E+06 	
2.1772E-01 	6.3909E+06 	2.1772E-01 	6.4242E+06 	
2.0120E-01 	6.3899E+06 	2.0120E-01 	6.4008E+06 	
1.8468E-01 	6.3887E+06 	1.8468E-01 	6.4038E+06 	
1.6817E-01 	6.3876E+06 	1.6817E-01 	6.3779E+06 	
1.5165E-01 	6.3872E+06 	1.5165E-01 	6.3788E+06 	
1.3514E-01 	6.3860E+06 	1.3514E-01 	6.3758E+06 	
1.1862E-01 	6.3862E+06 	1.1862E-01 	6.3866E+06 	
1.0210E-01 	6.3856E+06 	1.0210E-01 	6.3817E+06 	
8.5586E-02 	6.3853E+06 	8.5586E-02 	6.3810E+06 	
6.9069E-02 	6.3845E+06 	6.9069E-02 	6.3970E+06 	
5.2553E-02 	6.3846E+06 	5.2553E-02 	6.3792E+06 	
3.6036E-02 	6.3839E+06 	3.6036E-02 	6.3751E+06 	
1.9520E-02 	6.3840E+06 	1.9520E-02 	6.3950E+06 	
3.0030E-03 	6.3843E+06 	3.0030E-03 	6.3974E+06 	
-1.3514E-02 	6.3844E+06 	-1.3514E-02 	6.3899E+06 	
-3.0030E-02 	6.3831E+06 	-3.0030E-02 	6.3898E+06 	
-4.6547E-02 	6.3839E+06 	-4.6547E-02 	6.3922E+06 	
-6.3063E-02 	6.3846E+06 	-6.3063E-02 	6.4083E+06 	
-7.9580E-02 	6.3847E+06 	-7.9580E-02 	6.4044E+06 	
-9.6096E-02 	6.3847E+06 	-9.6096E-02 	6.3842E+06 	
-1.1261E-01 	6.3848E+06 	-1.1261E-01 	6.3961E+06 	
-1.2913E-01 	6.3852E+06 	-1.2913E-01 	6.3903E+06 	
-1.4565E-01 	6.3865E+06 	-1.4565E-01 	6.3906E+06 	
-1.6216E-01 	6.3863E+06 	-1.6216E-01 	6.3718E+06 	
-1.7868E-01 	6.3870E+06 	-1.7868E-01 	6.3691E+06 	
-1.9520E-01 	6.3864E+06 	-1.9520E-01 	6.4089E+06 	
-2.1171E-01 	6.3877E+06 	-2.1171E-01 	6.3907E+06 	
-2.2823E-01 	6.3873E+06 	-2.2823E-01 	6.3980E+06 	
-2.4474E-01 	6.3872E+06 	-2.4474E-01 	6.3962E+06 	
-2.6126E-01 	6.3878E+06 	-2.6126E-01 	6.3827E+06 	
-2.7778E-01 	6.3874E+06 	-2.7778E-01 	6.4090E+06 	
-2.9429E-01 	6.3875E+06 	-2.9429E-01 	6.3875E+06 	
-3.1081E-01 	6.3871E+06 	-3.1081E-01 	6.3871E+06 	
-3.2733E-01 	6.3875E+06 	-3.2733E-01 	6.3827E+06 	
-3.4384E-01 	6.3880E+06 	-3.4384E-01 	6.3974E+06 	
-3.6036E-01 	6.3879E+06 	-3.6036E-01 	6.3952E+06 	
-3.7688E-01 	6.3880E+06 	-3.7688E-01 	6.3826E+06 	
-3.9339E-01 	6.3882E+06 	-3.9339E-01 	6.3843E+06 	
-4.0991E-01 	6.3882E+06 	-4.0991E-01 	6.3814E+06 	
-4.2643E-01 	6.3884E+06 	-4.2643E-01 	6.3896E+06 	
-4.4294E-01 	6.3884E+06 	-4.4294E-01 	6.3876E+06 	
-4.5946E-01 	6.3886E+06 	-4.5946E-01 	6.3874E+06 	
-4.7598E-01 	6.3885E+06 	-4.7598E-01 	6.4052E+06 	
-4.9249E-01 	6.3876E+06 	-4.9249E-01 	6.3938E+06 	
-5.0901E-01 	6.3885E+06 	-5.0901E-01 	6.3848E+06 	
-5.2553E-01 	6.3885E+06 	-5.2553E-01 	6.3817E+06 	
-5.4204E-01 	6.3885E+06 	-5.4204E-01 	6.3929E+06 	
-5.5856E-01 	6.3884E+06 	-5.5856E-01 	6.3927E+06 	
-5.7508E-01 	6.3874E+06 	-5.7508E-01 	6.4084E+06 	
-5.9159E-01 	6.3886E+06 	-5.9159E-01 	6.3924E+06 	
-6.0811E-01 	6.3877E+06 	-6.0811E-01 	6.3802E+06 	
-6.2462E-01 	6.3881E+06 	-6.2462E-01 	6.3655E+06 	
-6.4114E-01 	6.3879E+06 	-6.4114E-01 	6.4014E+06 	
-6.5766E-01 	6.3885E+06 	-6.5766E-01 	6.3807E+06 	
-6.7417E-01 	6.3883E+06 	-6.7417E-01 	6.3891E+06 	
-6.9069E-01 	6.3886E+06 	-6.9069E-01 	6.3990E+06 	
-7.0721E-01 	6.3882E+06 	-7.0721E-01 	6.3845E+06 	
-7.2372E-01 	6.3882E+06 	-7.2372E-01 	6.3716E+06 	
-7.4024E-01 	6.3888E+06 	-7.4024E-01 	6.3962E+06 	
-7.5676E-01 	6.3892E+06 	-7.5676E-01 	6.4045E+06 	
-7.7327E-01 	6.3879E+06 	-7.7327E-01 	6.3949E+06 	
-7.8979E-01 	6.3881E+06 	-7.8979E-01 	6.3976E+06 	
-8.0631E-01 	6.3879E+06 	-8.0631E-01 	6.3978E+06 	
-8.2282E-01 	6.3882E+06 	-8.2282E-01 	6.3871E+06 	
-8.3934E-01 	6.3889E+06 	-8.3934E-01 	6.3887E+06 	
-8.5586E-01 	6.3879E+06 	-8.5586E-01 	6.3942E+06 	
-8.7237E-01 	6.3887E+06 	-8.7237E-01 	6.3686E+06 	
-8.8889E-01 	6.3875E+06 	-8.8889E-01 	6.3803E+06 	
-9.0541E-01 	6.3883E+06 	-9.0541E-01 	6.3835E+06 	
-9.2192E-01 	6.3879E+06 	-9.2192E-01 	6.3885E+06 	
-9.3844E-01 	6.3883E+06 	-9.3844E-01 	6.3840E+06 	
-9.5495E-01 	6.3882E+06 	-9.5495E-01 	6.3811E+06 	
-9.7147E-01 	6.3884E+06 	-9.7147E-01 	6.3834E+06 	
-9.8799E-01 	6.3881E+06 	-9.8799E-01 	6.3695E+06 	
-1.0045E+00 	6.3879E+06 	-1.0045E+00 	6.4014E+06 	
-1.0210E+00 	6.3882E+06 	-1.0210E+00 	6.3834E+06 	
-1.0375E+00 	6.3879E+06 	-1.0375E+00 	6.3873E+06 	
-1.0541E+00 	6.3878E+06 	-1.0541E+00 	6.3681E+06 	
-1.0706E+00 	6.3880E+06 	-1.0706E+00 	6.3728E+06 	
-1.0871E+00 	6.3880E+06 	-1.0871E+00 	6.3879E+06 	
-1.1036E+00 	6.3881E+06 	-1.1036E+00 	6.3971E+06 	
-1.1201E+00 	6.3882E+06 	-1.1201E+00 	6.3796E+06 	
-1.1366E+00 	6.3879E+06 	-1.1366E+00 	6.3843E+06 	
-1.1532E+00 	6.3881E+06 	-1.1532E+00 	6.3931E+06 	
-1.1697E+00 	6.3877E+06 	-1.1697E+00 	6.3780E+06 	
-1.1862E+00 	6.3878E+06 	-1.1862E+00 	6.3897E+06 	
-1.2027E+00 	6.3878E+06 	-1.2027E+00 	6.3851E+06 	
-1.2192E+00 	6.3880E+06 	-1.2192E+00 	6.3868E+06 	
-1.2357E+00 	6.3877E+06 	-1.2357E+00 	6.3889E+06 	
-1.2523E+00 	6.3870E+06 	-1.2523E+00 	6.3685E+06 	
-1.2688E+00 	6.3874E+06 	-1.2688E+00 	6.3693E+06 	
-1.2853E+00 	6.3876E+06 	-1.2853E+00 	6.3894E+06 	
-1.3018E+00 	6.3873E+06 	-1.3018E+00 	6.4017E+06 	
-1.3183E+00 	6.3886E+06 	-1.3183E+00 	6.4025E+06 	
-1.3348E+00 	6.3879E+06 	-1.3348E+00 	6.3882E+06 	
-1.3514E+00 	6.3872E+06 	-1.3514E+00 	6.3909E+06 	
-1.3679E+00 	6.3879E+06 	-1.3679E+00 	6.3699E+06 	
-1.3844E+00 	6.3869E+06 	-1.3844E+00 	6.3924E+06 	
-1.4009E+00 	6.3874E+06 	-1.4009E+00 	6.3858E+06 	
-1.4174E+00 	6.3876E+06 	-1.4174E+00 	6.3797E+06 	
-1.4339E+00 	6.3879E+06 	-1.4339E+00 	6.3869E+06 	
-1.4505E+00 	6.3869E+06 	-1.4505E+00 	6.3832E+06 	
-1.4670E+00 	6.3878E+06 	-1.4670E+00 	6.3690E+06 	
-1.4835E+00 	6.3876E+06 	-1.4835E+00 	6.3942E+06 	
-1.5000E+00 	6.3875E+06 	-1.5000E+00 	6.3853E+06 	
