0.0000E+00 	1.1020E+06 	
1.0000E-06 	3.1878E+06 	
2.0000E-06 	3.1731E+06 	
3.0000E-06 	3.1759E+06 	
4.0000E-06 	3.1845E+06 	
5.0000E-06 	3.1826E+06 	
6.0000E-06 	3.1833E+06 	
7.0000E-06 	3.1886E+06 	
8.0000E-06 	3.1824E+06 	
9.0000E-06 	3.1971E+06 	
1.0000E-05 	3.2175E+06 	
1.1000E-05 	3.2140E+06 	
1.2000E-05 	3.2430E+06 	
1.3000E-05 	3.1966E+06 	
1.4000E-05 	3.2200E+06 	
1.5000E-05 	3.2306E+06 	
1.6000E-05 	3.2304E+06 	
1.7000E-05 	3.2173E+06 	
1.8000E-05 	3.2284E+06 	
1.9000E-05 	3.2538E+06 	
2.0000E-05 	3.2449E+06 	
2.1000E-05 	3.2573E+06 	
2.2000E-05 	3.2343E+06 	
2.3000E-05 	3.2508E+06 	
2.4000E-05 	3.2692E+06 	
2.5000E-05 	3.2671E+06 	
2.6000E-05 	3.2740E+06 	
2.7000E-05 	3.2576E+06 	
2.8000E-05 	3.2665E+06 	
2.9000E-05 	3.2739E+06 	
3.0000E-05 	3.2670E+06 	
3.1000E-05 	3.2914E+06 	
3.2000E-05 	3.2697E+06 	
3.3000E-05 	3.2789E+06 	
3.4000E-05 	3.2890E+06 	
3.5000E-05 	3.2799E+06 	
3.6000E-05 	3.2693E+06 	
3.7000E-05 	3.2863E+06 	
3.8000E-05 	3.2849E+06 	
3.9000E-05 	3.2545E+06 	
4.0000E-05 	3.2725E+06 	
4.1000E-05 	3.3008E+06 	
4.2000E-05 	3.3012E+06 	
4.3000E-05 	3.2990E+06 	
4.4000E-05 	3.3175E+06 	
4.5000E-05 	3.2991E+06 	
4.6000E-05 	3.2883E+06 	
4.7000E-05 	3.2875E+06 	
4.8000E-05 	3.3066E+06 	
4.9000E-05 	3.2942E+06 	
5.0000E-05 	3.3097E+06 	
5.1000E-05 	3.2985E+06 	
5.2000E-05 	3.3058E+06 	
5.3000E-05 	3.3000E+06 	
5.4000E-05 	3.2996E+06 	
5.5000E-05 	3.2956E+06 	
5.6000E-05 	3.3026E+06 	
5.7000E-05 	3.2849E+06 	
5.8000E-05 	3.3115E+06 	
5.9000E-05 	3.3113E+06 	
6.0000E-05 	3.3251E+06 	
6.1000E-05 	3.3003E+06 	
6.2000E-05 	3.2928E+06 	
6.3000E-05 	3.3334E+06 	
6.4000E-05 	3.3060E+06 	
6.5000E-05 	3.2987E+06 	
6.6000E-05 	3.3099E+06 	
6.7000E-05 	3.2992E+06 	
6.8000E-05 	3.3216E+06 	
6.9000E-05 	3.3093E+06 	
7.0000E-05 	3.3100E+06 	
7.1000E-05 	3.3022E+06 	
7.2000E-05 	3.3010E+06 	
7.3000E-05 	3.3352E+06 	
7.4000E-05 	3.3260E+06 	
7.5000E-05 	3.2978E+06 	
7.6000E-05 	3.3390E+06 	
7.7000E-05 	3.3099E+06 	
7.8000E-05 	3.3241E+06 	
7.9000E-05 	3.3143E+06 	
8.0000E-05 	3.3064E+06 	
8.1000E-05 	3.3253E+06 	
8.2000E-05 	3.3348E+06 	
8.3000E-05 	3.3356E+06 	
8.4000E-05 	3.3233E+06 	
8.5000E-05 	3.3156E+06 	
8.6000E-05 	3.3208E+06 	
8.7000E-05 	3.3110E+06 	
8.8000E-05 	3.3209E+06 	
8.9000E-05 	3.3221E+06 	
9.0000E-05 	3.3197E+06 	
9.1000E-05 	3.2925E+06 	
9.2000E-05 	3.3042E+06 	
9.3000E-05 	3.3141E+06 	
9.4000E-05 	3.3041E+06 	
9.5000E-05 	3.3257E+06 	
9.6000E-05 	3.3381E+06 	
9.7000E-05 	3.3198E+06 	
9.8000E-05 	3.3419E+06 	
9.9000E-05 	3.3330E+06 	
1.0000E-04 	3.3161E+06 	
1.0100E-04 	3.3101E+06 	
1.0200E-04 	3.3352E+06 	
1.0300E-04 	3.3192E+06 	
1.0400E-04 	3.3089E+06 	
1.0500E-04 	3.3235E+06 	
1.0600E-04 	3.3137E+06 	
1.0700E-04 	3.3319E+06 	
1.0800E-04 	3.3368E+06 	
1.0900E-04 	3.3179E+06 	
1.1000E-04 	3.3258E+06 	
1.1100E-04 	3.3416E+06 	
1.1200E-04 	3.3249E+06 	
1.1300E-04 	3.3211E+06 	
1.1400E-04 	3.3212E+06 	
1.1500E-04 	3.3049E+06 	
1.1600E-04 	3.3178E+06 	
1.1700E-04 	3.3276E+06 	
1.1800E-04 	3.3147E+06 	
1.1900E-04 	3.3237E+06 	
1.2000E-04 	3.3389E+06 	
1.2100E-04 	3.3091E+06 	
1.2200E-04 	3.3191E+06 	
1.2300E-04 	3.3073E+06 	
1.2400E-04 	3.3433E+06 	
1.2500E-04 	3.3187E+06 	
1.2600E-04 	3.3475E+06 	
1.2700E-04 	3.3131E+06 	
1.2800E-04 	3.3196E+06 	
1.2900E-04 	3.3244E+06 	
1.3000E-04 	3.3029E+06 	
1.3100E-04 	3.3187E+06 	
1.3200E-04 	3.3398E+06 	
1.3300E-04 	3.3116E+06 	
1.3400E-04 	3.3209E+06 	
1.3500E-04 	3.3343E+06 	
1.3600E-04 	3.3277E+06 	
1.3700E-04 	3.3215E+06 	
1.3800E-04 	3.3313E+06 	
1.3900E-04 	3.3325E+06 	
1.4000E-04 	3.3299E+06 	
1.4100E-04 	3.3227E+06 	
1.4200E-04 	3.3355E+06 	
1.4300E-04 	3.3200E+06 	
1.4400E-04 	3.3025E+06 	
1.4500E-04 	3.3256E+06 	
1.4600E-04 	3.3256E+06 	
1.4700E-04 	3.3341E+06 	
1.4800E-04 	3.3501E+06 	
1.4900E-04 	3.3164E+06 	
1.5000E-04 	3.3515E+06 	
1.5100E-04 	3.3339E+06 	
1.5200E-04 	3.3201E+06 	
1.5300E-04 	3.3510E+06 	
1.5400E-04 	3.3269E+06 	
1.5500E-04 	3.3322E+06 	
1.5600E-04 	3.3099E+06 	
1.5700E-04 	3.3499E+06 	
1.5800E-04 	3.3318E+06 	
1.5900E-04 	3.3236E+06 	
1.6000E-04 	3.3356E+06 	
1.6100E-04 	3.3338E+06 	
1.6200E-04 	3.3323E+06 	
1.6300E-04 	3.3310E+06 	
1.6400E-04 	3.3425E+06 	
1.6500E-04 	3.3402E+06 	
1.6600E-04 	3.3273E+06 	
1.6700E-04 	3.3269E+06 	
1.6800E-04 	3.3348E+06 	
1.6900E-04 	3.2990E+06 	
1.7000E-04 	3.3537E+06 	
1.7100E-04 	3.3410E+06 	
1.7200E-04 	3.3292E+06 	
1.7300E-04 	3.3473E+06 	
1.7400E-04 	3.3371E+06 	
1.7500E-04 	3.3225E+06 	
1.7600E-04 	3.3272E+06 	
1.7700E-04 	3.3432E+06 	
1.7800E-04 	3.3394E+06 	
1.7900E-04 	3.3250E+06 	
1.8000E-04 	3.3396E+06 	
1.8100E-04 	3.3345E+06 	
1.8200E-04 	3.3352E+06 	
1.8300E-04 	3.3401E+06 	
1.8400E-04 	3.3243E+06 	
1.8500E-04 	3.3389E+06 	
1.8600E-04 	3.3350E+06 	
1.8700E-04 	3.3212E+06 	
1.8800E-04 	3.3457E+06 	
1.8900E-04 	3.3333E+06 	
1.9000E-04 	3.3485E+06 	
1.9100E-04 	3.3228E+06 	
1.9200E-04 	3.3399E+06 	
1.9300E-04 	3.3310E+06 	
1.9400E-04 	3.3086E+06 	
1.9500E-04 	3.3214E+06 	
1.9600E-04 	3.3076E+06 	
1.9700E-04 	3.3339E+06 	
1.9800E-04 	3.3415E+06 	
