2.7200E+00 	9.7713E-01 	
2.7202E+00 	9.7608E-01 	
2.7204E+00 	9.7633E-01 	
2.7206E+00 	9.7561E-01 	
2.7208E+00 	9.7618E-01 	
2.7210E+00 	9.7653E-01 	
2.7212E+00 	9.7633E-01 	
2.7214E+00 	9.7552E-01 	
2.7216E+00 	9.7725E-01 	
2.7218E+00 	9.7662E-01 	
2.7220E+00 	9.7679E-01 	
2.7222E+00 	9.7712E-01 	
2.7224E+00 	9.7654E-01 	
2.7226E+00 	9.7568E-01 	
2.7228E+00 	9.7592E-01 	
2.7230E+00 	9.7589E-01 	
2.7232E+00 	9.7530E-01 	
2.7234E+00 	9.7550E-01 	
2.7236E+00 	9.7558E-01 	
2.7238E+00 	9.7584E-01 	
2.7240E+00 	9.7591E-01 	
2.7242E+00 	9.7526E-01 	
2.7244E+00 	9.7583E-01 	
2.7246E+00 	9.7528E-01 	
2.7248E+00 	9.7524E-01 	
2.7250E+00 	9.7500E-01 	
2.7252E+00 	9.7504E-01 	
2.7254E+00 	9.7460E-01 	
2.7256E+00 	9.7472E-01 	
2.7258E+00 	9.7533E-01 	
2.7260E+00 	9.7501E-01 	
2.7262E+00 	9.7456E-01 	
2.7264E+00 	9.7456E-01 	
2.7266E+00 	9.7384E-01 	
2.7268E+00 	9.7350E-01 	
2.7270E+00 	9.7319E-01 	
2.7272E+00 	9.7348E-01 	
2.7274E+00 	9.7339E-01 	
2.7276E+00 	9.7283E-01 	
2.7278E+00 	9.7361E-01 	
2.7280E+00 	9.7229E-01 	
2.7282E+00 	9.7178E-01 	
2.7284E+00 	9.7261E-01 	
2.7286E+00 	9.7077E-01 	
2.7288E+00 	9.7121E-01 	
2.7290E+00 	9.7030E-01 	
2.7292E+00 	9.7044E-01 	
2.7294E+00 	9.7077E-01 	
2.7296E+00 	9.7061E-01 	
2.7298E+00 	9.7012E-01 	
2.7300E+00 	9.6989E-01 	
2.7302E+00 	9.7106E-01 	
2.7304E+00 	9.7067E-01 	
2.7306E+00 	9.6995E-01 	
2.7308E+00 	9.7092E-01 	
2.7310E+00 	9.6969E-01 	
2.7312E+00 	9.6966E-01 	
2.7314E+00 	9.6874E-01 	
2.7316E+00 	9.6961E-01 	
2.7318E+00 	9.7057E-01 	
2.7320E+00 	9.6918E-01 	
2.7322E+00 	9.6980E-01 	
2.7324E+00 	9.7043E-01 	
2.7326E+00 	9.6904E-01 	
2.7328E+00 	9.7041E-01 	
2.7330E+00 	9.7053E-01 	
2.7332E+00 	9.7016E-01 	
2.7334E+00 	9.7151E-01 	
2.7336E+00 	9.7016E-01 	
2.7338E+00 	9.7052E-01 	
2.7340E+00 	9.7144E-01 	
2.7342E+00 	9.7121E-01 	
2.7344E+00 	9.7127E-01 	
2.7346E+00 	9.7205E-01 	
2.7348E+00 	9.7260E-01 	
2.7350E+00 	9.7276E-01 	
2.7352E+00 	9.7221E-01 	
2.7354E+00 	9.7373E-01 	
2.7356E+00 	9.7351E-01 	
2.7358E+00 	9.7289E-01 	
2.7360E+00 	9.7273E-01 	
2.7362E+00 	9.7320E-01 	
2.7364E+00 	9.7370E-01 	
2.7366E+00 	9.7273E-01 	
2.7368E+00 	9.7415E-01 	
2.7370E+00 	9.7421E-01 	
2.7372E+00 	9.7393E-01 	
2.7374E+00 	9.7510E-01 	
2.7376E+00 	9.7482E-01 	
2.7378E+00 	9.7527E-01 	
2.7380E+00 	9.7512E-01 	
2.7382E+00 	9.7471E-01 	
2.7384E+00 	9.7488E-01 	
2.7386E+00 	9.7623E-01 	
2.7388E+00 	9.7571E-01 	
2.7390E+00 	9.7529E-01 	
2.7392E+00 	9.7571E-01 	
2.7394E+00 	9.7542E-01 	
2.7396E+00 	9.7563E-01 	
2.7398E+00 	9.7565E-01 	
2.7400E+00 	9.7546E-01 	
2.7402E+00 	9.7551E-01 	
2.7404E+00 	9.7647E-01 	
2.7406E+00 	9.7696E-01 	
2.7408E+00 	9.7595E-01 	
2.7410E+00 	9.7700E-01 	
2.7412E+00 	9.7582E-01 	
2.7414E+00 	9.7576E-01 	
2.7416E+00 	9.7756E-01 	
2.7418E+00 	9.7694E-01 	
2.7420E+00 	9.7677E-01 	
2.7422E+00 	9.7673E-01 	
2.7424E+00 	9.7610E-01 	
2.7426E+00 	9.7617E-01 	
2.7428E+00 	9.7723E-01 	
2.7430E+00 	9.7692E-01 	
2.7432E+00 	9.7610E-01 	
2.7434E+00 	9.7713E-01 	
2.7436E+00 	9.7636E-01 	
2.7438E+00 	9.7671E-01 	
2.7440E+00 	9.7669E-01 	
2.7442E+00 	9.7641E-01 	
2.7444E+00 	9.7744E-01 	
2.7446E+00 	9.7675E-01 	
2.7448E+00 	9.7716E-01 	
2.7450E+00 	9.7776E-01 	
2.7452E+00 	9.7647E-01 	
2.7454E+00 	9.7557E-01 	
2.7456E+00 	9.7583E-01 	
2.7458E+00 	9.7689E-01 	
2.7460E+00 	9.7668E-01 	
2.7462E+00 	9.7630E-01 	
2.7464E+00 	9.7680E-01 	
2.7466E+00 	9.7738E-01 	
2.7468E+00 	9.7723E-01 	
2.7470E+00 	9.7752E-01 	
2.7472E+00 	9.7685E-01 	
2.7474E+00 	9.7636E-01 	
2.7476E+00 	9.7649E-01 	
2.7478E+00 	9.7699E-01 	
2.7480E+00 	9.7621E-01 	
2.7482E+00 	9.7681E-01 	
2.7484E+00 	9.7628E-01 	
2.7486E+00 	9.7659E-01 	
2.7488E+00 	9.7601E-01 	
2.7490E+00 	9.7621E-01 	
2.7492E+00 	9.7658E-01 	
2.7494E+00 	9.7646E-01 	
2.7496E+00 	9.7688E-01 	
2.7498E+00 	9.7598E-01 	
