2.6900E+00 	9.7641E-01 	
2.6902E+00 	9.7653E-01 	
2.6904E+00 	9.7658E-01 	
2.6906E+00 	9.7644E-01 	
2.6908E+00 	9.7543E-01 	
2.6910E+00 	9.7658E-01 	
2.6912E+00 	9.7638E-01 	
2.6914E+00 	9.7626E-01 	
2.6916E+00 	9.7679E-01 	
2.6918E+00 	9.7646E-01 	
2.6920E+00 	9.7702E-01 	
2.6922E+00 	9.7631E-01 	
2.6924E+00 	9.7594E-01 	
2.6926E+00 	9.7586E-01 	
2.6928E+00 	9.7636E-01 	
2.6930E+00 	9.7582E-01 	
2.6932E+00 	9.7579E-01 	
2.6934E+00 	9.7606E-01 	
2.6936E+00 	9.7688E-01 	
2.6938E+00 	9.7603E-01 	
2.6940E+00 	9.7589E-01 	
2.6942E+00 	9.7595E-01 	
2.6944E+00 	9.7457E-01 	
2.6946E+00 	9.7501E-01 	
2.6948E+00 	9.7479E-01 	
2.6950E+00 	9.7608E-01 	
2.6952E+00 	9.7536E-01 	
2.6954E+00 	9.7613E-01 	
2.6956E+00 	9.7513E-01 	
2.6958E+00 	9.7517E-01 	
2.6960E+00 	9.7545E-01 	
2.6962E+00 	9.7447E-01 	
2.6964E+00 	9.7509E-01 	
2.6966E+00 	9.7530E-01 	
2.6968E+00 	9.7531E-01 	
2.6970E+00 	9.7557E-01 	
2.6972E+00 	9.7460E-01 	
2.6974E+00 	9.7391E-01 	
2.6976E+00 	9.7523E-01 	
2.6978E+00 	9.7511E-01 	
2.6980E+00 	9.7413E-01 	
2.6982E+00 	9.7425E-01 	
2.6984E+00 	9.7399E-01 	
2.6986E+00 	9.7356E-01 	
2.6988E+00 	9.7367E-01 	
2.6990E+00 	9.7396E-01 	
2.6992E+00 	9.7327E-01 	
2.6994E+00 	9.7364E-01 	
2.6996E+00 	9.7274E-01 	
2.6998E+00 	9.7237E-01 	
2.7000E+00 	9.7211E-01 	
2.7002E+00 	9.7310E-01 	
2.7004E+00 	9.7174E-01 	
2.7006E+00 	9.7230E-01 	
2.7008E+00 	9.7240E-01 	
2.7010E+00 	9.7115E-01 	
2.7012E+00 	9.7131E-01 	
2.7014E+00 	9.7098E-01 	
2.7016E+00 	9.7098E-01 	
2.7018E+00 	9.7137E-01 	
2.7020E+00 	9.7087E-01 	
2.7022E+00 	9.7147E-01 	
2.7024E+00 	9.7049E-01 	
2.7026E+00 	9.7070E-01 	
2.7028E+00 	9.7117E-01 	
2.7030E+00 	9.7120E-01 	
2.7032E+00 	9.7109E-01 	
2.7034E+00 	9.6984E-01 	
2.7036E+00 	9.7089E-01 	
2.7038E+00 	9.7087E-01 	
2.7040E+00 	9.6996E-01 	
2.7042E+00 	9.7081E-01 	
2.7044E+00 	9.7011E-01 	
2.7046E+00 	9.7054E-01 	
2.7048E+00 	9.7058E-01 	
2.7050E+00 	9.7115E-01 	
2.7052E+00 	9.7091E-01 	
2.7054E+00 	9.7045E-01 	
2.7056E+00 	9.7074E-01 	
2.7058E+00 	9.7101E-01 	
2.7060E+00 	9.7123E-01 	
2.7062E+00 	9.7145E-01 	
2.7064E+00 	9.7179E-01 	
2.7066E+00 	9.7200E-01 	
2.7068E+00 	9.7244E-01 	
2.7070E+00 	9.7216E-01 	
2.7072E+00 	9.7353E-01 	
2.7074E+00 	9.7330E-01 	
2.7076E+00 	9.7282E-01 	
2.7078E+00 	9.7396E-01 	
2.7080E+00 	9.7323E-01 	
2.7082E+00 	9.7285E-01 	
2.7084E+00 	9.7439E-01 	
2.7086E+00 	9.7425E-01 	
2.7088E+00 	9.7404E-01 	
2.7090E+00 	9.7483E-01 	
2.7092E+00 	9.7557E-01 	
2.7094E+00 	9.7561E-01 	
2.7096E+00 	9.7419E-01 	
2.7098E+00 	9.7432E-01 	
2.7100E+00 	9.7534E-01 	
2.7102E+00 	9.7486E-01 	
2.7104E+00 	9.7424E-01 	
2.7106E+00 	9.7548E-01 	
2.7108E+00 	9.7532E-01 	
2.7110E+00 	9.7520E-01 	
2.7112E+00 	9.7619E-01 	
2.7114E+00 	9.7627E-01 	
2.7116E+00 	9.7625E-01 	
2.7118E+00 	9.7584E-01 	
2.7120E+00 	9.7551E-01 	
2.7122E+00 	9.7603E-01 	
2.7124E+00 	9.7676E-01 	
2.7126E+00 	9.7631E-01 	
2.7128E+00 	9.7540E-01 	
2.7130E+00 	9.7569E-01 	
2.7132E+00 	9.7431E-01 	
2.7134E+00 	9.7650E-01 	
2.7136E+00 	9.7611E-01 	
2.7138E+00 	9.7615E-01 	
2.7140E+00 	9.7683E-01 	
2.7142E+00 	9.7645E-01 	
2.7144E+00 	9.7609E-01 	
2.7146E+00 	9.7558E-01 	
2.7148E+00 	9.7646E-01 	
2.7150E+00 	9.7722E-01 	
2.7152E+00 	9.7702E-01 	
2.7154E+00 	9.7615E-01 	
2.7156E+00 	9.7607E-01 	
2.7158E+00 	9.7637E-01 	
2.7160E+00 	9.7637E-01 	
2.7162E+00 	9.7520E-01 	
2.7164E+00 	9.7721E-01 	
2.7166E+00 	9.7634E-01 	
2.7168E+00 	9.7676E-01 	
2.7170E+00 	9.7635E-01 	
2.7172E+00 	9.7694E-01 	
2.7174E+00 	9.7696E-01 	
2.7176E+00 	9.7675E-01 	
2.7178E+00 	9.7697E-01 	
2.7180E+00 	9.7695E-01 	
2.7182E+00 	9.7631E-01 	
2.7184E+00 	9.7654E-01 	
2.7186E+00 	9.7640E-01 	
2.7188E+00 	9.7712E-01 	
2.7190E+00 	9.7707E-01 	
2.7192E+00 	9.7757E-01 	
2.7194E+00 	9.7628E-01 	
2.7196E+00 	9.7602E-01 	
2.7198E+00 	9.7688E-01 	
