0.0000E+00 	3.0042E-01 	2.0040E-01 	1.5820E-01 	2.0040E-01 	1.4456E-01 	2.0040E-01 	1.3426E-01 	
4.0080E-02 	1.6807E-01 	2.4048E-01 	1.2790E-01 	2.4048E-01 	1.2460E-01 	2.4048E-01 	1.1536E-01 	
8.0160E-02 	1.3445E-01 	2.8056E-01 	1.2166E-01 	2.8056E-01 	1.1658E-01 	2.8056E-01 	1.0963E-01 	
1.2024E-01 	1.3445E-01 	3.2064E-01 	1.1542E-01 	3.2064E-01 	1.1123E-01 	3.2064E-01 	1.0867E-01 	
1.6032E-01 	1.0504E-01 	3.6072E-01 	1.0963E-01 	3.6072E-01 	1.0784E-01 	3.6072E-01 	1.0542E-01 	
2.0040E-01 	1.0504E-01 	4.0080E-01 	1.1364E-01 	4.0080E-01 	1.0749E-01 	4.0080E-01 	1.0294E-01 	
2.4048E-01 	9.2437E-02 	4.4088E-01 	1.1096E-01 	4.4088E-01 	1.0570E-01 	4.4088E-01 	9.9885E-02 	
2.8056E-01 	9.4538E-02 	4.8096E-01 	1.1497E-01 	4.8096E-01 	1.0267E-01 	4.8096E-01 	9.9694E-02 	
3.2064E-01 	9.0336E-02 	5.2104E-01 	1.0829E-01 	5.2104E-01 	1.0196E-01 	5.2104E-01 	1.0103E-01 	
3.6072E-01 	1.2395E-01 	5.6112E-01 	1.0517E-01 	5.6112E-01 	9.9109E-02 	5.6112E-01 	9.8930E-02 	
4.0080E-01 	1.2815E-01 	6.0120E-01 	1.0472E-01 	6.0120E-01 	9.8217E-02 	6.0120E-01 	9.6830E-02 	
4.4088E-01 	9.2437E-02 	6.4128E-01 	1.0294E-01 	6.4128E-01 	9.5900E-02 	6.4128E-01 	9.4156E-02 	
4.8096E-01 	1.0504E-01 	6.8136E-01 	1.0250E-01 	6.8136E-01 	9.1800E-02 	6.8136E-01 	9.4729E-02 	
5.2104E-01 	1.2395E-01 	7.2144E-01 	1.0071E-01 	7.2144E-01 	8.9127E-02 	7.2144E-01 	9.1100E-02 	
5.6112E-01 	9.8739E-02 	7.6152E-01 	1.0116E-01 	7.6152E-01 	8.8770E-02 	7.6152E-01 	8.5561E-02 	
6.0120E-01 	7.7731E-02 	8.0160E-01 	1.0027E-01 	8.0160E-01 	8.8948E-02 	8.0160E-01 	8.3461E-02 	
6.4128E-01 	7.1429E-02 	8.4168E-01 	9.6257E-02 	8.4168E-01 	8.8414E-02 	8.4168E-01 	8.4989E-02 	
6.8136E-01 	9.0336E-02 	8.8176E-01 	1.0205E-01 	8.8176E-01 	8.9127E-02 	8.8176E-01 	8.5752E-02 	
7.2144E-01 	1.0924E-01 	9.2184E-01 	1.0027E-01 	9.2184E-01 	8.9483E-02 	9.2184E-01 	8.4225E-02 	
7.6152E-01 	6.7227E-02 	9.6192E-01 	1.0250E-01 	9.6192E-01 	8.9305E-02 	9.6192E-01 	8.0214E-02 	
8.0160E-01 	1.0084E-01 	1.0020E+00 	1.0116E-01 	1.0020E+00 	9.0731E-02 	1.0020E+00 	8.0978E-02 	
8.4168E-01 	9.8739E-02 	1.0421E+00 	9.5811E-02 	1.0421E+00 	9.0196E-02 	1.0421E+00 	7.8495E-02 	
8.8176E-01 	9.8739E-02 	1.0822E+00 	9.6257E-02 	1.0822E+00 	9.2692E-02 	1.0822E+00 	7.6394E-02 	
9.2184E-01 	6.5126E-02 	1.1222E+00 	9.2246E-02 	1.1222E+00 	9.2513E-02 	1.1222E+00 	7.4675E-02 	
9.6192E-01 	6.3025E-02 	1.1623E+00 	9.2246E-02 	1.1623E+00 	9.1444E-02 	1.1623E+00 	7.6585E-02 	
1.0020E+00 	7.5630E-02 	1.2024E+00 	9.0909E-02 	1.2024E+00 	9.1087E-02 	1.2024E+00 	7.5630E-02 	
1.0421E+00 	9.4538E-02 	1.2425E+00 	8.8681E-02 	1.2425E+00 	9.1800E-02 	1.2425E+00 	7.6776E-02 	
1.0822E+00 	7.9832E-02 	1.2826E+00 	8.4225E-02 	1.2826E+00 	9.1979E-02 	1.2826E+00 	7.4675E-02 	
1.1222E+00 	7.3529E-02 	1.3226E+00 	8.4225E-02 	1.3226E+00 	9.1622E-02 	1.3226E+00 	7.5439E-02 	
1.1623E+00 	6.5126E-02 	1.3627E+00 	8.3779E-02 	1.3627E+00 	9.4296E-02 	1.3627E+00 	7.7922E-02 	
1.2024E+00 	7.5630E-02 	1.4028E+00 	8.4225E-02 	1.4028E+00 	9.5900E-02 	1.4028E+00 	8.1551E-02 	
1.2425E+00 	7.3529E-02 	1.4429E+00 	8.6453E-02 	1.4429E+00 	9.7326E-02 	1.4429E+00 	8.1169E-02 	
1.2826E+00 	7.5630E-02 	1.4830E+00 	9.2246E-02 	1.4830E+00 	9.8039E-02 	1.4830E+00 	8.0214E-02 	
1.3226E+00 	7.9832E-02 	1.5230E+00 	9.2692E-02 	1.5230E+00 	9.5900E-02 	1.5230E+00 	8.0978E-02 	
1.3627E+00 	8.6134E-02 	1.5631E+00 	9.6257E-02 	1.5631E+00 	9.6791E-02 	1.5631E+00 	8.2124E-02 	
1.4028E+00 	5.2521E-02 	1.6032E+00 	1.0071E-01 	1.6032E+00 	9.8930E-02 	1.6032E+00 	8.1742E-02 	
1.4429E+00 	8.8235E-02 	1.6433E+00 	1.0250E-01 	1.6433E+00 	9.9109E-02 	1.6433E+00 	8.4607E-02 	
1.4830E+00 	7.1429E-02 	1.6834E+00 	1.0740E-01 	1.6834E+00 	1.0036E-01 	1.6834E+00 	8.5561E-02 	
1.5230E+00 	8.8235E-02 	1.7234E+00 	1.1052E-01 	1.7234E+00 	1.0071E-01 	1.7234E+00 	8.6325E-02 	
1.5631E+00 	1.0084E-01 	1.7635E+00 	1.0784E-01 	1.7635E+00 	1.0232E-01 	1.7635E+00 	8.6898E-02 	
1.6032E+00 	1.0504E-01 	1.8036E+00 	1.0651E-01 	1.8036E+00 	1.0178E-01 	1.8036E+00 	8.7662E-02 	
1.6433E+00 	7.1429E-02 	1.8437E+00 	1.0873E-01 	1.8437E+00 	1.0160E-01 	1.8437E+00 	8.5752E-02 	
1.6834E+00 	6.3025E-02 	1.8838E+00 	1.0784E-01 	1.8838E+00 	1.0143E-01 	1.8838E+00 	8.9763E-02 	
1.7234E+00 	8.4034E-02 	1.9238E+00 	1.0918E-01 	1.9238E+00 	1.0428E-01 	1.9238E+00 	9.4920E-02 	
1.7635E+00 	9.2437E-02 	1.9639E+00 	1.1453E-01 	1.9639E+00 	1.0749E-01 	1.9639E+00 	9.7594E-02 	
1.8036E+00 	8.1933E-02 	2.0040E+00 	1.1096E-01 	2.0040E+00 	1.1034E-01 	2.0040E+00 	9.9694E-02 	
1.8437E+00 	8.4034E-02 	2.0441E+00 	1.0606E-01 	2.0441E+00 	1.1515E-01 	2.0441E+00 	9.9885E-02 	
1.8838E+00 	9.8739E-02 	2.0842E+00 	1.0561E-01 	2.0842E+00 	1.2032E-01 	2.0842E+00 	1.0160E-01 	
1.9238E+00 	7.9832E-02 	2.1242E+00 	1.0428E-01 	2.1242E+00 	1.2210E-01 	2.1242E+00 	1.0428E-01 	
1.9639E+00 	9.4538E-02 	2.1643E+00 	1.0784E-01 	2.1643E+00 	1.2371E-01 	2.1643E+00 	1.0791E-01 	
2.0040E+00 	1.0924E-01 	2.2044E+00 	1.1096E-01 	2.2044E+00 	1.2745E-01 	2.2044E+00 	1.1001E-01 	
2.0441E+00 	8.4034E-02 	2.2445E+00 	1.1230E-01 	2.2445E+00 	1.2923E-01 	2.2445E+00 	1.0982E-01 	
2.0842E+00 	1.1555E-01 	2.2846E+00 	1.1720E-01 	2.2846E+00 	1.3422E-01 	2.2846E+00 	1.1478E-01 	
2.1242E+00 	1.1975E-01 	2.3246E+00 	1.1720E-01 	2.3246E+00 	1.3387E-01 	2.3246E+00 	1.1516E-01 	
2.1643E+00 	1.1345E-01 	2.3647E+00 	1.1631E-01 	2.3647E+00 	1.3672E-01 	2.3647E+00 	1.1574E-01 	
2.2044E+00 	1.1555E-01 	2.4048E+00 	1.1453E-01 	2.4048E+00 	1.3815E-01 	2.4048E+00 	1.1765E-01 	
2.2445E+00 	8.4034E-02 	2.4449E+00 	1.1988E-01 	2.4449E+00 	1.3886E-01 	2.4449E+00 	1.2013E-01 	
2.2846E+00 	1.0294E-01 	2.4850E+00 	1.2077E-01 	2.4850E+00 	1.3690E-01 	2.4850E+00 	1.2548E-01 	
2.3246E+00 	1.2815E-01 	2.5251E+00 	1.2656E-01 	2.5251E+00 	1.3298E-01 	2.5251E+00 	1.2815E-01 	
2.3647E+00 	1.1975E-01 	2.5651E+00 	1.2879E-01 	2.5651E+00 	1.3725E-01 	2.5651E+00 	1.2815E-01 	
2.4048E+00 	1.1765E-01 	2.6052E+00 	1.2433E-01 	2.6052E+00 	1.3708E-01 	2.6052E+00 	1.3254E-01 	
2.4449E+00 	1.0714E-01 	2.6453E+00 	1.2834E-01 	2.6453E+00 	1.3619E-01 	2.6453E+00 	1.3655E-01 	
2.4850E+00 	1.3866E-01 	2.6854E+00 	1.3102E-01 	2.6854E+00 	1.3761E-01 	2.6854E+00 	1.3904E-01 	
2.5251E+00 	1.1975E-01 	2.7255E+00 	1.2701E-01 	2.7255E+00 	1.3743E-01 	2.7255E+00 	1.4190E-01 	
2.5651E+00 	1.2605E-01 	2.7655E+00 	1.2567E-01 	2.7655E+00 	1.4225E-01 	2.7655E+00 	1.4419E-01 	
2.6052E+00 	1.3445E-01 	2.8056E+00 	1.3414E-01 	2.8056E+00 	1.4278E-01 	2.8056E+00 	1.4458E-01 	
2.6453E+00 	1.4286E-01 	2.8457E+00 	1.3503E-01 	2.8457E+00 	1.4421E-01 	2.8457E+00 	1.4820E-01 	
2.6854E+00 	1.4286E-01 	2.8858E+00 	1.3681E-01 	2.8858E+00 	1.4528E-01 	2.8858E+00 	1.4897E-01 	
2.7255E+00 	1.3235E-01 	2.9259E+00 	1.4305E-01 	2.9259E+00 	1.4545E-01 	2.9259E+00 	1.4820E-01 	
2.7655E+00 	1.2815E-01 	2.9659E+00 	1.3770E-01 	2.9659E+00 	1.4777E-01 	2.9659E+00 	1.4954E-01 	
2.8056E+00 	1.6807E-01 	3.0060E+00 	1.4216E-01 	3.0060E+00 	1.4510E-01 	3.0060E+00 	1.5202E-01 	
2.8457E+00 	1.6176E-01 	3.0461E+00 	1.4884E-01 	3.0461E+00 	1.4688E-01 	3.0461E+00 	1.4801E-01 	
2.8858E+00 	1.3445E-01 	3.0862E+00 	1.5152E-01 	3.0862E+00 	1.4688E-01 	3.0862E+00 	1.4610E-01 	
2.9259E+00 	1.7017E-01 	3.1263E+00 	1.5463E-01 	3.1263E+00 	1.5080E-01 	3.1263E+00 	1.4744E-01 	
2.9659E+00 	1.4496E-01 	3.1663E+00 	1.5463E-01 	3.1663E+00 	1.5045E-01 	3.1663E+00 	1.4381E-01 	
3.0060E+00 	1.3025E-01 	3.2064E+00 	1.5865E-01 	3.2064E+00 	1.5027E-01 	3.2064E+00 	1.4362E-01 	
3.0461E+00 	1.7437E-01 	3.2465E+00 	1.5285E-01 	3.2465E+00 	1.5062E-01 	3.2465E+00 	1.4419E-01 	
3.0862E+00 	1.5126E-01 	3.2866E+00 	1.5998E-01 	3.2866E+00 	1.5009E-01 	3.2866E+00 	1.4171E-01 	
3.1263E+00 	1.3445E-01 	3.3267E+00 	1.6087E-01 	3.3267E+00 	1.5045E-01 	3.3267E+00 	1.3885E-01 	
3.1663E+00 	1.4706E-01 	3.3667E+00 	1.6043E-01 	3.3667E+00 	1.5062E-01 	3.3667E+00 	1.3789E-01 	
3.2064E+00 	1.5546E-01 	3.4068E+00 	1.6355E-01 	3.4068E+00 	1.5187E-01 	3.4068E+00 	1.3617E-01 	
3.2465E+00 	1.2395E-01 	3.4469E+00 	1.5909E-01 	3.4469E+00 	1.4688E-01 	3.4469E+00 	1.3293E-01 	
3.2866E+00 	1.4076E-01 	3.4870E+00 	1.5374E-01 	3.4870E+00 	1.4848E-01 	3.4870E+00 	1.3675E-01 	
3.3267E+00 	1.4916E-01 	3.5271E+00 	1.4750E-01 	3.5271E+00 	1.4777E-01 	3.5271E+00 	1.3407E-01 	
3.3667E+00 	1.3025E-01 	3.5671E+00 	1.4216E-01 	3.5671E+00 	1.4670E-01 	3.5671E+00 	1.3044E-01 	
3.4068E+00 	1.4286E-01 	3.6072E+00 	1.4483E-01 	3.6072E+00 	1.4439E-01 	3.6072E+00 	1.2987E-01 	
3.4469E+00 	1.3655E-01 	3.6473E+00 	1.4884E-01 	3.6473E+00 	1.4260E-01 	3.6473E+00 	1.2949E-01 	
3.4870E+00 	1.4706E-01 	3.6874E+00 	1.4394E-01 	3.6874E+00 	1.3922E-01 	3.6874E+00 	1.3044E-01 	
3.5271E+00 	1.1975E-01 	3.7275E+00 	1.3993E-01 	3.7275E+00 	1.3743E-01 	3.7275E+00 	1.2643E-01 	
3.5671E+00 	1.2395E-01 	3.7675E+00 	1.3859E-01 	3.7675E+00 	1.3476E-01 	3.7675E+00 	1.2490E-01 	
3.6072E+00 	1.2815E-01 	3.8076E+00 	1.3369E-01 	3.8076E+00 	1.3369E-01 	3.8076E+00 	1.2548E-01 	
3.6473E+00 	1.1975E-01 	3.8477E+00 	1.3280E-01 	3.8477E+00 	1.3084E-01 	3.8477E+00 	1.2128E-01 	
3.6874E+00 	1.6597E-01 	3.8878E+00 	1.3547E-01 	3.8878E+00 	1.3333E-01 	3.8878E+00 	1.1994E-01 	
3.7275E+00 	1.1134E-01 	3.9279E+00 	1.3993E-01 	3.9279E+00 	1.2906E-01 	3.9279E+00 	1.1306E-01 	
3.7675E+00 	1.0924E-01 	3.9679E+00 	1.4483E-01 	3.9679E+00 	1.2460E-01 	3.9679E+00 	1.1192E-01 	
3.8076E+00 	1.2395E-01 	4.0080E+00 	1.4483E-01 	4.0080E+00 	1.1783E-01 	4.0080E+00 	1.0886E-01 	
3.8477E+00 	1.3866E-01 	4.0481E+00 	1.4661E-01 	4.0481E+00 	1.1569E-01 	4.0481E+00 	1.0581E-01 	
3.8878E+00 	1.4706E-01 	4.0882E+00 	1.4305E-01 	4.0882E+00 	1.1426E-01 	4.0882E+00 	1.0160E-01 	
3.9279E+00 	1.0294E-01 	4.1283E+00 	1.4572E-01 	4.1283E+00 	1.1301E-01 	4.1283E+00 	9.6257E-02 	
3.9679E+00 	1.0294E-01 	4.1683E+00 	1.3904E-01 	4.1683E+00 	1.1034E-01 	4.1683E+00 	9.3774E-02 	
4.0080E+00 	1.3025E-01 	4.2084E+00 	1.4037E-01 	4.2084E+00 	1.0963E-01 	4.2084E+00 	9.2437E-02 	
4.0481E+00 	8.1933E-02 	4.2485E+00 	1.3948E-01 	4.2485E+00 	1.0802E-01 	4.2485E+00 	9.1864E-02 	
4.0882E+00 	1.0504E-01 	4.2886E+00 	1.4037E-01 	4.2886E+00 	1.0749E-01 	4.2886E+00 	9.3392E-02 	
4.1283E+00 	9.0336E-02 	4.3287E+00 	1.3770E-01 	4.3287E+00 	1.0749E-01 	4.3287E+00 	9.2628E-02 	
4.1683E+00 	9.8739E-02 	4.3687E+00 	1.4037E-01 	4.3687E+00 	1.0749E-01 	4.3687E+00 	9.3583E-02 	
4.2084E+00 	7.5630E-02 	4.4088E+00 	1.3503E-01 	4.4088E+00 	1.0945E-01 	4.4088E+00 	9.3965E-02 	
4.2485E+00 	9.0336E-02 	4.4489E+00 	1.3993E-01 	4.4489E+00 	1.1123E-01 	4.4489E+00 	9.4920E-02 	
4.2886E+00 	9.2437E-02 	4.4890E+00 	1.3904E-01 	4.4890E+00 	1.1533E-01 	4.4890E+00 	9.6448E-02 	
4.3287E+00 	8.8235E-02 	4.5291E+00 	1.4037E-01 	4.5291E+00 	1.1711E-01 	4.5291E+00 	9.8167E-02 	
4.3687E+00 	7.5630E-02 	4.5691E+00 	1.4528E-01 	4.5691E+00 	1.1996E-01 	4.5691E+00 	1.0084E-01 	
4.4088E+00 	8.8235E-02 	4.6092E+00 	1.5285E-01 	4.6092E+00 	1.2264E-01 	4.6092E+00 	1.0523E-01 	
4.4489E+00 	1.2395E-01 	4.6493E+00 	1.5419E-01 	4.6493E+00 	1.2834E-01 	4.6493E+00 	1.0924E-01 	
4.4890E+00 	9.8739E-02 	4.6894E+00 	1.5686E-01 	4.6894E+00 	1.3244E-01 	4.6894E+00 	1.1020E-01 	
4.5291E+00 	9.6639E-02 	4.7295E+00 	1.6087E-01 	4.7295E+00 	1.3565E-01 	4.7295E+00 	1.1364E-01 	
4.5691E+00 	1.0084E-01 	4.7695E+00 	1.6667E-01 	4.7695E+00 	1.4046E-01 	4.7695E+00 	1.1841E-01 	
4.6092E+00 	1.0294E-01 	4.8096E+00 	1.6756E-01 	4.8096E+00 	1.4635E-01 	4.8096E+00 	1.2166E-01 	
4.6493E+00 	8.6134E-02 	4.8497E+00 	1.7469E-01 	4.8497E+00 	1.4991E-01 	4.8497E+00 	1.2739E-01 	
4.6894E+00 	1.0714E-01 	4.8898E+00 	1.7870E-01 	4.8898E+00 	1.5508E-01 	4.8898E+00 	1.3445E-01 	
4.7295E+00 	1.1134E-01 	4.9299E+00 	1.7959E-01 	4.9299E+00 	1.6132E-01 	4.9299E+00 	1.4057E-01 	
4.7695E+00 	1.1765E-01 	4.9699E+00 	1.8405E-01 	4.9699E+00 	1.6881E-01 	4.9699E+00 	1.4458E-01 	
4.8096E+00 	1.2395E-01 	5.0100E+00 	1.9118E-01 	5.0100E+00 	1.7291E-01 	5.0100E+00 	1.5011E-01 	
4.8497E+00 	1.3235E-01 	5.0501E+00 	1.9786E-01 	5.0501E+00 	1.7736E-01 	5.0501E+00 	1.5336E-01 	
4.8898E+00 	1.3445E-01 	5.0902E+00 	2.0321E-01 	5.0902E+00 	1.7576E-01 	5.0902E+00 	1.5890E-01 	
4.9299E+00 	1.3655E-01 	5.1303E+00 	2.1480E-01 	5.1303E+00 	1.8146E-01 	5.1303E+00 	1.6616E-01 	
4.9699E+00 	1.4916E-01 	5.1703E+00 	2.1301E-01 	5.1703E+00 	1.9037E-01 	5.1703E+00 	1.7341E-01 	
5.0100E+00 	1.3655E-01 	5.2104E+00 	2.1836E-01 	5.2104E+00 	1.9483E-01 	5.2104E+00 	1.7685E-01 	
5.0501E+00 	1.6597E-01 	5.2505E+00 	2.2103E-01 	5.2505E+00 	2.0160E-01 	5.2505E+00 	1.8545E-01 	
5.0902E+00 	1.6387E-01 	5.2906E+00 	2.2415E-01 	5.2906E+00 	2.0856E-01 	5.2906E+00 	1.9079E-01 	
5.1303E+00 	1.7437E-01 	5.3307E+00 	2.2504E-01 	5.3307E+00 	2.1390E-01 	5.3307E+00 	1.9404E-01 	
5.1703E+00 	1.5546E-01 	5.3707E+00 	2.2906E-01 	5.3707E+00 	2.1711E-01 	5.3707E+00 	1.9710E-01 	
5.2104E+00 	1.7857E-01 	5.4108E+00 	2.3173E-01 	5.4108E+00 	2.1800E-01 	5.4108E+00 	2.0206E-01 	
5.2505E+00 	1.5966E-01 	5.4509E+00 	2.3262E-01 	5.4509E+00 	2.2246E-01 	5.4509E+00 	2.0569E-01 	
5.2906E+00 	1.9328E-01 	5.4910E+00 	2.3485E-01 	5.4910E+00 	2.2906E-01 	5.4910E+00 	2.1180E-01 	
5.3307E+00 	2.1429E-01 	5.5311E+00 	2.3396E-01 	5.5311E+00 	2.3868E-01 	5.5311E+00 	2.1734E-01 	
5.3707E+00 	2.1639E-01 	5.5711E+00 	2.2995E-01 	5.5711E+00 	2.4349E-01 	5.5711E+00 	2.2307E-01 	
5.4108E+00 	1.8697E-01 	5.6112E+00 	2.3752E-01 	5.6112E+00 	2.4456E-01 	5.6112E+00 	2.2498E-01 	
5.4509E+00 	2.3109E-01 	5.6513E+00 	2.3084E-01 	5.6513E+00 	2.5045E-01 	5.6513E+00 	2.3262E-01 	
5.4910E+00 	2.2479E-01 	5.6914E+00 	2.3619E-01 	5.6914E+00 	2.5276E-01 	5.6914E+00 	2.3625E-01 	
5.5311E+00 	1.9958E-01 	5.7315E+00 	2.4198E-01 	5.7315E+00 	2.5775E-01 	5.7315E+00 	2.4236E-01 	
5.5711E+00 	2.0798E-01 	5.7715E+00 	2.4733E-01 	5.7715E+00 	2.5775E-01 	5.7715E+00 	2.4618E-01 	
5.6112E+00 	2.1008E-01 	5.8116E+00 	2.5490E-01 	5.8116E+00 	2.6185E-01 	5.8116E+00 	2.5267E-01 	
5.6513E+00 	2.1849E-01 	5.8517E+00 	2.6159E-01 	5.8517E+00 	2.6506E-01 	5.8517E+00 	2.5840E-01 	
5.6914E+00 	2.2689E-01 	5.8918E+00 	2.6203E-01 	5.8918E+00 	2.6863E-01 	5.8918E+00 	2.6050E-01 	
5.7315E+00 	2.5420E-01 	5.9319E+00 	2.6292E-01 	5.9319E+00 	2.6988E-01 	5.9319E+00 	2.6203E-01 	
5.7715E+00 	2.7731E-01 	5.9719E+00 	2.6738E-01 	5.9719E+00 	2.6881E-01 	5.9719E+00 	2.6490E-01 	
5.8116E+00 	2.3739E-01 	6.0120E+00 	2.7941E-01 	6.0120E+00 	2.7273E-01 	6.0120E+00 	2.6299E-01 	
5.8517E+00 	2.7101E-01 	6.0521E+00 	2.8209E-01 	6.0521E+00 	2.7326E-01 	6.0521E+00 	2.6719E-01 	
5.8918E+00 	2.7101E-01 	6.0922E+00 	2.9100E-01 	6.0922E+00 	2.7380E-01 	6.0922E+00 	2.7120E-01 	
5.9319E+00 	2.9202E-01 	6.1323E+00 	2.9456E-01 	6.1323E+00 	2.7237E-01 	6.1323E+00 	2.7177E-01 	
5.9719E+00 	2.4160E-01 	6.1723E+00 	2.9189E-01 	6.1723E+00 	2.7166E-01 	6.1723E+00 	2.6547E-01 	
6.0120E+00 	2.7941E-01 	6.2124E+00 	2.8922E-01 	6.2124E+00 	2.7255E-01 	6.2124E+00 	2.7349E-01 	
6.0521E+00 	2.7311E-01 	6.2525E+00 	2.8209E-01 	6.2525E+00 	2.7415E-01 	6.2525E+00 	2.7349E-01 	
6.0922E+00 	2.4160E-01 	6.2926E+00 	2.7941E-01 	6.2926E+00 	2.7647E-01 	6.2926E+00 	2.7540E-01 	
6.1323E+00 	2.4370E-01 	6.3327E+00 	2.7852E-01 	6.3327E+00 	2.7504E-01 	6.3327E+00 	2.7807E-01 	
6.1723E+00 	2.8571E-01 	6.3727E+00 	2.7540E-01 	6.3727E+00 	2.7683E-01 	6.3727E+00 	2.8056E-01 	
6.2124E+00 	2.5630E-01 	6.4128E+00 	2.7362E-01 	6.4128E+00 	2.7914E-01 	6.4128E+00 	2.7807E-01 	
6.2525E+00 	2.8361E-01 	6.4529E+00 	2.6783E-01 	6.4529E+00 	2.7273E-01 	6.4529E+00 	2.7941E-01 	
6.2926E+00 	3.1513E-01 	6.4930E+00 	2.6604E-01 	6.4930E+00 	2.6756E-01 	6.4930E+00 	2.7406E-01 	
6.3327E+00 	2.7731E-01 	6.5331E+00 	2.6515E-01 	6.5331E+00 	2.6560E-01 	6.5331E+00 	2.6872E-01 	
6.3727E+00 	2.2269E-01 	6.5731E+00 	2.7005E-01 	6.5731E+00 	2.6435E-01 	6.5731E+00 	2.6070E-01 	
6.4128E+00 	3.2983E-01 	6.6132E+00 	2.6783E-01 	6.6132E+00 	2.6185E-01 	6.6132E+00 	2.5993E-01 	
6.4529E+00 	2.7941E-01 	6.6533E+00 	2.7362E-01 	6.6533E+00 	2.6292E-01 	6.6533E+00 	2.4771E-01 	
6.4930E+00 	2.9412E-01 	6.6934E+00 	2.7451E-01 	6.6934E+00 	2.5437E-01 	6.6934E+00 	2.4465E-01 	
6.5331E+00 	2.7101E-01 	6.7335E+00 	2.7273E-01 	6.7335E+00 	2.4617E-01 	6.7335E+00 	2.3529E-01 	
6.5731E+00 	2.7101E-01 	6.7735E+00 	2.7184E-01 	6.7735E+00 	2.4474E-01 	6.7735E+00 	2.3052E-01 	
6.6132E+00 	2.5840E-01 	6.8136E+00 	2.6872E-01 	6.8136E+00 	2.4100E-01 	6.8136E+00 	2.2040E-01 	
6.6533E+00 	2.7101E-01 	6.8537E+00 	2.6783E-01 	6.8537E+00 	2.3583E-01 	6.8537E+00 	2.1276E-01 	
6.6934E+00 	2.2479E-01 	6.8938E+00 	2.6961E-01 	6.8938E+00 	2.3209E-01 	6.8938E+00 	2.0283E-01 	
6.7335E+00 	2.5630E-01 	6.9339E+00 	2.6783E-01 	6.9339E+00 	2.2977E-01 	6.9339E+00 	1.9805E-01 	
6.7735E+00 	1.8908E-01 	6.9739E+00 	2.6381E-01 	6.9739E+00 	2.1943E-01 	6.9739E+00 	1.8736E-01 	
6.8136E+00 	2.1429E-01 	7.0140E+00 	2.4733E-01 	7.0140E+00 	2.1426E-01 	7.0140E+00 	1.8354E-01 	
6.8537E+00 	1.9538E-01 	7.0541E+00 	2.4109E-01 	7.0541E+00 	2.0695E-01 	7.0541E+00 	1.7743E-01 	
6.8938E+00 	2.4580E-01 	7.0942E+00 	2.3351E-01 	7.0942E+00 	1.9608E-01 	7.0942E+00 	1.7189E-01 	
6.9339E+00 	1.9118E-01 	7.1343E+00 	2.3128E-01 	7.1343E+00 	1.9109E-01 	7.1343E+00 	1.6406E-01 	
6.9739E+00 	2.1849E-01 	7.1743E+00 	2.2727E-01 	7.1743E+00 	1.8717E-01 	7.1743E+00 	1.5928E-01 	
7.0140E+00 	1.5966E-01 	7.2144E+00 	2.2237E-01 	7.2144E+00 	1.8146E-01 	7.2144E+00 	1.5126E-01 	
7.0541E+00 	1.7437E-01 	7.2545E+00 	2.2906E-01 	7.2545E+00 	1.7736E-01 	7.2545E+00 	1.4782E-01 	
7.0942E+00 	1.6176E-01 	7.2946E+00 	2.3485E-01 	7.2946E+00 	1.7504E-01 	7.2946E+00 	1.4458E-01 	
7.1343E+00 	1.7227E-01 	7.3347E+00 	2.3217E-01 	7.3347E+00 	1.7504E-01 	7.3347E+00 	1.4324E-01 	
7.1743E+00 	1.3866E-01 	7.3747E+00 	2.3084E-01 	7.3747E+00 	1.7380E-01 	7.3747E+00 	1.4305E-01 	
7.2144E+00 	1.4706E-01 	7.4148E+00 	2.3485E-01 	7.4148E+00 	1.7594E-01 	7.4148E+00 	1.4668E-01 	
7.2545E+00 	1.4706E-01 	7.4549E+00 	2.4510E-01 	7.4549E+00 	1.8021E-01 	7.4549E+00 	1.4973E-01 	
7.2946E+00 	1.3445E-01 	7.4950E+00 	2.6159E-01 	7.4950E+00 	1.8788E-01 	7.4950E+00 	1.5317E-01 	
7.3347E+00 	1.5966E-01 	7.5351E+00 	2.6248E-01 	7.5351E+00 	1.9750E-01 	7.5351E+00 	1.6005E-01 	
7.3747E+00 	1.3866E-01 	7.5752E+00 	2.7585E-01 	7.5752E+00 	2.0339E-01 	7.5752E+00 	1.6501E-01 	
7.4148E+00 	1.3025E-01 	7.6152E+00 	2.8520E-01 	7.6152E+00 	2.1016E-01 	7.6152E+00 	1.7399E-01 	
7.4549E+00 	1.2185E-01 	7.6553E+00 	2.9947E-01 	7.6553E+00 	2.1943E-01 	7.6553E+00 	1.8067E-01 	
7.4950E+00 	1.3866E-01 	7.6954E+00 	3.0080E-01 	7.6954E+00 	2.2531E-01 	7.6954E+00 	1.9270E-01 	
7.5351E+00 	1.4706E-01 	7.7355E+00 	3.0392E-01 	7.7355E+00 	2.3155E-01 	7.7355E+00 	2.0569E-01 	
7.5752E+00 	1.7017E-01 	7.7756E+00 	3.0971E-01 	7.7756E+00 	2.4207E-01 	7.7756E+00 	2.1925E-01 	
7.6152E+00 	1.7857E-01 	7.8156E+00 	3.1774E-01 	7.8156E+00 	2.5597E-01 	7.8156E+00 	2.2861E-01 	
7.6553E+00 	1.8067E-01 	7.8557E+00 	3.2977E-01 	7.8557E+00 	2.7130E-01 	7.8557E+00 	2.3549E-01 	
7.6954E+00 	1.8487E-01 	7.8958E+00 	3.3868E-01 	7.8958E+00 	2.8200E-01 	7.8958E+00 	2.4714E-01 	
7.7355E+00 	2.1008E-01 	7.9359E+00 	3.3378E-01 	7.9359E+00 	2.9323E-01 	7.9359E+00 	2.6089E-01 	
7.7756E+00 	2.1429E-01 	7.9760E+00 	3.5294E-01 	7.9760E+00 	3.0642E-01 	7.9760E+00 	2.6795E-01 	
7.8156E+00 	2.3739E-01 	8.0160E+00 	3.6141E-01 	8.0160E+00 	3.1783E-01 	8.0160E+00 	2.8189E-01 	
7.8557E+00 	2.0378E-01 	8.0561E+00 	3.6809E-01 	8.0561E+00 	3.3708E-01 	8.0561E+00 	2.9087E-01 	
7.8958E+00 	2.5420E-01 	8.0962E+00 	3.6765E-01 	8.0962E+00 	3.4742E-01 	8.0962E+00 	3.0615E-01 	
7.9359E+00 	2.8151E-01 	8.1363E+00 	3.8146E-01 	8.1363E+00 	3.5989E-01 	8.1363E+00 	3.1914E-01 	
7.9760E+00 	2.9622E-01 	8.1764E+00 	3.9260E-01 	8.1764E+00 	3.7291E-01 	8.1764E+00 	3.3442E-01 	
8.0160E+00 	2.7311E-01 	8.2164E+00 	4.0018E-01 	8.2164E+00 	3.8307E-01 	8.2164E+00 	3.4053E-01 	
8.0561E+00 	2.5420E-01 	8.2565E+00 	4.0865E-01 	8.2565E+00 	3.9198E-01 	8.2565E+00 	3.5332E-01 	
8.0962E+00 	3.0882E-01 	8.2966E+00 	4.1399E-01 	8.2966E+00 	4.0250E-01 	8.2966E+00 	3.7280E-01 	
8.1363E+00 	3.3613E-01 	8.3367E+00 	4.2068E-01 	8.3367E+00 	4.1711E-01 	8.3367E+00 	3.8808E-01 	
8.1764E+00 	2.8782E-01 	8.3768E+00 	4.3137E-01 	8.3768E+00 	4.2460E-01 	8.3768E+00 	3.9782E-01 	
8.2164E+00 	3.6765E-01 	8.4168E+00 	4.2914E-01 	8.4168E+00 	4.3173E-01 	8.4168E+00 	4.0928E-01 	
8.2565E+00 	3.3613E-01 	8.4569E+00 	4.3226E-01 	8.4569E+00 	4.5152E-01 	8.4569E+00 	4.1616E-01 	
8.2966E+00 	3.7185E-01 	8.4970E+00 	4.3717E-01 	8.4970E+00 	4.5936E-01 	8.4970E+00 	4.3125E-01 	
8.3367E+00 	3.9706E-01 	8.5371E+00 	4.4652E-01 	8.5371E+00 	4.7023E-01 	8.5371E+00 	4.3564E-01 	
8.3768E+00 	4.4958E-01 	8.5772E+00 	4.4563E-01 	8.5772E+00 	4.7914E-01 	8.5772E+00 	4.4939E-01 	
8.4168E+00 	3.6345E-01 	8.6172E+00 	4.5053E-01 	8.6172E+00 	4.9305E-01 	8.6172E+00 	4.5493E-01 	
8.4569E+00 	4.1387E-01 	8.6573E+00 	4.6212E-01 	8.6573E+00 	5.0410E-01 	8.6573E+00 	4.7078E-01 	
8.4970E+00 	4.6849E-01 	8.6974E+00 	4.7861E-01 	8.6974E+00 	5.1373E-01 	8.6974E+00 	4.8759E-01 	
8.5371E+00 	4.7689E-01 	8.7375E+00 	4.8841E-01 	8.7375E+00 	5.1622E-01 	8.7375E+00 	4.9198E-01 	
8.5772E+00 	4.4328E-01 	8.7776E+00 	4.9332E-01 	8.7776E+00 	5.2317E-01 	8.7776E+00 	4.9828E-01 	
8.6172E+00 	4.1387E-01 	8.8176E+00 	5.0312E-01 	8.8176E+00 	5.3155E-01 	8.8176E+00 	5.0477E-01 	
8.6573E+00 	4.4328E-01 	8.8577E+00 	5.1159E-01 	8.8577E+00 	5.3725E-01 	8.8577E+00 	5.0840E-01 	
8.6974E+00 	5.0210E-01 	8.8978E+00 	5.1337E-01 	8.8978E+00 	5.3601E-01 	8.8978E+00 	5.1356E-01 	
8.7375E+00 	4.2017E-01 	8.9379E+00 	5.2050E-01 	8.9379E+00 	5.3761E-01 	8.9379E+00 	5.1089E-01 	
8.7776E+00 	5.4832E-01 	8.9780E+00 	5.3164E-01 	8.9780E+00 	5.3636E-01 	8.9780E+00 	5.1853E-01 	
8.8176E+00 	5.1050E-01 	9.0180E+00 	5.3877E-01 	9.0180E+00 	5.4011E-01 	9.0180E+00 	5.1642E-01 	
8.8577E+00 	5.3782E-01 	9.0581E+00 	5.3832E-01 	9.0581E+00 	5.3743E-01 	9.0581E+00 	5.1948E-01 	
8.8978E+00 	5.9874E-01 	9.0982E+00 	5.3788E-01 	9.0982E+00 	5.3832E-01 	9.0982E+00 	5.1356E-01 	
8.9379E+00 	5.1681E-01 	9.1383E+00 	5.3788E-01 	9.1383E+00 	5.4242E-01 	9.1383E+00 	5.0267E-01 	
8.9780E+00 	5.4622E-01 	9.1784E+00 	5.2852E-01 	9.1784E+00 	5.4938E-01 	9.1784E+00 	4.9809E-01 	
9.0180E+00 	5.1471E-01 	9.2184E+00 	5.2852E-01 	9.2184E+00 	5.4902E-01 	9.2184E+00 	4.9484E-01 	
9.0581E+00 	4.5378E-01 	9.2585E+00 	5.2986E-01 	9.2585E+00 	5.4385E-01 	9.2585E+00 	4.8816E-01 	
9.0982E+00 	5.0000E-01 	9.2986E+00 	5.3565E-01 	9.2986E+00 	5.4617E-01 	9.2986E+00 	4.8873E-01 	
9.1383E+00 	4.7269E-01 	9.3387E+00 	5.3699E-01 	9.3387E+00 	5.4171E-01 	9.3387E+00 	4.8892E-01 	
9.1784E+00 	5.0420E-01 	9.3788E+00 	5.4367E-01 	9.3788E+00 	5.3886E-01 	9.3788E+00 	4.8835E-01 	
9.2184E+00 	5.2521E-01 	9.4188E+00 	5.3654E-01 	9.4188E+00 	5.3636E-01 	9.4188E+00 	4.8205E-01 	
9.2585E+00 	5.4412E-01 	9.4589E+00 	5.2807E-01 	9.4589E+00 	5.2709E-01 	9.4589E+00 	4.7307E-01 	
9.2986E+00 	4.7269E-01 	9.4990E+00 	5.3253E-01 	9.4990E+00 	5.2602E-01 	9.4990E+00 	4.5779E-01 	
9.3387E+00 	4.7899E-01 	9.5391E+00 	5.3030E-01 	9.5391E+00 	5.1765E-01 	9.5391E+00 	4.4977E-01 	
9.3788E+00 	4.6639E-01 	9.5792E+00 	5.1916E-01 	9.5792E+00 	5.0053E-01 	9.5792E+00 	4.4060E-01 	
9.4188E+00 	5.1050E-01 	9.6192E+00 	5.1560E-01 	9.6192E+00 	4.8913E-01 	9.6192E+00 	4.3163E-01 	
9.4589E+00 	4.4118E-01 	9.6593E+00 	5.0579E-01 	9.6593E+00 	4.7201E-01 	9.6593E+00 	4.1807E-01 	
9.4990E+00 	4.6008E-01 	9.6994E+00 	4.9510E-01 	9.6994E+00 	4.6684E-01 	9.6994E+00 	4.0909E-01 	
9.5391E+00 	5.0210E-01 	9.7395E+00 	4.8930E-01 	9.7395E+00 	4.5223E-01 	9.7395E+00 	3.9649E-01 	
9.5792E+00 	4.6639E-01 	9.7796E+00 	4.8351E-01 	9.7796E+00 	4.4563E-01 	9.7796E+00 	3.8235E-01 	
9.6192E+00 	4.3487E-01 	9.8196E+00 	4.7059E-01 	9.8196E+00 	4.3119E-01 	9.8196E+00 	3.6516E-01 	
9.6593E+00 	4.2647E-01 	9.8597E+00 	4.7193E-01 	9.8597E+00 	4.1889E-01 	9.8597E+00 	3.5027E-01 	
9.6994E+00 	3.7605E-01 	9.8998E+00 	4.7906E-01 	9.8998E+00 	4.0909E-01 	9.8998E+00 	3.3537E-01 	
9.7395E+00 	3.8445E-01 	9.9399E+00 	4.6390E-01 	9.9399E+00 	3.9180E-01 	9.9399E+00 	3.2792E-01 	
9.7796E+00 	3.7815E-01 	9.9800E+00 	4.5455E-01 	9.9800E+00 	3.7807E-01 	9.9800E+00 	3.1761E-01 	
9.8196E+00 	3.6765E-01 	1.0020E+01 	4.5187E-01 	1.0020E+01 	3.6863E-01 	1.0020E+01 	3.0768E-01 	
9.8597E+00 	3.6134E-01 	1.0060E+01 	4.5098E-01 	1.0060E+01 	3.5383E-01 	1.0060E+01 	2.9889E-01 	
9.8998E+00 	3.4244E-01 	1.0100E+01 	4.4385E-01 	1.0100E+01 	3.4902E-01 	1.0100E+01 	2.8648E-01 	
9.9399E+00 	3.2143E-01 	1.0140E+01 	4.4251E-01 	1.0140E+01 	3.4046E-01 	1.0140E+01 	2.8075E-01 	
9.9800E+00 	3.4664E-01 	1.0180E+01 	4.4118E-01 	1.0180E+01 	3.3725E-01 	1.0180E+01 	2.7215E-01 	
1.0020E+01 	2.7731E-01 	1.0220E+01 	4.3939E-01 	1.0220E+01 	3.2549E-01 	1.0220E+01 	2.6872E-01 	
1.0060E+01 	2.7101E-01 	1.0261E+01 	4.4118E-01 	1.0261E+01 	3.2513E-01 	1.0261E+01 	2.6719E-01 	
1.0100E+01 	2.6261E-01 	1.0301E+01 	4.4697E-01 	1.0301E+01 	3.3440E-01 	1.0301E+01 	2.6910E-01 	
1.0140E+01 	2.9412E-01 	1.0341E+01 	4.4519E-01 	1.0341E+01 	3.4046E-01 	1.0341E+01 	2.7273E-01 	
1.0180E+01 	2.7101E-01 	1.0381E+01 	4.5544E-01 	1.0381E+01 	3.4813E-01 	1.0381E+01 	2.8266E-01 	
1.0220E+01 	2.6891E-01 	1.0421E+01 	4.5766E-01 	1.0421E+01 	3.5971E-01 	1.0421E+01 	2.9163E-01 	
1.0261E+01 	2.7101E-01 	1.0461E+01 	4.6524E-01 	1.0461E+01 	3.7094E-01 	1.0461E+01 	3.0405E-01 	
1.0301E+01 	2.2479E-01 	1.0501E+01 	4.8619E-01 	1.0501E+01 	3.8503E-01 	1.0501E+01 	3.1207E-01 	
1.0341E+01 	2.7941E-01 	1.0541E+01 	5.0624E-01 	1.0541E+01 	3.9804E-01 	1.0541E+01 	3.3060E-01 	
1.0381E+01 	2.2689E-01 	1.0581E+01 	5.1560E-01 	1.0581E+01 	4.1640E-01 	1.0581E+01 	3.5008E-01 	
1.0421E+01 	3.0882E-01 	1.0621E+01 	5.2674E-01 	1.0621E+01 	4.3779E-01 	1.0621E+01 	3.6650E-01 	
1.0461E+01 	2.6050E-01 	1.0661E+01 	5.4635E-01 	1.0661E+01 	4.5829E-01 	1.0661E+01 	3.8388E-01 	
1.0501E+01 	2.9202E-01 	1.0701E+01 	5.6462E-01 	1.0701E+01 	4.7433E-01 	1.0701E+01 	4.1272E-01 	
1.0541E+01 	3.0252E-01 	1.0741E+01 	5.7799E-01 	1.0741E+01 	4.8592E-01 	1.0741E+01 	4.3984E-01 	
1.0581E+01 	4.0336E-01 	1.0782E+01 	5.9314E-01 	1.0782E+01 	5.0713E-01 	1.0782E+01 	4.6429E-01 	
1.0621E+01 	3.6975E-01 	1.0822E+01 	6.0472E-01 	1.0822E+01 	5.2745E-01 	1.0822E+01 	4.8224E-01 	
1.0661E+01 	4.0546E-01 	1.0862E+01 	6.2210E-01 	1.0862E+01 	5.4349E-01 	1.0862E+01 	5.0611E-01 	
1.0701E+01 	3.5924E-01 	1.0902E+01 	6.4082E-01 	1.0902E+01 	5.7059E-01 	1.0902E+01 	5.3094E-01 	
1.0741E+01 	4.2857E-01 	1.0942E+01 	6.4305E-01 	1.0942E+01 	5.9572E-01 	1.0942E+01 	5.6073E-01 	
1.0782E+01 	4.9370E-01 	1.0982E+01 	6.6622E-01 	1.0982E+01 	6.2193E-01 	1.0982E+01 	5.8270E-01 	
1.0822E+01 	4.0756E-01 	1.1022E+01 	6.8137E-01 	1.1022E+01 	6.4029E-01 	1.1022E+01 	5.9817E-01 	
1.0862E+01 	5.0000E-01 	1.1062E+01 	6.8895E-01 	1.1062E+01 	6.5633E-01 	1.1062E+01 	6.2433E-01 	
1.0902E+01 	5.7773E-01 	1.1102E+01 	6.8449E-01 	1.1102E+01 	6.6916E-01 	1.1102E+01 	6.4228E-01 	
1.0942E+01 	5.9034E-01 	1.1142E+01 	6.9251E-01 	1.1142E+01 	6.9180E-01 	1.1142E+01 	6.5241E-01 	
1.0982E+01 	5.7143E-01 	1.1182E+01 	6.9563E-01 	1.1182E+01 	7.1711E-01 	1.1182E+01 	6.6673E-01 	
1.1022E+01 	6.0084E-01 	1.1222E+01 	7.0321E-01 	1.1222E+01 	7.3244E-01 	1.1222E+01 	6.8125E-01 	
1.1062E+01 	6.3235E-01 	1.1263E+01 	7.1569E-01 	1.1263E+01 	7.4706E-01 	1.1263E+01 	7.0493E-01 	
1.1102E+01 	6.7857E-01 	1.1303E+01 	7.2906E-01 	1.1303E+01 	7.7166E-01 	1.1303E+01 	7.0970E-01 	
1.1142E+01 	6.8697E-01 	1.1343E+01 	7.3307E-01 	1.1343E+01 	7.8895E-01 	1.1343E+01 	7.1772E-01 	
1.1182E+01 	6.7017E-01 	1.1383E+01 	7.3975E-01 	1.1383E+01 	8.0143E-01 	1.1383E+01 	7.2536E-01 	
1.1222E+01 	6.6387E-01 	1.1423E+01 	7.4109E-01 	1.1423E+01 	8.0642E-01 	1.1423E+01 	7.3510E-01 	
1.1263E+01 	6.9538E-01 	1.1463E+01 	7.5401E-01 	1.1463E+01 	8.2086E-01 	1.1463E+01 	7.5076E-01 	
1.1303E+01 	6.9748E-01 	1.1503E+01 	7.7585E-01 	1.1503E+01 	8.3494E-01 	1.1503E+01 	7.5898E-01 	
1.1343E+01 	6.8908E-01 	1.1543E+01 	8.0481E-01 	1.1543E+01 	8.5258E-01 	1.1543E+01 	7.7139E-01 	
1.1383E+01 	7.4790E-01 	1.1583E+01 	8.1729E-01 	1.1583E+01 	8.6399E-01 	1.1583E+01 	7.8380E-01 	
1.1423E+01 	7.3109E-01 	1.1623E+01 	8.2977E-01 	1.1623E+01 	8.6506E-01 	1.1623E+01 	7.8839E-01 	
1.1463E+01 	8.6134E-01 	1.1663E+01 	8.4002E-01 	1.1663E+01 	8.7433E-01 	1.1663E+01 	8.0099E-01 	
1.1503E+01 	6.8487E-01 	1.1703E+01 	8.5339E-01 	1.1703E+01 	8.7950E-01 	1.1703E+01 	8.0099E-01 	
1.1543E+01 	7.6681E-01 	1.1743E+01 	8.6453E-01 	1.1743E+01 	8.8414E-01 	1.1743E+01 	8.1054E-01 	
1.1583E+01 	7.7101E-01 	1.1784E+01 	8.6809E-01 	1.1784E+01 	8.7968E-01 	1.1784E+01 	8.1589E-01 	
1.1623E+01 	7.7731E-01 	1.1824E+01 	8.8191E-01 	1.1824E+01 	8.8592E-01 	1.1824E+01 	8.2124E-01 	
1.1663E+01 	8.3613E-01 	1.1864E+01 	8.7923E-01 	1.1864E+01 	8.8520E-01 	1.1864E+01 	8.2448E-01 	
1.1703E+01 	7.8571E-01 	1.1904E+01 	8.8725E-01 	1.1904E+01 	8.8146E-01 	1.1904E+01 	8.2353E-01 	
1.1743E+01 	8.3403E-01 	1.1944E+01 	8.8235E-01 	1.1944E+01 	8.7843E-01 	1.1944E+01 	8.2372E-01 	
1.1784E+01 	8.2563E-01 	1.1984E+01 	8.6676E-01 	1.1984E+01 	8.8111E-01 	1.1984E+01 	8.2105E-01 	
1.1824E+01 	7.9832E-01 	1.2024E+01 	8.5873E-01 	1.2024E+01 	8.7291E-01 	1.2024E+01 	8.1856E-01 	
1.1864E+01 	8.6975E-01 	1.2064E+01 	8.6230E-01 	1.2064E+01 	8.7308E-01 	1.2064E+01 	8.1895E-01 	
1.1904E+01 	8.6134E-01 	1.2104E+01 	8.5963E-01 	1.2104E+01 	8.6061E-01 	1.2104E+01 	8.0959E-01 	
1.1944E+01 	7.8992E-01 	1.2144E+01 	8.4982E-01 	1.2144E+01 	8.5936E-01 	1.2144E+01 	8.0615E-01 	
1.1984E+01 	8.2563E-01 	1.2184E+01 	8.4046E-01 	1.2184E+01 	8.4724E-01 	1.2184E+01 	8.0672E-01 	
1.2024E+01 	8.2983E-01 	1.2224E+01 	8.2576E-01 	1.2224E+01 	8.3993E-01 	1.2224E+01 	7.9450E-01 	
1.2064E+01 	8.1303E-01 	1.2265E+01 	8.1551E-01 	1.2265E+01 	8.2175E-01 	1.2265E+01 	7.8209E-01 	
1.2104E+01 	8.2563E-01 	1.2305E+01 	8.0704E-01 	1.2305E+01 	8.1444E-01 	1.2305E+01 	7.7139E-01 	
1.2144E+01 	7.8782E-01 	1.2345E+01 	7.8966E-01 	1.2345E+01 	8.0374E-01 	1.2345E+01 	7.4943E-01 	
1.2184E+01 	8.0462E-01 	1.2385E+01 	7.7540E-01 	1.2385E+01 	7.9002E-01 	1.2385E+01 	7.3644E-01 	
1.2224E+01 	7.9832E-01 	1.2425E+01 	7.6292E-01 	1.2425E+01 	7.6756E-01 	1.2425E+01 	7.2193E-01 	
1.2265E+01 	8.0252E-01 	1.2465E+01 	7.5490E-01 	1.2465E+01 	7.5472E-01 	1.2465E+01 	7.0359E-01 	
1.2305E+01 	7.6681E-01 	1.2505E+01 	7.3128E-01 	1.2505E+01 	7.3708E-01 	1.2505E+01 	6.8526E-01 	
1.2345E+01 	8.2353E-01 	1.2545E+01 	7.1791E-01 	1.2545E+01 	7.2781E-01 	1.2545E+01 	6.6100E-01 	
1.2385E+01 	7.9622E-01 	1.2585E+01 	7.0588E-01 	1.2585E+01 	7.0428E-01 	1.2585E+01 	6.4018E-01 	
1.2425E+01 	6.9118E-01 	1.2625E+01 	6.8672E-01 	1.2625E+01 	6.8164E-01 	1.2625E+01 	6.1555E-01 	
1.2465E+01 	6.9328E-01 	1.2665E+01 	6.8405E-01 	1.2665E+01 	6.6346E-01 	1.2665E+01 	5.9377E-01 	
1.2505E+01 	6.9538E-01 	1.2705E+01 	6.6889E-01 	1.2705E+01 	6.4724E-01 	1.2705E+01 	5.7697E-01 	
1.2545E+01 	5.8403E-01 	1.2745E+01 	6.5954E-01 	1.2745E+01 	6.2656E-01 	1.2745E+01 	5.4966E-01 	
1.2585E+01 	6.4496E-01 	1.2786E+01 	6.4795E-01 	1.2786E+01 	6.0160E-01 	1.2786E+01 	5.3304E-01 	
1.2625E+01 	6.4496E-01 	1.2826E+01 	6.3770E-01 	1.2826E+01 	5.7772E-01 	1.2826E+01 	5.0726E-01 	
1.2665E+01 	5.9664E-01 	1.2866E+01 	6.3725E-01 	1.2866E+01 	5.6381E-01 	1.2866E+01 	4.8950E-01 	
1.2705E+01 	6.0084E-01 	1.2906E+01 	6.2701E-01 	1.2906E+01 	5.4902E-01 	1.2906E+01 	4.7594E-01 	
1.2745E+01 	5.0000E-01 	1.2946E+01 	6.2656E-01 	1.2946E+01 	5.3476E-01 	1.2946E+01 	4.5798E-01 	
1.2786E+01 	5.9454E-01 	1.2986E+01 	6.2834E-01 	1.2986E+01 	5.2210E-01 	1.2986E+01 	4.5168E-01 	
1.2826E+01 	5.2521E-01 	1.3026E+01 	6.1854E-01 	1.3026E+01 	5.1515E-01 	1.3026E+01 	4.3697E-01 	
1.2866E+01 	4.5168E-01 	1.3066E+01 	6.2032E-01 	1.3066E+01 	5.1497E-01 	1.3066E+01 	4.2819E-01 	
1.2906E+01 	5.0840E-01 	1.3106E+01 	6.3369E-01 	1.3106E+01 	5.1515E-01 	1.3106E+01 	4.2590E-01 	
1.2946E+01 	3.9496E-01 	1.3146E+01 	6.3770E-01 	1.3146E+01 	5.1658E-01 	1.3146E+01 	4.2418E-01 	
1.2986E+01 	4.0126E-01 	1.3186E+01 	6.5196E-01 	1.3186E+01 	5.2050E-01 	1.3186E+01 	4.2972E-01 	
1.3026E+01 	3.6134E-01 	1.3226E+01 	6.6444E-01 	1.3226E+01 	5.3957E-01 	1.3226E+01 	4.4385E-01 	
1.3066E+01 	4.4958E-01 	1.3267E+01 	6.7291E-01 	1.3267E+01 	5.5722E-01 	1.3267E+01 	4.6753E-01 	
1.3106E+01 	4.4748E-01 	1.3307E+01 	6.8538E-01 	1.3307E+01 	5.8075E-01 	1.3307E+01 	4.8186E-01 	
1.3146E+01 	4.0336E-01 	1.3347E+01 	7.0009E-01 	1.3347E+01 	6.0143E-01 	1.3347E+01 	4.9981E-01 	
1.3186E+01 	4.3067E-01 	1.3387E+01 	7.1791E-01 	1.3387E+01 	6.2496E-01 	1.3387E+01 	5.2273E-01 	
1.3226E+01 	4.3277E-01 	1.3427E+01 	7.3039E-01 	1.3427E+01 	6.4920E-01 	1.3427E+01 	5.4851E-01 	
1.3267E+01 	4.2857E-01 	1.3467E+01 	7.5089E-01 	1.3467E+01 	6.7558E-01 	1.3467E+01 	5.7372E-01 	
1.3307E+01 	4.2647E-01 	1.3507E+01 	7.7807E-01 	1.3507E+01 	7.0250E-01 	1.3507E+01 	6.0561E-01 	
1.3347E+01 	4.8950E-01 	1.3547E+01 	7.7897E-01 	1.3547E+01 	7.3369E-01 	1.3547E+01 	6.3980E-01 	
1.3387E+01 	4.5588E-01 	1.3587E+01 	7.9947E-01 	1.3587E+01 	7.6328E-01 	1.3587E+01 	6.7036E-01 	
1.3427E+01 	5.5672E-01 	1.3627E+01 	8.0704E-01 	1.3627E+01 	7.9768E-01 	1.3627E+01 	7.0149E-01 	
1.3467E+01 	6.2185E-01 	1.3667E+01 	8.1506E-01 	1.3667E+01 	8.1872E-01 	1.3667E+01 	7.2288E-01 	
1.3507E+01 	6.0714E-01 	1.3707E+01 	8.2130E-01 	1.3707E+01 	8.4135E-01 	1.3707E+01 	7.3663E-01 	
1.3547E+01 	6.4496E-01 	1.3747E+01 	8.3378E-01 	1.3747E+01 	8.5847E-01 	1.3747E+01 	7.5879E-01 	
1.3587E+01 	6.5546E-01 	1.3788E+01 	8.4447E-01 	1.3788E+01 	8.7487E-01 	1.3788E+01 	7.7903E-01 	
1.3627E+01 	7.1429E-01 	1.3828E+01 	8.4982E-01 	1.3828E+01 	8.8717E-01 	1.3828E+01 	8.0004E-01 	
1.3667E+01 	7.1008E-01 	1.3868E+01 	8.4626E-01 	1.3868E+01 	8.9537E-01 	1.3868E+01 	8.2086E-01 	
1.3707E+01 	7.7941E-01 	1.3908E+01 	8.4358E-01 	1.3908E+01 	9.0374E-01 	1.3908E+01 	8.3289E-01 	
1.3747E+01 	8.0252E-01 	1.3948E+01 	8.4002E-01 	1.3948E+01 	9.0856E-01 	1.3948E+01 	8.3575E-01 	
1.3788E+01 	8.2563E-01 	1.3988E+01 	8.5027E-01 	1.3988E+01 	9.0499E-01 	1.3988E+01 	8.5065E-01 	
1.3828E+01 	7.9832E-01 	1.4028E+01 	8.4447E-01 	1.4028E+01 	9.1052E-01 	1.4028E+01 	8.5810E-01 	
1.3868E+01 	7.9202E-01 	1.4068E+01 	8.4091E-01 	1.4068E+01 	9.1319E-01 	1.4068E+01 	8.6555E-01 	
1.3908E+01 	7.7311E-01 	1.4108E+01 	8.4626E-01 	1.4108E+01 	9.1889E-01 	1.4108E+01 	8.6727E-01 	
1.3948E+01 	8.5084E-01 	1.4148E+01 	8.6542E-01 	1.4148E+01 	9.1854E-01 	1.4148E+01 	8.8273E-01 	
1.3988E+01 	8.6765E-01 	1.4188E+01 	8.6586E-01 	1.4188E+01 	9.2353E-01 	1.4188E+01 	8.8789E-01 	
1.4028E+01 	8.8655E-01 	1.4228E+01 	8.5250E-01 	1.4228E+01 	9.2620E-01 	1.4228E+01 	8.9324E-01 	
1.4068E+01 	9.4328E-01 	1.4269E+01 	8.5294E-01 	1.4269E+01 	9.2103E-01 	1.4269E+01 	8.9152E-01 	
1.4108E+01 	8.4244E-01 	1.4309E+01 	8.6586E-01 	1.4309E+01 	9.2620E-01 	1.4309E+01 	8.8942E-01 	
1.4148E+01 	8.1092E-01 	1.4349E+01 	8.7389E-01 	1.4349E+01 	9.3387E-01 	1.4349E+01 	9.0374E-01 	
1.4188E+01 	9.6639E-01 	1.4389E+01 	8.6809E-01 	1.4389E+01 	9.4100E-01 	1.4389E+01 	9.1730E-01 	
1.4228E+01 	9.0756E-01 	1.4429E+01 	8.6809E-01 	1.4429E+01 	9.4421E-01 	1.4429E+01 	9.1597E-01 	
1.4269E+01 	8.8025E-01 	1.4469E+01 	8.7255E-01 	1.4469E+01 	9.4528E-01 	1.4469E+01 	9.0814E-01 	
1.4309E+01 	8.1092E-01 	1.4509E+01 	8.7210E-01 	1.4509E+01 	9.3351E-01 	1.4509E+01 	9.0680E-01 	
1.4349E+01 	9.4328E-01 	1.4549E+01 	8.6765E-01 	1.4549E+01 	9.2567E-01 	1.4549E+01 	9.0470E-01 	
1.4389E+01 	9.0756E-01 	1.4589E+01 	8.4670E-01 	1.4589E+01 	9.2121E-01 	1.4589E+01 	8.9286E-01 	
1.4429E+01 	9.2647E-01 	1.4629E+01 	8.4581E-01 	1.4629E+01 	9.1230E-01 	1.4629E+01 	8.9076E-01 	
1.4469E+01 	8.6765E-01 	1.4669E+01 	8.5428E-01 	1.4669E+01 	9.0588E-01 	1.4669E+01 	8.7319E-01 	
1.4509E+01 	9.2017E-01 	1.4709E+01 	8.4670E-01 	1.4709E+01 	9.0481E-01 	1.4709E+01 	8.6497E-01 	
1.4549E+01 	1.0000E+00 	1.4749E+01 	8.3066E-01 	1.4749E+01 	8.8806E-01 	1.4749E+01 	8.4855E-01 	
1.4589E+01 	9.6008E-01 	1.4790E+01 	8.1595E-01 	1.4790E+01 	8.6791E-01 	1.4790E+01 	8.1952E-01 	
1.4629E+01 	9.5168E-01 	1.4830E+01 	8.1328E-01 	1.4830E+01 	8.5383E-01 	1.4830E+01 	7.9488E-01 	
1.4669E+01 	8.2143E-01 	1.4870E+01 	8.0437E-01 	1.4870E+01 	8.3458E-01 	1.4870E+01 	7.7521E-01 	
1.4709E+01 	8.6555E-01 	1.4910E+01 	7.8788E-01 	1.4910E+01 	8.1462E-01 	1.4910E+01 	7.6299E-01 	
1.4749E+01 	7.8782E-01 	1.4950E+01 	7.7451E-01 	1.4950E+01 	8.0053E-01 	1.4950E+01 	7.4905E-01 	
1.4790E+01 	8.1303E-01 	1.4990E+01 	7.5847E-01 	1.4990E+01 	7.8128E-01 	1.4990E+01 	7.3606E-01 	
1.4830E+01 	8.8445E-01 	1.5030E+01 	7.4242E-01 	1.5030E+01 	7.6346E-01 	1.5030E+01 	7.2173E-01 	
1.4870E+01 	7.3319E-01 	1.5070E+01 	7.2014E-01 	1.5070E+01 	7.3797E-01 	1.5070E+01 	6.9366E-01 	
1.4910E+01 	7.7731E-01 	1.5110E+01 	6.9964E-01 	1.5110E+01 	7.1889E-01 	1.5110E+01 	6.7399E-01 	
1.4950E+01 	7.3950E-01 	1.5150E+01 	6.7692E-01 	1.5150E+01 	7.0214E-01 	1.5150E+01 	6.4801E-01 	
1.4990E+01 	6.8067E-01 	1.5190E+01 	6.6087E-01 	1.5190E+01 	6.8895E-01 	1.5190E+01 	6.3044E-01 	
1.5030E+01 	6.8908E-01 	1.5230E+01 	6.5018E-01 	1.5230E+01 	6.6881E-01 	1.5230E+01 	6.0886E-01 	
1.5070E+01 	7.3529E-01 	1.5271E+01 	6.3102E-01 	1.5271E+01 	6.4421E-01 	1.5271E+01 	5.8766E-01 	
1.5110E+01 	6.8697E-01 	1.5311E+01 	6.1096E-01 	1.5311E+01 	6.2799E-01 	1.5311E+01 	5.6245E-01 	
1.5150E+01 	7.1218E-01 	1.5351E+01 	6.0651E-01 	1.5351E+01 	6.0624E-01 	1.5351E+01 	5.3323E-01 	
1.5190E+01 	6.4496E-01 	1.5391E+01 	5.9403E-01 	1.5391E+01 	5.8538E-01 	1.5391E+01 	5.0764E-01 	
1.5230E+01 	6.5546E-01 	1.5431E+01 	5.8957E-01 	1.5431E+01 	5.6595E-01 	1.5431E+01 	4.8071E-01 	
1.5271E+01 	5.7563E-01 	1.5471E+01 	5.7932E-01 	1.5471E+01 	5.4742E-01 	1.5471E+01 	4.5569E-01 	
1.5311E+01 	5.1681E-01 	1.5511E+01 	5.6729E-01 	1.5511E+01 	5.2977E-01 	1.5511E+01 	4.3430E-01 	
1.5351E+01 	4.9160E-01 	1.5551E+01 	5.5971E-01 	1.5551E+01 	5.0695E-01 	1.5551E+01 	4.1826E-01 	
1.5391E+01 	5.4622E-01 	1.5591E+01 	5.5437E-01 	1.5591E+01 	4.8538E-01 	1.5591E+01 	4.0928E-01 	
1.5431E+01 	4.4328E-01 	1.5631E+01 	5.4768E-01 	1.5631E+01 	4.6702E-01 	1.5631E+01 	3.9591E-01 	
1.5471E+01 	4.5588E-01 	1.5671E+01 	5.4189E-01 	1.5671E+01 	4.5775E-01 	1.5671E+01 	3.8866E-01 	
1.5511E+01 	4.5798E-01 	1.5711E+01 	5.3431E-01 	1.5711E+01 	4.5062E-01 	1.5711E+01 	3.8312E-01 	
1.5551E+01 	3.6555E-01 	1.5752E+01 	5.2050E-01 	1.5752E+01 	4.4064E-01 	1.5752E+01 	3.8388E-01 	
1.5591E+01 	4.3067E-01 	1.5792E+01 	5.1203E-01 	1.5792E+01 	4.3832E-01 	1.5792E+01 	3.9095E-01 	
1.5631E+01 	3.4874E-01 	1.5832E+01 	5.0936E-01 	1.5832E+01 	4.3797E-01 	1.5832E+01 	3.9114E-01 	
1.5671E+01 	3.8025E-01 	1.5872E+01 	5.0134E-01 	1.5872E+01 	4.4207E-01 	1.5872E+01 	3.9820E-01 	
1.5711E+01 	3.4034E-01 	1.5912E+01 	5.0713E-01 	1.5912E+01 	4.4599E-01 	1.5912E+01 	4.0183E-01 	
1.5752E+01 	3.4034E-01 	1.5952E+01 	5.0579E-01 	1.5952E+01 	4.5544E-01 	1.5952E+01 	4.1100E-01 	
1.5792E+01 	3.9286E-01 	1.5992E+01 	5.2184E-01 	1.5992E+01 	4.6720E-01 	1.5992E+01 	4.2934E-01 	
1.5832E+01 	3.9916E-01 	1.6032E+01 	5.2184E-01 	1.6032E+01 	4.7897E-01 	1.6032E+01 	4.3678E-01 	
1.5872E+01 	3.6345E-01 	1.6072E+01 	5.2273E-01 	1.6072E+01 	4.9091E-01 	1.6072E+01 	4.4595E-01 	
1.5912E+01 	3.9496E-01 	1.6112E+01 	5.3476E-01 	1.6112E+01 	5.0053E-01 	1.6112E+01 	4.6257E-01 	
1.5952E+01 	4.6639E-01 	1.6152E+01 	5.4456E-01 	1.6152E+01 	5.1141E-01 	1.6152E+01 	4.7326E-01 	
1.5992E+01 	4.4328E-01 	1.6192E+01 	5.6061E-01 	1.6192E+01 	5.2406E-01 	1.6192E+01 	4.7479E-01 	
1.6032E+01 	4.3277E-01 	1.6232E+01 	5.6595E-01 	1.6232E+01 	5.3601E-01 	1.6232E+01 	4.8300E-01 	
1.6072E+01 	4.2647E-01 	1.6273E+01 	5.7531E-01 	1.6273E+01 	5.5187E-01 	1.6273E+01 	4.9026E-01 	
1.6112E+01 	4.2017E-01 	1.6313E+01 	5.8111E-01 	1.6313E+01 	5.5900E-01 	1.6313E+01 	5.0229E-01 	
1.6152E+01 	4.4118E-01 	1.6353E+01 	5.8333E-01 	1.6353E+01 	5.6488E-01 	1.6353E+01 	5.0859E-01 	
1.6192E+01 	5.4202E-01 	1.6393E+01 	5.8289E-01 	1.6393E+01 	5.6863E-01 	1.6393E+01 	5.1642E-01 	
1.6232E+01 	4.7479E-01 	1.6433E+01 	5.6551E-01 	1.6433E+01 	5.7184E-01 	1.6433E+01 	5.1986E-01 	
1.6273E+01 	5.0000E-01 	1.6473E+01 	5.6328E-01 	1.6473E+01 	5.7041E-01 	1.6473E+01 	5.1776E-01 	
1.6313E+01 	5.4622E-01 	1.6513E+01 	5.6506E-01 	1.6513E+01 	5.6827E-01 	1.6513E+01 	5.1929E-01 	
1.6353E+01 	5.1261E-01 	1.6553E+01 	5.5570E-01 	1.6553E+01 	5.6738E-01 	1.6553E+01 	5.2005E-01 	
1.6393E+01 	4.8319E-01 	1.6593E+01 	5.5258E-01 	1.6593E+01 	5.6417E-01 	1.6593E+01 	5.2483E-01 	
1.6433E+01 	5.3361E-01 	1.6633E+01 	5.4055E-01 	1.6633E+01 	5.6292E-01 	1.6633E+01 	5.2464E-01 	
1.6473E+01 	5.1261E-01 	1.6673E+01 	5.2763E-01 	1.6673E+01 	5.6168E-01 	1.6673E+01 	5.2063E-01 	
1.6513E+01 	5.5882E-01 	1.6713E+01 	5.1738E-01 	1.6713E+01 	5.5811E-01 	1.6713E+01 	5.1853E-01 	
1.6553E+01 	4.8950E-01 	1.6754E+01 	5.1337E-01 	1.6754E+01 	5.5829E-01 	1.6754E+01 	5.1662E-01 	
1.6593E+01 	5.2731E-01 	1.6794E+01 	5.0312E-01 	1.6794E+01 	5.5633E-01 	1.6794E+01 	5.2024E-01 	
1.6633E+01 	5.7983E-01 	1.6834E+01 	5.0624E-01 	1.6834E+01 	5.5419E-01 	1.6834E+01 	5.2139E-01 	
1.6673E+01 	4.5168E-01 	1.6874E+01 	5.1604E-01 	1.6874E+01 	5.4902E-01 	1.6874E+01 	5.1241E-01 	
1.6713E+01 	5.1681E-01 	1.6914E+01 	5.1426E-01 	1.6914E+01 	5.4813E-01 	1.6914E+01 	5.2044E-01 	
1.6754E+01 	5.5462E-01 	1.6954E+01 	5.0891E-01 	1.6954E+01 	5.5152E-01 	1.6954E+01 	5.2120E-01 	
1.6794E+01 	5.6513E-01 	1.6994E+01 	5.1248E-01 	1.6994E+01 	5.5811E-01 	1.6994E+01 	5.1757E-01 	
1.6834E+01 	4.8109E-01 	1.7034E+01 	4.9287E-01 	1.7034E+01 	5.5401E-01 	1.7034E+01 	5.1432E-01 	
1.6874E+01 	4.8950E-01 	1.7074E+01 	5.0089E-01 	1.7074E+01 	5.5152E-01 	1.7074E+01 	5.1509E-01 	
1.6914E+01 	4.8950E-01 	1.7114E+01 	4.9287E-01 	1.7114E+01 	5.4171E-01 	1.7114E+01 	5.1814E-01 	
1.6954E+01 	5.3782E-01 	1.7154E+01 	4.9198E-01 	1.7154E+01 	5.3619E-01 	1.7154E+01 	5.2196E-01 	
1.6994E+01 	5.2941E-01 	1.7194E+01 	4.8307E-01 	1.7194E+01 	5.2709E-01 	1.7194E+01 	5.1853E-01 	
1.7034E+01 	5.3992E-01 	1.7234E+01 	4.8930E-01 	1.7234E+01 	5.1889E-01 	1.7234E+01 	5.1337E-01 	
1.7074E+01 	4.8109E-01 	1.7275E+01 	4.8440E-01 	1.7275E+01 	5.1390E-01 	1.7275E+01 	5.0477E-01 	
1.7114E+01 	5.3992E-01 	1.7315E+01 	4.6480E-01 	1.7315E+01 	5.1087E-01 	1.7315E+01 	5.0477E-01 	
1.7154E+01 	5.2521E-01 	1.7355E+01 	4.6257E-01 	1.7355E+01 	5.0660E-01 	1.7355E+01 	4.9809E-01 	
1.7194E+01 	5.1471E-01 	1.7395E+01 	4.5900E-01 	1.7395E+01 	5.0089E-01 	1.7395E+01 	4.9427E-01 	
1.7234E+01 	5.2941E-01 	1.7435E+01 	4.4385E-01 	1.7435E+01 	4.8645E-01 	1.7435E+01 	4.8568E-01 	
1.7275E+01 	4.8950E-01 	1.7475E+01 	4.4831E-01 	1.7475E+01 	4.7237E-01 	1.7475E+01 	4.7708E-01 	
1.7315E+01 	5.2311E-01 	1.7515E+01 	4.3538E-01 	1.7515E+01 	4.6381E-01 	1.7515E+01 	4.6944E-01 	
1.7355E+01 	5.3151E-01 	1.7555E+01 	4.3672E-01 	1.7555E+01 	4.5722E-01 	1.7555E+01 	4.5455E-01 	
1.7395E+01 	5.0000E-01 	1.7595E+01 	4.2870E-01 	1.7595E+01 	4.4777E-01 	1.7595E+01 	4.4290E-01 	
1.7435E+01 	4.7269E-01 	1.7635E+01 	4.2736E-01 	1.7635E+01 	4.3904E-01 	1.7635E+01 	4.3717E-01 	
1.7475E+01 	4.4538E-01 	1.7675E+01 	4.1399E-01 	1.7675E+01 	4.2763E-01 	1.7675E+01 	4.2876E-01 	
1.7515E+01 	4.8109E-01 	1.7715E+01 	4.0107E-01 	1.7715E+01 	4.1693E-01 	1.7715E+01 	4.2322E-01 	
1.7555E+01 	4.6639E-01 	1.7756E+01 	3.9572E-01 	1.7756E+01 	4.0891E-01 	1.7756E+01 	4.1692E-01 	
1.7595E+01 	4.8319E-01 	1.7796E+01 	3.8904E-01 	1.7796E+01 	3.9394E-01 	1.7796E+01 	4.0890E-01 	
1.7635E+01 	4.2017E-01 	1.7836E+01 	3.7923E-01 	1.7836E+01 	3.7986E-01 	1.7836E+01 	3.9190E-01 	
1.7675E+01 	4.3487E-01 	1.7876E+01 	3.7121E-01 	1.7876E+01 	3.7291E-01 	1.7876E+01 	3.8083E-01 	
1.7715E+01 	4.0546E-01 	1.7916E+01 	3.6943E-01 	1.7916E+01 	3.7611E-01 	1.7916E+01 	3.7147E-01 	
1.7756E+01 	3.5924E-01 	1.7956E+01 	3.6319E-01 	1.7956E+01 	3.6684E-01 	1.7956E+01 	3.6058E-01 	
1.7796E+01 	4.0336E-01 	1.7996E+01 	3.5651E-01 	1.7996E+01 	3.6132E-01 	1.7996E+01 	3.5160E-01 	
1.7836E+01 	4.3697E-01 	1.8036E+01 	3.4982E-01 	1.8036E+01 	3.5027E-01 	1.8036E+01 	3.3976E-01 	
1.7876E+01 	3.8025E-01 	1.8076E+01 	3.3601E-01 	1.8076E+01 	3.4314E-01 	1.8076E+01 	3.2277E-01 	
1.7916E+01 	3.8445E-01 	1.8116E+01 	3.3601E-01 	1.8116E+01 	3.3975E-01 	1.8116E+01 	3.1436E-01 	
1.7956E+01 	4.1176E-01 	1.8156E+01 	3.3868E-01 	1.8156E+01 	3.3137E-01 	1.8156E+01 	3.0787E-01 	
1.7996E+01 	3.7815E-01 	1.8196E+01 	3.3601E-01 	1.8196E+01 	3.2389E-01 	1.8196E+01 	2.9297E-01 	
1.8036E+01 	2.9622E-01 	1.8236E+01 	3.2620E-01 	1.8236E+01 	3.2299E-01 	1.8236E+01 	2.7979E-01 	
1.8076E+01 	2.9832E-01 	1.8277E+01 	3.1774E-01 	1.8277E+01 	3.1658E-01 	1.8277E+01 	2.7731E-01 	
1.8116E+01 	3.3193E-01 	1.8317E+01 	3.1239E-01 	1.8317E+01 	3.1034E-01 	1.8317E+01 	2.7235E-01 	
1.8156E+01 	2.8571E-01 	1.8357E+01 	3.0437E-01 	1.8357E+01 	3.0428E-01 	1.8357E+01 	2.7024E-01 	
1.8196E+01 	2.6050E-01 	1.8397E+01 	3.0214E-01 	1.8397E+01 	3.0766E-01 	1.8397E+01 	2.6891E-01 	
1.8236E+01 	2.7311E-01 	1.8437E+01 	3.0392E-01 	1.8437E+01 	3.0250E-01 	1.8437E+01 	2.7464E-01 	
1.8277E+01 	2.5000E-01 	1.8477E+01 	3.0882E-01 	1.8477E+01 	3.0392E-01 	1.8477E+01 	2.7483E-01 	
1.8317E+01 	2.8782E-01 	1.8517E+01 	3.1016E-01 	1.8517E+01 	3.0838E-01 	1.8517E+01 	2.8037E-01 	
1.8357E+01 	3.1303E-01 	1.8557E+01 	3.0749E-01 	1.8557E+01 	3.0998E-01 	1.8557E+01 	2.7827E-01 	
1.8397E+01 	2.4790E-01 	1.8597E+01 	3.0615E-01 	1.8597E+01 	3.1194E-01 	1.8597E+01 	2.8113E-01 	
1.8437E+01 	2.3319E-01 	1.8637E+01 	3.0570E-01 	1.8637E+01 	3.1052E-01 	1.8637E+01 	2.9049E-01 	
1.8477E+01 	2.6891E-01 	1.8677E+01 	3.1061E-01 	1.8677E+01 	3.1711E-01 	1.8677E+01 	2.9469E-01 	
1.8517E+01 	2.4370E-01 	1.8717E+01 	3.2487E-01 	1.8717E+01 	3.2585E-01 	1.8717E+01 	2.9832E-01 	
1.8557E+01 	3.0882E-01 	1.8758E+01 	3.3289E-01 	1.8758E+01 	3.3262E-01 	1.8758E+01 	3.0386E-01 	
1.8597E+01 	2.7101E-01 	1.8798E+01 	3.3913E-01 	1.8798E+01 	3.3779E-01 	1.8798E+01 	3.0539E-01 	
1.8637E+01 	3.2353E-01 	1.8838E+01 	3.3467E-01 	1.8838E+01 	3.3476E-01 	1.8838E+01 	3.0921E-01 	
1.8677E+01 	2.7521E-01 	1.8878E+01 	3.3734E-01 	1.8878E+01 	3.4456E-01 	1.8878E+01 	3.0901E-01 	
1.8717E+01 	3.1092E-01 	1.8918E+01 	3.3913E-01 	1.8918E+01 	3.4724E-01 	1.8918E+01 	3.1570E-01 	
1.8758E+01 	2.6471E-01 	1.8958E+01 	3.3690E-01 	1.8958E+01 	3.4510E-01 	1.8958E+01 	3.1761E-01 	
1.8798E+01 	3.4454E-01 	1.8998E+01 	3.3021E-01 	1.8998E+01 	3.4759E-01 	1.8998E+01 	3.2162E-01 	
1.8838E+01 	3.5084E-01 	1.9038E+01 	3.2531E-01 	1.9038E+01 	3.5098E-01 	1.9038E+01 	3.1837E-01 	
1.8878E+01 	2.7941E-01 	1.9078E+01 	3.2219E-01 	1.9078E+01 	3.5722E-01 	1.9078E+01 	3.1914E-01 	
1.8918E+01 	3.0882E-01 	1.9118E+01 	3.1774E-01 	1.9118E+01 	3.4724E-01 	1.9118E+01 	3.2544E-01 	
1.8958E+01 	3.0462E-01 	1.9158E+01 	3.1328E-01 	1.9158E+01 	3.4207E-01 	1.9158E+01 	3.2410E-01 	
1.8998E+01 	3.2563E-01 	1.9198E+01 	3.1061E-01 	1.9198E+01 	3.3904E-01 	1.9198E+01 	3.2296E-01 	
1.9038E+01 	3.1303E-01 	1.9238E+01 	3.0660E-01 	1.9238E+01 	3.3458E-01 	1.9238E+01 	3.2257E-01 	
1.9078E+01 	3.2143E-01 	1.9279E+01 	3.0660E-01 	1.9279E+01 	3.3369E-01 	1.9279E+01 	3.2601E-01 	
1.9118E+01 	3.4874E-01 	1.9319E+01 	2.9724E-01 	1.9319E+01 	3.2852E-01 	1.9319E+01 	3.2315E-01 	
1.9158E+01 	3.3193E-01 	1.9359E+01 	2.8743E-01 	1.9359E+01 	3.2460E-01 	1.9359E+01 	3.2143E-01 	
1.9198E+01 	3.0882E-01 	1.9399E+01 	2.8922E-01 	1.9399E+01 	3.2175E-01 	1.9399E+01 	3.2066E-01 	
1.9238E+01 	3.0882E-01 	1.9439E+01 	2.9278E-01 	1.9439E+01 	3.2068E-01 	1.9439E+01 	3.2219E-01 	
1.9279E+01 	3.5924E-01 	1.9479E+01 	2.9501E-01 	1.9479E+01 	3.1943E-01 	1.9479E+01 	3.2391E-01 	
1.9319E+01 	3.4874E-01 	1.9519E+01 	2.9011E-01 	1.9519E+01 	3.1373E-01 	1.9519E+01 	3.2620E-01 	
1.9359E+01 	2.9412E-01 	1.9559E+01 	2.9234E-01 	1.9559E+01 	3.2157E-01 	1.9559E+01 	3.1895E-01 	
1.9399E+01 	2.9202E-01 	1.9599E+01 	2.8654E-01 	1.9599E+01 	3.2157E-01 	1.9599E+01 	3.1914E-01 	
1.9439E+01 	3.2143E-01 	1.9639E+01 	2.7986E-01 	1.9639E+01 	3.1783E-01 	1.9639E+01 	3.1914E-01 	
1.9479E+01 	3.5084E-01 	1.9679E+01 	2.7451E-01 	1.9679E+01 	3.1266E-01 	1.9679E+01 	3.1283E-01 	
1.9519E+01 	2.8992E-01 	1.9719E+01 	2.7050E-01 	1.9719E+01 	3.1034E-01 	1.9719E+01 	3.0787E-01 	
1.9559E+01 	3.2983E-01 	1.9760E+01 	2.6292E-01 	1.9760E+01 	3.0909E-01 	1.9760E+01 	3.0519E-01 	
1.9599E+01 	3.2353E-01 	1.9800E+01 	2.5758E-01 	1.9800E+01 	3.0820E-01 	1.9800E+01 	2.9889E-01 	
1.9639E+01 	3.2563E-01 							
1.9679E+01 	3.2773E-01 							
1.9719E+01 	3.8445E-01 							
1.9760E+01 	2.6891E-01 							
1.9800E+01 	2.9622E-01 							
1.9840E+01 	2.9202E-01 							
1.9880E+01 	2.5210E-01 							
1.9920E+01 	2.9622E-01 							
1.9960E+01 	2.6050E-01 							
2.0000E+01 	2.6050E-01 							
