1.2088E+00 	6.8877E+06 	0.0000E+00 	-4.5573E-04 	
1.2088E+00 	6.8870E+06 	1.6694E-03 	6.2945E-03 	
1.1874E+00 	6.8883E+06 	3.3389E-03 	2.0783E-02 	
1.1756E+00 	6.8832E+06 	5.0083E-03 	3.2143E-02 	
1.1634E+00 	6.8857E+06 	6.6778E-03 	4.2186E-02 	
1.1553E+00 	6.8836E+06 	8.3472E-03 	5.3053E-02 	
1.1479E+00 	6.8806E+06 	1.0017E-02 	6.1449E-02 	
1.1372E+00 	6.8833E+06 	1.1686E-02 	6.9352E-02 	
1.1291E+00 	6.8891E+06 	1.3356E-02 	7.8901E-02 	
1.1209E+00 	6.8911E+06 	1.5025E-02 	8.6310E-02 	
1.1107E+00 	6.8907E+06 	1.6694E-02 	9.4048E-02 	
1.1025E+00 	6.8865E+06 	1.8364E-02 	1.0442E-01 	
1.0947E+00 	6.8910E+06 	2.0033E-02 	1.1150E-01 	
1.0845E+00 	6.8896E+06 	2.1703E-02 	1.1907E-01 	
1.0770E+00 	6.8908E+06 	2.3372E-02 	1.2928E-01 	
1.0687E+00 	6.8895E+06 	2.5042E-02 	1.3702E-01 	
1.0592E+00 	6.8946E+06 	2.6711E-02 	1.4443E-01 	
1.0516E+00 	6.8933E+06 	2.8381E-02 	1.5447E-01 	
1.0435E+00 	6.8907E+06 	3.0050E-02 	1.6188E-01 	
1.0330E+00 	6.8920E+06 	3.1720E-02 	1.6945E-01 	
1.0256E+00 	6.8960E+06 	3.3389E-02 	1.7950E-01 	
1.0174E+00 	6.8963E+06 	3.5058E-02 	1.8723E-01 	
1.0080E+00 	6.8941E+06 	3.6728E-02 	1.9464E-01 	
9.9973E-01 	6.8973E+06 	3.8397E-02 	2.0436E-01 	
9.9216E-01 	6.8991E+06 	4.0067E-02 	2.1193E-01 	
9.8113E-01 	6.8959E+06 	4.1736E-02 	2.1983E-01 	
9.7421E-01 	6.8983E+06 	4.3406E-02 	2.2971E-01 	
9.6664E-01 	6.8898E+06 	4.5075E-02 	2.3761E-01 	
9.5627E-01 	6.8929E+06 	4.6745E-02 	2.4519E-01 	
9.4837E-01 	6.8883E+06 	4.8414E-02 	2.5457E-01 	
9.4046E-01 	6.9056E+06 	5.0083E-02 	2.6215E-01 	
9.3141E-01 	6.9042E+06 	5.1753E-02 	2.6988E-01 	
9.2318E-01 	6.9024E+06 	5.3422E-02 	2.8009E-01 	
9.1527E-01 	6.8951E+06 	5.5092E-02 	2.8717E-01 	
9.0622E-01 	6.9107E+06 	5.6761E-02 	2.9458E-01 	
8.9766E-01 	6.9028E+06 	5.8431E-02 	3.0495E-01 	
8.8992E-01 	6.9094E+06 	6.0100E-02 	3.1253E-01 	
8.8053E-01 	6.9030E+06 	6.1770E-02 	3.2026E-01 	
8.7296E-01 	6.9031E+06 	6.3439E-02 	3.2981E-01 	
8.6424E-01 	6.8972E+06 	6.5109E-02 	3.3755E-01 	
8.5502E-01 	6.9047E+06 	6.6778E-02 	3.4447E-01 	
8.4761E-01 	6.9050E+06 	6.8447E-02 	3.5500E-01 	
8.3937E-01 	6.9004E+06 	7.0117E-02 	3.6208E-01 	
8.2917E-01 	6.9059E+06 	7.1786E-02 	3.7015E-01 	
8.2225E-01 	6.9120E+06 	7.3456E-02 	3.8019E-01 	
8.1369E-01 	6.9115E+06 	7.5125E-02 	3.8744E-01 	
8.0348E-01 	6.9071E+06 	7.6795E-02 	3.9518E-01 	
7.9640E-01 	6.9101E+06 	7.8464E-02 	4.0489E-01 	
7.8916E-01 	6.9167E+06 	8.0134E-02 	4.1230E-01 	
7.7862E-01 	6.9116E+06 	8.1803E-02 	4.2020E-01 	
7.7171E-01 	6.9153E+06 	8.3472E-02 	4.3008E-01 	
7.6282E-01 	6.9174E+06 	8.5142E-02 	4.3749E-01 	
7.5360E-01 	6.9117E+06 	8.6811E-02 	4.4539E-01 	
7.4553E-01 	6.9138E+06 	8.8481E-02 	4.5510E-01 	
7.3829E-01 	6.9127E+06 	9.0150E-02 	4.6185E-01 	
7.2890E-01 	6.9121E+06 	9.1820E-02 	4.7058E-01 	
7.2034E-01 	6.9131E+06 	9.3489E-02 	4.8029E-01 	
7.1277E-01 	6.9131E+06 	9.5159E-02 	4.8770E-01 	
7.0289E-01 	6.9203E+06 	9.6828E-02 	4.9561E-01 	
6.9515E-01 	6.9195E+06 	9.8497E-02 	5.0483E-01 	
6.8675E-01 	6.9182E+06 	1.0017E-01 	5.1223E-01 	
6.7770E-01 	6.9188E+06 	1.0184E-01 	5.2063E-01 	
6.6930E-01 	6.9212E+06 	1.0351E-01 	5.2969E-01 	
6.6206E-01 	6.9191E+06 	1.0518E-01 	5.3775E-01 	
6.5185E-01 	6.9197E+06 	1.0684E-01 	5.4533E-01 	
6.4428E-01 	6.9198E+06 	1.0851E-01 	5.5488E-01 	
6.3637E-01 	6.9172E+06 	1.1018E-01 	5.6311E-01 	
6.2699E-01 	6.9206E+06 	1.1185E-01 	5.7035E-01 	
6.1925E-01 	6.9237E+06 	1.1352E-01 	5.8040E-01 	
6.1151E-01 	6.9183E+06 	1.1519E-01 	5.8715E-01 	
6.0147E-01 	6.9201E+06 	1.1686E-01 	5.9538E-01 	
5.9406E-01 	6.9244E+06 	1.1853E-01 	6.0526E-01 	
5.8649E-01 	6.9252E+06 	1.2020E-01 	6.1250E-01 	
5.7595E-01 	6.9265E+06 	1.2187E-01 	6.2057E-01 	
5.6838E-01 	6.9249E+06 	1.2354E-01 	6.3012E-01 	
5.6064E-01 	6.9275E+06 	1.2521E-01 	6.3769E-01 	
5.5109E-01 	6.9302E+06 	1.2688E-01 	6.4576E-01 	
5.4335E-01 	6.9261E+06 	1.2855E-01 	6.5498E-01 	
5.3561E-01 	6.9305E+06 	1.3022E-01 	6.6272E-01 	
5.2541E-01 	6.9287E+06 	1.3189E-01 	6.7062E-01 	
5.1767E-01 	6.9341E+06 	1.3356E-01 	6.7984E-01 	
5.1075E-01 	6.9359E+06 	1.3523E-01 	6.8856E-01 	
5.0071E-01 	6.9298E+06 	1.3689E-01 	6.9614E-01 	
4.9264E-01 	6.9302E+06 	1.3856E-01 	7.0536E-01 	
4.8556E-01 	6.9351E+06 	1.4023E-01 	7.1260E-01 	
4.7536E-01 	6.9349E+06 	1.4190E-01 	7.2100E-01 	
4.6712E-01 	6.9415E+06 	1.4357E-01 	7.3071E-01 	
4.5906E-01 	6.9399E+06 	1.4524E-01 	7.3812E-01 	
4.5017E-01 	6.9410E+06 	1.4691E-01 	7.4537E-01 	
4.4226E-01 	6.9404E+06 	1.4858E-01 	7.5541E-01 	
4.3452E-01 	6.9386E+06 	1.5025E-01 	7.6315E-01 	
4.2530E-01 	6.9347E+06 	1.5192E-01 	7.7056E-01 	
4.1724E-01 	6.9297E+06 	1.5359E-01 	7.8043E-01 	
4.0901E-01 	6.9457E+06 	1.5526E-01 	7.8850E-01 	
3.9979E-01 	6.9420E+06 	1.5693E-01 	7.9887E-01 	
3.9188E-01 	6.9452E+06 	1.5860E-01 	8.0595E-01 	
3.8414E-01 	6.9374E+06 	1.6027E-01 	8.1320E-01 	
3.7394E-01 	6.9408E+06 	1.6194E-01 	8.2061E-01 	
3.6702E-01 	6.9405E+06 	1.6361E-01 	8.3015E-01 	
3.5928E-01 	6.9419E+06 	1.6528E-01 	8.3822E-01 	
3.4858E-01 	6.9431E+06 	1.6694E-01 	8.4876E-01 	
3.4117E-01 	6.9452E+06 	1.6861E-01 	8.5600E-01 	
3.3360E-01 	6.9468E+06 	1.7028E-01 	8.6292E-01 	
3.2372E-01 	6.9366E+06 	1.7195E-01 	8.7082E-01 	
3.1615E-01 	6.9547E+06 	1.7362E-01 	8.8053E-01 	
3.0594E-01 	6.9441E+06 	1.7529E-01 	8.8844E-01 	
2.9886E-01 	6.9444E+06 	1.7696E-01 	8.9865E-01 	
2.9079E-01 	6.9405E+06 	1.7863E-01 	9.0523E-01 	
2.8322E-01 	6.9554E+06 	1.8030E-01 	9.1330E-01 	
2.7301E-01 	6.9492E+06 	1.8197E-01 	9.2071E-01 	
2.6610E-01 	6.9451E+06 	1.8364E-01 	9.3009E-01 	
2.5573E-01 	6.9477E+06 	1.8531E-01 	9.3816E-01 	
2.4766E-01 	6.9413E+06 	1.8698E-01 	9.4820E-01 	
2.4074E-01 	6.9499E+06 	1.8865E-01 	9.5545E-01 	
2.3268E-01 	6.9489E+06 	1.9032E-01 	9.6285E-01 	
2.2296E-01 	6.9465E+06 	1.9199E-01 	9.7092E-01 	
2.1539E-01 	6.9533E+06 	1.9366E-01 	9.8014E-01 	
2.0469E-01 	6.9416E+06 	1.9533E-01 	9.8837E-01 	
1.9728E-01 	6.9507E+06 	1.9699E-01 	9.9842E-01 	
1.9135E-01 	6.9407E+06 	1.9866E-01 	1.0057E+00 	
1.8262E-01 	6.9472E+06 	2.0033E-01 	1.0129E+00 	
1.7258E-01 	6.9512E+06 	2.0200E-01 	1.0228E+00 	
1.6484E-01 	6.9485E+06 	2.0367E-01 	1.0307E+00 	
1.5497E-01 	6.9508E+06 	2.0534E-01 	1.0381E+00 	
1.4789E-01 	6.9540E+06 	2.0701E-01 	1.0478E+00 	
1.3982E-01 	6.9573E+06 	2.0868E-01 	1.0551E+00 	
1.2912E-01 	6.9537E+06 	2.1035E-01 	1.0633E+00 	
1.2204E-01 	6.9498E+06 	2.1202E-01 	1.0730E+00 	
1.1397E-01 	6.9510E+06 	2.1369E-01 	1.0806E+00 	
1.0442E-01 	6.9583E+06 	2.1536E-01 	1.0880E+00 	
9.7012E-02 	6.9595E+06 	2.1703E-01 	1.0975E+00 	
8.8780E-02 	6.9614E+06 	2.1870E-01 	1.1059E+00 	
7.8901E-02 	6.9654E+06 	2.2037E-01 	1.1128E+00 	
7.1492E-02 	6.9608E+06 	2.2204E-01 	1.1232E+00 	
6.4413E-02 	6.9626E+06 	2.2371E-01 	1.1308E+00 	
5.3711E-02 	6.9609E+06 	2.2538E-01 	1.1384E+00 	
4.6632E-02 	6.9644E+06 	2.2705E-01 	1.1477E+00 	
3.8399E-02 	6.9598E+06 	2.2871E-01 	1.1552E+00 	
2.8850E-02 	6.9632E+06 	2.3038E-01 	1.1634E+00 	
2.1606E-02 	6.9649E+06 	2.3205E-01 	1.1726E+00 	
1.3209E-02 	6.9644E+06 	2.3372E-01 	1.1808E+00 	
3.6603E-03 	6.9672E+06 	2.3539E-01 	1.1881E+00 	
-3.9132E-03 	6.9643E+06 	2.3706E-01 	1.1973E+00 	
-1.1651E-02 	6.9659E+06 	2.3873E-01 	1.2054E+00 	
-2.1859E-02 	6.9671E+06 	2.4040E-01 	1.1922E+00 	
-2.9268E-02 	6.9581E+06 	2.4207E-01 	1.1743E+00 	
-3.7171E-02 	6.9563E+06 	2.4374E-01 	1.1637E+00 	
-4.6884E-02 	6.9568E+06 	2.4541E-01 	1.1548E+00 	
-5.4623E-02 	6.9551E+06 	2.4708E-01 	1.1440E+00 	
-6.2196E-02 	6.9494E+06 	2.4875E-01 	1.1362E+00 	
-7.1910E-02 	6.9469E+06 	2.5042E-01 	1.1285E+00 	
-7.9319E-02 	6.9373E+06 	2.5209E-01 	1.1184E+00 	
-8.7057E-02 	6.9330E+06 	2.5376E-01 	1.1100E+00 	
-9.7265E-02 	6.9241E+06 	2.5543E-01 	1.1021E+00 	
-1.0484E-01 	6.9257E+06 	2.5710E-01 	1.0916E+00 	
-1.1258E-01 	6.9184E+06 	2.5876E-01 	1.0844E+00 	
-1.2245E-01 	6.9219E+06 	2.6043E-01 	1.0765E+00 	
-1.2970E-01 	6.9294E+06 	2.6210E-01 	1.0661E+00 	
-1.3793E-01 	6.9283E+06 	2.6377E-01 	1.0587E+00 	
-1.4732E-01 	6.9400E+06 	2.6544E-01 	1.0508E+00 	
-1.5505E-01 	6.9360E+06 	2.6711E-01 	1.0412E+00 	
-1.6263E-01 	6.9363E+06 	2.6878E-01 	1.0330E+00 	
-1.7283E-01 	6.9509E+06 	2.7045E-01 	1.0254E+00 	
-1.8057E-01 	6.9536E+06 	2.7212E-01 	1.0154E+00 	
-1.8815E-01 	6.9595E+06 	2.7379E-01 	1.0080E+00 	
-1.9786E-01 	6.9587E+06 	2.7546E-01 	9.9940E-01 	
-2.0560E-01 	6.9675E+06 	2.7713E-01 	9.8969E-01 	
-2.1284E-01 	6.9668E+06 	2.7880E-01 	9.8212E-01 	
-2.2321E-01 	6.9647E+06 	2.8047E-01 	9.7454E-01 	
-2.3079E-01 	6.9692E+06 	2.8214E-01 	9.6401E-01 	
-2.3803E-01 	6.9753E+06 	2.8381E-01 	9.5643E-01 	
-2.4840E-01 	6.9785E+06 	2.8548E-01 	9.4903E-01 	
-2.5614E-01 	6.9753E+06 	2.8715E-01 	9.3898E-01 	
-2.6405E-01 	6.9786E+06 	2.8881E-01 	9.3157E-01 	
-2.7359E-01 	6.9723E+06 	2.9048E-01 	9.2367E-01 	
-2.8100E-01 	6.9712E+06 	2.9215E-01 	9.1313E-01 	
-2.8825E-01 	6.9797E+06 	2.9382E-01 	9.0622E-01 	
-2.9862E-01 	6.9726E+06 	2.9549E-01 	8.9914E-01 	
-3.0619E-01 	6.9750E+06 	2.9716E-01 	8.8860E-01 	
-3.1410E-01 	6.9712E+06 	2.9883E-01 	8.8086E-01 	
-3.2414E-01 	6.9701E+06 	3.0050E-01 	8.7280E-01 	
-3.3188E-01 	6.9778E+06 	3.0217E-01 	8.6308E-01 	
-3.3929E-01 	6.9739E+06 	3.0384E-01 	8.5567E-01 	
-3.4900E-01 	6.9713E+06 	3.0551E-01 	8.4810E-01 	
-3.5674E-01 	6.9693E+06 	3.0718E-01 	8.3822E-01 	
-3.6398E-01 	6.9680E+06 	3.0885E-01 	8.2999E-01 	
-3.7370E-01 	6.9671E+06 	3.1052E-01 	8.2258E-01 	
-3.8143E-01 	6.9740E+06 	3.1219E-01 	8.1270E-01 	
-3.8901E-01 	6.9681E+06 	3.1386E-01 	8.0579E-01 	
-3.9955E-01 	6.9738E+06 	3.1553E-01 	7.9690E-01 	
-4.0695E-01 	6.9672E+06 	3.1720E-01 	7.8735E-01 	
-4.1453E-01 	6.9635E+06 	3.1886E-01 	7.8076E-01 	
-4.2424E-01 	6.9720E+06 	3.2053E-01 	7.7138E-01 	
-4.3149E-01 	6.9708E+06 	3.2220E-01 	7.6249E-01 	
-4.3922E-01 	6.9745E+06 	3.2387E-01 	7.5475E-01 	
-4.4993E-01 	6.9687E+06 	3.2554E-01 	7.4668E-01 	
-4.5733E-01 	6.9675E+06 	3.2721E-01 	7.3763E-01 	
-4.6474E-01 	6.9674E+06 	3.2888E-01 	7.2972E-01 	
-4.7512E-01 	6.9737E+06 	3.3055E-01 	7.2199E-01 	
-4.8220E-01 	6.9794E+06 	3.3222E-01 	7.1178E-01 	
-4.8993E-01 	6.9774E+06 	3.3389E-01 	7.0437E-01 	
-4.9998E-01 	6.9633E+06 	3.3556E-01 	6.9696E-01 	
-5.0755E-01 	6.9768E+06 	3.3723E-01 	6.8675E-01 	
-5.1512E-01 	6.9730E+06 	3.3890E-01 	6.7951E-01 	
-5.2550E-01 	6.9778E+06 	3.4057E-01 	6.7128E-01 	
-5.3258E-01 	6.9752E+06 	3.4224E-01 	6.6140E-01 	
-5.4031E-01 	6.9796E+06 	3.4391E-01 	6.5350E-01 	
-5.5052E-01 	6.9770E+06 	3.4558E-01 	6.4625E-01 	
-5.5793E-01 	6.9804E+06 	3.4725E-01 	6.3637E-01 	
-5.6600E-01 	6.9770E+06 	3.4891E-01 	6.2880E-01 	
-5.7571E-01 	6.9736E+06 	3.5058E-01 	6.2106E-01 	
-5.8312E-01 	6.9788E+06 	3.5225E-01 	6.1151E-01 	
-5.9053E-01 	6.9729E+06 	3.5392E-01 	6.0410E-01 	
-6.0107E-01 	6.9718E+06 	3.5559E-01 	5.9637E-01 	
-6.0798E-01 	6.9715E+06 	3.5726E-01 	5.8649E-01 	
-6.1588E-01 	6.9739E+06 	3.5893E-01 	5.7793E-01 	
-6.2576E-01 	6.9761E+06 	3.6060E-01 	5.7085E-01 	
-6.3350E-01 	6.9738E+06 	3.6227E-01 	5.6097E-01 	
-6.4107E-01 	6.9783E+06 	3.6394E-01 	5.5323E-01 	
-6.5112E-01 	6.9733E+06 	3.6561E-01 	5.4582E-01 	
-6.5853E-01 	6.9781E+06 	3.6728E-01 	5.3611E-01 	
-6.6626E-01 	6.9763E+06 	3.6895E-01 	5.2886E-01 	
-6.7631E-01 	6.9809E+06 	3.7062E-01 	5.2096E-01 	
-6.8355E-01 	6.9731E+06 	3.7229E-01 	5.1092E-01 	
-6.9162E-01 	6.9791E+06 	3.7396E-01 	5.0285E-01 	
-7.0117E-01 	6.9748E+06 	3.7563E-01 	4.9264E-01 	
-7.0874E-01 	6.9744E+06 	3.7730E-01 	4.8573E-01 	
-7.1632E-01 	6.9712E+06 	3.7896E-01 	4.7815E-01 	
-7.2652E-01 	6.9737E+06 	3.8063E-01 	4.7025E-01 	
-7.3393E-01 	6.9728E+06 	3.8230E-01 	4.6070E-01 	
-7.4167E-01 	6.9688E+06 	3.8397E-01 	4.5313E-01 	
-7.5155E-01 	6.9802E+06 	3.8564E-01 	4.4309E-01 	
-7.5896E-01 	6.9720E+06 	3.8731E-01 	4.3568E-01 	
-7.6719E-01 	6.9751E+06 	3.8898E-01 	4.2761E-01 	
-7.7657E-01 	6.9716E+06 	3.9065E-01 	4.2086E-01 	
-7.8415E-01 	6.9750E+06 	3.9232E-01 	4.1032E-01 	
-7.9419E-01 	6.9768E+06 	3.9399E-01 	4.0291E-01 	
-8.0160E-01 	6.9692E+06 	3.9566E-01 	3.9320E-01 	
-8.0967E-01 	6.9707E+06 	3.9733E-01 	3.8546E-01 	
-8.1757E-01 	6.9693E+06 	3.9900E-01 	3.7723E-01 	
-8.2679E-01 	6.9714E+06 	4.0067E-01 	3.7097E-01 	
-8.3453E-01 	6.9662E+06 	4.0234E-01 	3.6077E-01 	
-8.4457E-01 	6.9677E+06 	4.0401E-01 	3.5253E-01 	
-8.5165E-01 	6.9703E+06 	4.0568E-01 	3.4266E-01 	
-8.5939E-01 	6.9687E+06 	4.0735E-01 	3.3541E-01 	
-8.6729E-01 	6.9693E+06 	4.0902E-01 	3.2767E-01 	
-8.7651E-01 	6.9649E+06 	4.1068E-01 	3.2010E-01 	
-8.8474E-01 	6.9658E+06 	4.1235E-01 	3.1039E-01 	
-8.9495E-01 	6.9625E+06 	4.1402E-01 	3.0331E-01 	
-9.0220E-01 	6.9658E+06 	4.1569E-01 	2.9228E-01 	
-9.1026E-01 	6.9649E+06 	4.1736E-01 	2.8536E-01 	
-9.1784E-01 	6.9704E+06 	4.1903E-01 	2.7779E-01 	
-9.2706E-01 	6.9607E+06 	4.2070E-01 	2.6758E-01 	
-9.3479E-01 	6.9656E+06 	4.2237E-01 	2.6017E-01 	
-9.4550E-01 	6.9606E+06 	4.2404E-01 	2.5260E-01 	
-9.5225E-01 	6.9634E+06 	4.2571E-01 	2.4255E-01 	
-9.5998E-01 	6.9628E+06 	4.2738E-01 	2.3498E-01 	
-9.7069E-01 	6.9603E+06 	4.2905E-01 	2.2741E-01 	
-9.7744E-01 	6.9618E+06 	4.3072E-01 	2.1769E-01 	
-9.8485E-01 	6.9596E+06 	4.3239E-01 	2.0963E-01 	
-9.9538E-01 	6.9536E+06 	4.3406E-01 	2.0189E-01 	
-1.0028E+00 	6.9570E+06 	4.3573E-01 	1.9234E-01 	
-1.0099E+00 	6.9576E+06 	4.3740E-01 	1.8509E-01 	
-1.0206E+00 	6.9539E+06 	4.3907E-01 	1.7736E-01 	
-1.0281E+00 	6.9515E+06 	4.4073E-01 	1.6715E-01 	
-1.0352E+00 	6.9524E+06 	4.4240E-01 	1.5958E-01 	
-1.0451E+00 	6.9563E+06 	4.4407E-01 	1.5233E-01 	
-1.0530E+00 	6.9530E+06 	4.4574E-01 	1.4229E-01 	
-1.0607E+00 	6.9497E+06 	4.4741E-01 	1.3471E-01 	
-1.0703E+00 	6.9476E+06 	4.4908E-01 	1.2632E-01 	
-1.0782E+00 	6.9520E+06 	4.5075E-01 	1.1677E-01 	
-1.0859E+00 	6.9500E+06 	4.5242E-01 	1.0969E-01 	
-1.0960E+00 	6.9517E+06 	4.5409E-01 	1.0162E-01 	
-1.1031E+00 	6.9446E+06 	4.5576E-01 	9.1908E-02 	
-1.1111E+00 	6.9452E+06 	4.5743E-01 	8.4334E-02 	
-1.1208E+00 	6.9414E+06 	4.5910E-01 	7.6925E-02 	
-1.1284E+00 	6.9461E+06 	4.6077E-01 	6.7541E-02 	
-1.1355E+00 	6.9395E+06 	4.6244E-01 	5.9309E-02 	
-1.1465E+00 	6.9414E+06 	4.6411E-01 	5.1406E-02 	
-1.1531E+00 	6.9377E+06 	4.6578E-01 	4.1363E-02 	
-1.1612E+00 	6.9408E+06 	4.6745E-01 	3.4613E-02 	
-1.1714E+00 	6.9444E+06 	4.6912E-01 	2.6710E-02 	
-1.1790E+00 	6.9433E+06 	4.7078E-01 	1.6667E-02 	
-1.1860E+00 	6.9327E+06 	4.7245E-01 	9.5874E-03 	
-1.1962E+00 	6.9330E+06 	4.7412E-01 	1.5200E-03 	
-1.2037E+00 	6.9310E+06 	4.7579E-01 	-8.1938E-03 	
