-9.6213E-01 	7.4086E+06 	0.0000E+00 	-1.7729E-03 	
-9.4895E-01 	7.4084E+06 	1.0010E-03 	-8.8524E-03 	
-9.4006E-01 	7.4080E+06 	2.0020E-03 	-1.5438E-02 	
-9.3232E-01 	7.4082E+06 	3.0030E-03 	-2.0871E-02 	
-9.2755E-01 	7.4085E+06 	4.0040E-03 	-2.7786E-02 	
-9.2146E-01 	7.4083E+06 	5.0050E-03 	-3.3713E-02 	
-9.1817E-01 	7.4085E+06 	6.0060E-03 	-3.6512E-02 	
-9.1339E-01 	7.4088E+06 	7.0070E-03 	-4.2110E-02 	
-9.1043E-01 	7.4088E+06 	8.0080E-03 	-4.5567E-02 	
-9.0549E-01 	7.4090E+06 	9.0090E-03 	-5.0342E-02 	
-9.0055E-01 	7.4094E+06 	1.0010E-02 	-5.4787E-02 	
-8.9775E-01 	7.4092E+06 	1.1011E-02 	-5.7586E-02 	
-8.9281E-01 	7.4096E+06 	1.2012E-02 	-6.2525E-02 	
-8.8804E-01 	7.4095E+06 	1.3013E-02 	-6.4666E-02 	
-8.8491E-01 	7.4100E+06 	1.4014E-02 	-6.9770E-02 	
-8.8030E-01 	7.4098E+06 	1.5015E-02 	-7.5367E-02 	
-8.7733E-01 	7.4100E+06 	1.6016E-02 	-7.8002E-02 	
-8.7256E-01 	7.4103E+06 	1.7017E-02 	-8.2611E-02 	
-8.6894E-01 	7.4101E+06 	1.8018E-02 	-8.6069E-02 	
-8.6482E-01 	7.4104E+06 	1.9019E-02 	-9.0185E-02 	
-8.5955E-01 	7.4106E+06 	2.0020E-02 	-9.4960E-02 	
-8.5643E-01 	7.4107E+06 	2.1021E-02 	-9.7100E-02 	
-8.5214E-01 	7.4109E+06 	2.2022E-02 	-1.0155E-01 	
-8.4737E-01 	7.4112E+06 	2.3023E-02 	-1.0533E-01 	
-8.4375E-01 	7.4112E+06 	2.4024E-02 	-1.1011E-01 	
-8.3947E-01 	7.4117E+06 	2.5025E-02 	-1.1505E-01 	
-8.3683E-01 	7.4118E+06 	2.6026E-02 	-1.1801E-01 	
-8.3156E-01 	7.4117E+06 	2.7027E-02 	-1.2245E-01 	
-8.2630E-01 	7.4117E+06 	2.8028E-02 	-1.2492E-01 	
-8.2416E-01 	7.4121E+06 	2.9029E-02 	-1.2970E-01 	
-8.1856E-01 	7.4123E+06 	3.0030E-02 	-1.3464E-01 	
-8.1609E-01 	7.4122E+06 	3.1031E-02 	-1.3711E-01 	
-8.1164E-01 	7.4126E+06 	3.2032E-02 	-1.4188E-01 	
-8.0670E-01 	7.4126E+06 	3.3033E-02 	-1.4501E-01 	
-8.0358E-01 	7.4127E+06 	3.4034E-02 	-1.4946E-01 	
-7.9897E-01 	7.4129E+06 	3.5035E-02 	-1.5407E-01 	
-7.9534E-01 	7.4130E+06 	3.6036E-02 	-1.5719E-01 	
-7.9073E-01 	7.4132E+06 	3.7037E-02 	-1.6131E-01 	
-7.8645E-01 	7.4134E+06 	3.8038E-02 	-1.6427E-01 	
-7.8398E-01 	7.4133E+06 	3.9039E-02 	-1.6888E-01 	
-7.7855E-01 	7.4136E+06 	4.0040E-02 	-1.7399E-01 	
-7.7460E-01 	7.4136E+06 	4.1041E-02 	-1.7662E-01 	
-7.7114E-01 	7.4138E+06 	4.2042E-02 	-1.8140E-01 	
-7.6604E-01 	7.4142E+06 	4.3043E-02 	-1.8436E-01 	
-7.6291E-01 	7.4142E+06 	4.4044E-02 	-1.8880E-01 	
-7.5813E-01 	7.4148E+06 	4.5045E-02 	-1.9424E-01 	
-7.5566E-01 	7.4150E+06 	4.6046E-02 	-1.9638E-01 	
-7.5089E-01 	7.4153E+06 	4.7047E-02 	-2.0082E-01 	
-7.4595E-01 	7.4157E+06 	4.8048E-02 	-2.0346E-01 	
-7.4282E-01 	7.4155E+06 	4.9049E-02 	-2.0790E-01 	
-7.3788E-01 	7.4159E+06 	5.0050E-02 	-2.1284E-01 	
-7.3525E-01 	7.4162E+06 	5.1051E-02 	-2.1515E-01 	
-7.3080E-01 	7.4162E+06 	5.2052E-02 	-2.2042E-01 	
-7.2586E-01 	7.4166E+06 	5.3053E-02 	-2.2371E-01 	
-7.2241E-01 	7.4168E+06 	5.4054E-02 	-2.2832E-01 	
-7.1829E-01 	7.4171E+06 	5.5055E-02 	-2.3276E-01 	
-7.1500E-01 	7.4174E+06 	5.6056E-02 	-2.3540E-01 	
-7.0956E-01 	7.4174E+06 	5.7057E-02 	-2.4017E-01 	
-7.0578E-01 	7.4178E+06 	5.8058E-02 	-2.4363E-01 	
-7.0314E-01 	7.4177E+06 	5.9059E-02 	-2.4791E-01 	
-6.9755E-01 	7.4180E+06 	6.0060E-02 	-2.5269E-01 	
-6.9491E-01 	7.4181E+06 	6.1061E-02 	-2.5565E-01 	
-6.9030E-01 	7.4184E+06 	6.2062E-02 	-2.6026E-01 	
-6.8503E-01 	7.4186E+06 	6.3063E-02 	-2.6322E-01 	
-6.8240E-01 	7.4191E+06 	6.4064E-02 	-2.6849E-01 	
-6.7795E-01 	7.4190E+06 	6.5065E-02 	-2.7261E-01 	
-6.7450E-01 	7.4192E+06 	6.6066E-02 	-2.7557E-01 	
-6.7022E-01 	7.4197E+06 	6.7067E-02 	-2.8067E-01 	
-6.6462E-01 	7.4196E+06 	6.8068E-02 	-2.8281E-01 	
-6.6264E-01 	7.4199E+06 	6.9069E-02 	-2.8792E-01 	
-6.5787E-01 	7.4201E+06 	7.0070E-02 	-2.9220E-01 	
-6.5523E-01 	7.4202E+06 	7.1071E-02 	-2.9566E-01 	
-6.5029E-01 	7.4206E+06 	7.2072E-02 	-2.9977E-01 	
-6.4519E-01 	7.4208E+06 	7.3073E-02 	-3.0241E-01 	
-6.4289E-01 	7.4210E+06 	7.4074E-02 	-3.0784E-01 	
-6.3795E-01 	7.4211E+06 	7.5075E-02 	-3.1278E-01 	
-6.3515E-01 	7.4212E+06 	7.6076E-02 	-3.1525E-01 	
-6.2988E-01 	7.4215E+06 	7.7077E-02 	-3.2002E-01 	
-6.2543E-01 	7.4216E+06 	7.8078E-02 	-3.2282E-01 	
-6.2230E-01 	7.4219E+06 	7.9079E-02 	-3.2760E-01 	
-6.1852E-01 	7.4222E+06 	8.0080E-02 	-3.3171E-01 	
-6.1473E-01 	7.4219E+06 	8.1081E-02 	-3.3517E-01 	
-6.1062E-01 	7.4225E+06 	8.2082E-02 	-3.4027E-01 	
-6.0568E-01 	7.4226E+06 	8.3083E-02 	-3.4192E-01 	
-6.0189E-01 	7.4227E+06 	8.4084E-02 	-3.4719E-01 	
-5.9794E-01 	7.4230E+06 	8.5085E-02 	-3.5131E-01 	
-5.9481E-01 	7.4233E+06 	8.6086E-02 	-3.5443E-01 	
-5.9053E-01 	7.4233E+06 	8.7087E-02 	-3.5904E-01 	
-5.8559E-01 	7.4234E+06 	8.8088E-02 	-3.6217E-01 	
-5.8213E-01 	7.4237E+06 	8.9089E-02 	-3.6662E-01 	
-5.7802E-01 	7.4239E+06 	9.0090E-02 	-3.7106E-01 	
-5.7522E-01 	7.4240E+06 	9.1091E-02 	-3.7403E-01 	
-5.7061E-01 	7.4240E+06 	9.2092E-02 	-3.7831E-01 	
-5.6567E-01 	7.4242E+06 	9.3093E-02 	-3.8160E-01 	
-5.6270E-01 	7.4245E+06 	9.4094E-02 	-3.8539E-01 	
-5.5859E-01 	7.4248E+06 	9.5095E-02 	-3.9098E-01 	
-5.5530E-01 	7.4246E+06 	9.6096E-02 	-3.9280E-01 	
-5.5200E-01 	7.4250E+06 	9.7097E-02 	-3.9773E-01 	
-5.4641E-01 	7.4248E+06 	9.8098E-02 	-4.0218E-01 	
-5.4278E-01 	7.4254E+06 	9.9099E-02 	-4.0514E-01 	
-5.3900E-01 	7.4255E+06 	1.0010E-01 	-4.1041E-01 	
-5.3488E-01 	7.4255E+06 	1.0110E-01 	-4.1321E-01 	
-5.3060E-01 	7.4261E+06 	1.0210E-01 	-4.1733E-01 	
-5.2599E-01 	7.4261E+06 	1.0310E-01 	-4.1996E-01 	
-5.2336E-01 	7.4261E+06 	1.0410E-01 	-4.2474E-01 	
-5.1842E-01 	7.4263E+06 	1.0511E-01 	-4.3066E-01 	
-5.1512E-01 	7.4264E+06 	1.0611E-01 	-4.3330E-01 	
-5.1002E-01 	7.4266E+06 	1.0711E-01 	-4.3807E-01 	
-5.0574E-01 	7.4268E+06 	1.0811E-01 	-4.4285E-01 	
-5.0278E-01 	7.4267E+06 	1.0911E-01 	-4.4581E-01 	
-4.9817E-01 	7.4269E+06 	1.1011E-01 	-4.5058E-01 	
-4.9471E-01 	7.4271E+06 	1.1111E-01 	-4.5289E-01 	
-4.8960E-01 	7.4271E+06 	1.1211E-01 	-4.5733E-01 	
-4.8565E-01 	7.4273E+06 	1.1311E-01 	-4.6046E-01 	
-4.8318E-01 	7.4275E+06 	1.1411E-01 	-4.6507E-01 	
-4.7791E-01 	7.4275E+06 	1.1512E-01 	-4.7001E-01 	
-4.7298E-01 	7.4275E+06 	1.1612E-01 	-4.7265E-01 	
-4.7034E-01 	7.4276E+06 	1.1712E-01 	-4.7709E-01 	
-4.6540E-01 	7.4277E+06 	1.1812E-01 	-4.8203E-01 	
-4.6244E-01 	7.4274E+06 	1.1912E-01 	-4.8483E-01 	
-4.5766E-01 	7.4277E+06 	1.2012E-01 	-4.8960E-01 	
-4.5536E-01 	7.4280E+06 	1.2112E-01 	-4.9240E-01 	
-4.5042E-01 	7.4279E+06 	1.2212E-01 	-4.9751E-01 	
-4.4614E-01 	7.4282E+06 	1.2312E-01 	-4.9998E-01 	
-4.4268E-01 	7.4281E+06 	1.2412E-01 	-5.0442E-01 	
-4.3807E-01 	7.4283E+06 	1.2513E-01 	-5.0920E-01 	
-4.3313E-01 	7.4285E+06 	1.2613E-01 	-5.1216E-01 	
-4.3099E-01 	7.4282E+06 	1.2713E-01 	-5.1661E-01 	
-4.2622E-01 	7.4283E+06 	1.2813E-01 	-5.2154E-01 	
-4.2325E-01 	7.4284E+06 	1.2913E-01 	-5.2385E-01 	
-4.1864E-01 	7.4283E+06 	1.3013E-01 	-5.2928E-01 	
-4.1502E-01 	7.4284E+06 	1.3113E-01 	-5.3241E-01 	
-4.1107E-01 	7.4285E+06 	1.3213E-01 	-5.3702E-01 	
-4.0630E-01 	7.4285E+06 	1.3313E-01 	-5.3966E-01 	
-4.0350E-01 	7.4287E+06 	1.3413E-01 	-5.4394E-01 	
-3.9839E-01 	7.4285E+06 	1.3514E-01 	-5.4937E-01 	
-3.9345E-01 	7.4285E+06 	1.3614E-01 	-5.5134E-01 	
-3.9148E-01 	7.4286E+06 	1.3714E-01 	-5.5661E-01 	
-3.8654E-01 	7.4283E+06 	1.3814E-01 	-5.6056E-01 	
-3.8374E-01 	7.4283E+06 	1.3914E-01 	-5.6336E-01 	
-3.7880E-01 	7.4283E+06 	1.4014E-01 	-5.6847E-01 	
-3.7617E-01 	7.4283E+06 	1.4114E-01 	-5.7094E-01 	
-3.7139E-01 	7.4281E+06 	1.4214E-01 	-5.7621E-01 	
-3.6662E-01 	7.4280E+06 	1.4314E-01 	-5.8065E-01 	
-3.6349E-01 	7.4278E+06 	1.4414E-01 	-5.8345E-01 	
-3.5855E-01 	7.4276E+06 	1.4515E-01 	-5.8806E-01 	
-3.5443E-01 	7.4275E+06 	1.4615E-01 	-5.9119E-01 	
-3.5180E-01 	7.4276E+06 	1.4715E-01 	-5.9530E-01 	
-3.4653E-01 	7.4275E+06 	1.4815E-01 	-6.0024E-01 	
-3.4373E-01 	7.4271E+06 	1.4915E-01 	-6.0238E-01 	
-3.3912E-01 	7.4268E+06 	1.5015E-01 	-6.0798E-01 	
-3.3599E-01 	7.4266E+06 	1.5115E-01 	-6.1029E-01 	
-3.3155E-01 	7.4265E+06 	1.5215E-01 	-6.1473E-01 	
-3.2826E-01 	7.4264E+06 	1.5315E-01 	-6.2000E-01 	
-3.2348E-01 	7.4258E+06 	1.5415E-01 	-6.2313E-01 	
-3.1920E-01 	7.4255E+06 	1.5516E-01 	-6.2691E-01 	
-3.1410E-01 	7.4252E+06 	1.5616E-01 	-6.3004E-01 	
-3.1130E-01 	7.4251E+06 	1.5716E-01 	-6.3449E-01 	
-3.0652E-01 	7.4244E+06 	1.5816E-01 	-6.3959E-01 	
-3.0438E-01 	7.4240E+06 	1.5916E-01 	-6.4256E-01 	
-2.9879E-01 	7.4239E+06 	1.6016E-01 	-6.4733E-01 	
-2.9418E-01 	7.4234E+06 	1.6116E-01 	-6.5029E-01 	
-2.9022E-01 	7.4230E+06 	1.6216E-01 	-6.5359E-01 	
-2.8660E-01 	7.4230E+06 	1.6316E-01 	-6.5918E-01 	
-2.8347E-01 	7.4224E+06 	1.6416E-01 	-6.6248E-01 	
-2.7870E-01 	7.4220E+06 	1.6517E-01 	-6.6692E-01 	
-2.7376E-01 	7.4217E+06 	1.6617E-01 	-6.7022E-01 	
-2.7096E-01 	7.4213E+06 	1.6717E-01 	-6.7400E-01 	
-2.6734E-01 	7.4211E+06 	1.6817E-01 	-6.7828E-01 	
-2.6388E-01 	7.4210E+06 	1.6917E-01 	-6.8141E-01 	
-2.5894E-01 	7.4208E+06 	1.7017E-01 	-6.8586E-01 	
-2.5433E-01 	7.4209E+06 	1.7117E-01 	-6.8915E-01 	
-2.5153E-01 	7.4207E+06 	1.7217E-01 	-6.9409E-01 	
-2.4659E-01 	7.4204E+06 	1.7317E-01 	-6.9870E-01 	
-2.4330E-01 	7.4203E+06 	1.7417E-01 	-7.0133E-01 	
-2.3853E-01 	7.4204E+06 	1.7518E-01 	-7.0578E-01 	
-2.3392E-01 	7.4203E+06 	1.7618E-01 	-7.0907E-01 	
-2.3128E-01 	7.4202E+06 	1.7718E-01 	-7.1352E-01 	
-2.2684E-01 	7.4203E+06 	1.7818E-01 	-7.1813E-01 	
-2.2305E-01 	7.4202E+06 	1.7918E-01 	-7.2076E-01 	
-2.1926E-01 	7.4200E+06 	1.8018E-01 	-7.2586E-01 	
-2.1449E-01 	7.4201E+06 	1.8118E-01 	-7.2850E-01 	
-2.1169E-01 	7.4198E+06 	1.8218E-01 	-7.3294E-01 	
-2.0724E-01 	7.4198E+06 	1.8318E-01 	-7.3805E-01 	
-2.0395E-01 	7.4198E+06 	1.8418E-01 	-7.4068E-01 	
-1.9934E-01 	7.4197E+06 	1.8519E-01 	-7.4595E-01 	
-1.9440E-01 	7.4195E+06 	1.8619E-01 	-7.4891E-01 	
-1.9144E-01 	7.4196E+06 	1.8719E-01 	-7.5237E-01 	
-1.8716E-01 	7.4194E+06 	1.8819E-01 	-7.5780E-01 	
-1.8436E-01 	7.4195E+06 	1.8919E-01 	-7.6093E-01 	
-1.7926E-01 	7.4198E+06 	1.9019E-01 	-7.6587E-01 	
-1.7481E-01 	7.4198E+06 	1.9119E-01 	-7.6834E-01 	
-1.7135E-01 	7.4197E+06 	1.9219E-01 	-7.7213E-01 	
-1.6674E-01 	7.4200E+06 	1.9319E-01 	-7.7756E-01 	
-1.6411E-01 	7.4200E+06 	1.9419E-01 	-7.8036E-01 	
-1.5933E-01 	7.4202E+06 	1.9520E-01 	-7.8546E-01 	
-1.5489E-01 	7.4203E+06 	1.9620E-01 	-7.8826E-01 	
-1.5193E-01 	7.4205E+06 	1.9720E-01 	-7.9254E-01 	
-1.4682E-01 	7.4206E+06 	1.9820E-01 	-7.9765E-01 	
-1.4419E-01 	7.4209E+06 	1.9920E-01 	-7.9995E-01 	
-1.3958E-01 	7.4210E+06 	2.0020E-01 	-8.0440E-01 	
-1.3497E-01 	7.4212E+06 	2.0120E-01 	-8.0720E-01 	
-1.3167E-01 	7.4214E+06 	2.0220E-01 	-8.1230E-01 	
-1.2756E-01 	7.4211E+06 	2.0320E-01 	-8.1708E-01 	
-1.2394E-01 	7.4212E+06 	2.0420E-01 	-8.1955E-01 	
-1.1982E-01 	7.4213E+06 	2.0521E-01 	-8.2383E-01 	
-1.1505E-01 	7.4213E+06 	2.0621E-01 	-8.2663E-01 	
-1.1175E-01 	7.4212E+06 	2.0721E-01 	-8.3173E-01 	
-1.0780E-01 	7.4211E+06 	2.0821E-01 	-8.3634E-01 	
-1.0369E-01 	7.4209E+06 	2.0921E-01 	-8.3914E-01 	
-9.9734E-02 	7.4209E+06 	2.1021E-01 	-8.4309E-01 	
-9.4795E-02 	7.4204E+06 	2.1121E-01 	-8.4622E-01 	
-9.2655E-02 	7.4205E+06 	2.1221E-01 	-8.5099E-01 	
-8.7715E-02 	7.4202E+06 	2.1321E-01 	-8.5544E-01 	
-8.5081E-02 	7.4200E+06 	2.1421E-01 	-8.5807E-01 	
-7.9319E-02 	7.4197E+06 	2.1522E-01 	-8.6350E-01 	
-7.5038E-02 	7.4190E+06 	2.1622E-01 	-8.6548E-01 	
-7.2074E-02 	7.4189E+06 	2.1722E-01 	-8.7091E-01 	
-6.6806E-02 	7.4184E+06 	2.1822E-01 	-8.7552E-01 	
-6.4666E-02 	7.4179E+06 	2.1922E-01 	-8.7849E-01 	
-5.9726E-02 	7.4173E+06 	2.2022E-01 	-8.8326E-01 	
-5.5446E-02 	7.4168E+06 	2.2122E-01 	-8.8623E-01 	
-5.2318E-02 	7.4164E+06 	2.2222E-01 	-8.9067E-01 	
-4.7872E-02 	7.4158E+06 	2.2322E-01 	-8.9528E-01 	
-4.4909E-02 	7.4154E+06 	2.2422E-01 	-8.9775E-01 	
-4.0134E-02 	7.4143E+06 	2.2523E-01 	-9.0302E-01 	
-3.4866E-02 	7.4136E+06 	2.2623E-01 	-9.0582E-01 	
-3.1573E-02 	7.4130E+06 	2.2723E-01 	-9.1026E-01 	
-2.7292E-02 	7.4121E+06 	2.2823E-01 	-9.1454E-01 	
-2.4658E-02 	7.4114E+06 	2.2923E-01 	-9.1800E-01 	
-2.0213E-02 	7.4106E+06 	2.3023E-01 	-9.2245E-01 	
-1.5109E-02 	7.4097E+06 	2.3123E-01 	-9.2706E-01 	
-1.1816E-02 	7.4088E+06 	2.3223E-01 	-9.3101E-01 	
-7.2060E-03 	7.4081E+06 	2.3323E-01 	-9.3463E-01 	
-4.5718E-03 	7.4068E+06 	2.3423E-01 	-9.3726E-01 	
3.8191E-05 	7.4058E+06 	2.3524E-01 	-9.4171E-01 	
4.9774E-03 	7.4046E+06 	2.3624E-01 	-9.4500E-01 	
7.1177E-03 	7.4035E+06 	2.3724E-01 	-9.4912E-01 	
1.2880E-02 	7.4022E+06 	2.3824E-01 	-9.5422E-01 	
1.5514E-02 	7.4008E+06 	2.3924E-01 	-9.4122E-01 	
2.0124E-02 	7.3993E+06 	2.4024E-01 	-9.3183E-01 	
2.4734E-02 	7.3980E+06 	2.4124E-01 	-9.2409E-01 	
2.7204E-02 	7.3965E+06 	2.4224E-01 	-9.1981E-01 	
3.2308E-02 	7.3946E+06 	2.4324E-01 	-9.1537E-01 	
3.5271E-02 	7.3926E+06 	2.4424E-01 	-9.1158E-01 	
3.9881E-02 	7.3911E+06 	2.4525E-01 	-9.0648E-01 	
4.4656E-02 	7.3893E+06 	2.4625E-01 	-9.0302E-01 	
4.7290E-02 	7.3874E+06 	2.4725E-01 	-8.9824E-01 	
5.1900E-02 	7.3856E+06 	2.4825E-01 	-8.9396E-01 	
5.7169E-02 	7.3837E+06 	2.4925E-01 	-8.9100E-01 	
5.9638E-02 	7.3819E+06 	2.5025E-01 	-8.8507E-01 	
6.4248E-02 	7.3799E+06 	2.5125E-01 	-8.8129E-01 	
6.7212E-02 	7.3785E+06 	2.5225E-01 	-8.7799E-01 	
7.1657E-02 	7.3768E+06 	2.5325E-01 	-8.7223E-01 	
7.4785E-02 	7.3755E+06 	2.5425E-01 	-8.7026E-01 	
7.9395E-02 	7.3744E+06 	2.5526E-01 	-8.6630E-01 	
8.4170E-02 	7.3735E+06 	2.5626E-01 	-8.6169E-01 	
8.6639E-02 	7.3723E+06 	2.5726E-01 	-8.5758E-01 	
9.1249E-02 	7.3716E+06 	2.5826E-01 	-8.5231E-01 	
9.6518E-02 	7.3710E+06 	2.5926E-01 	-8.4951E-01 	
9.9646E-02 	7.3708E+06 	2.6026E-01 	-8.4523E-01 	
1.0360E-01 	7.3707E+06 	2.6126E-01 	-8.4062E-01 	
1.0722E-01 	7.3707E+06 	2.6226E-01 	-8.3799E-01 	
1.1101E-01 	7.3711E+06 	2.6326E-01 	-8.3255E-01 	
1.1446E-01 	7.3714E+06 	2.6426E-01 	-8.3008E-01 	
1.1825E-01 	7.3719E+06 	2.6527E-01 	-8.2399E-01 	
1.2352E-01 	7.3724E+06 	2.6627E-01 	-8.1971E-01 	
1.2615E-01 	7.3733E+06 	2.6727E-01 	-8.1757E-01 	
1.3159E-01 	7.3745E+06 	2.6827E-01 	-8.1197E-01 	
1.3587E-01 	7.3759E+06 	2.6927E-01 	-8.0983E-01 	
1.3932E-01 	7.3773E+06 	2.7027E-01 	-8.0473E-01 	
1.4360E-01 	7.3787E+06 	2.7127E-01 	-7.9962E-01 	
1.4657E-01 	7.3805E+06 	2.7227E-01 	-7.9699E-01 	
1.5134E-01 	7.3822E+06 	2.7327E-01 	-7.9271E-01 	
1.5678E-01 	7.3841E+06 	2.7427E-01 	-7.8942E-01 	
1.5892E-01 	7.3862E+06 	2.7528E-01 	-7.8431E-01 	
1.6386E-01 	7.3879E+06 	2.7628E-01 	-7.7921E-01 	
1.6682E-01 	7.3899E+06 	2.7728E-01 	-7.7723E-01 	
1.7176E-01 	7.3916E+06 	2.7828E-01 	-7.7213E-01 	
1.7604E-01 	7.3933E+06 	2.7928E-01 	-7.6933E-01 	
1.7933E-01 	7.3951E+06 	2.8028E-01 	-7.6456E-01 	
1.8411E-01 	7.3971E+06 	2.8128E-01 	-7.5995E-01 	
1.8707E-01 	7.3986E+06 	2.8228E-01 	-7.5682E-01 	
1.9217E-01 	7.4001E+06 	2.8328E-01 	-7.5254E-01 	
1.9645E-01 	7.4014E+06 	2.8428E-01 	-7.4875E-01 	
1.9925E-01 	7.4029E+06 	2.8529E-01 	-7.4480E-01 	
2.0386E-01 	7.4044E+06 	2.8629E-01 	-7.3937E-01 	
2.0666E-01 	7.4052E+06 	2.8729E-01 	-7.3722E-01 	
2.1111E-01 	7.4066E+06 	2.8829E-01 	-7.3229E-01 	
2.1621E-01 	7.4077E+06 	2.8929E-01 	-7.2932E-01 	
2.1885E-01 	7.4088E+06 	2.9029E-01 	-7.2455E-01 	
2.2395E-01 	7.4097E+06 	2.9129E-01 	-7.1977E-01 	
2.2708E-01 	7.4106E+06 	2.9229E-01 	-7.1730E-01 	
2.3086E-01 	7.4115E+06 	2.9329E-01 	-7.1253E-01 	
2.3597E-01 	7.4123E+06 	2.9429E-01 	-7.0891E-01 	
2.3910E-01 	7.4130E+06 	2.9530E-01 	-7.0528E-01 	
2.4338E-01 	7.4141E+06 	2.9630E-01 	-7.0018E-01 	
2.4651E-01 	7.4146E+06 	2.9730E-01 	-6.9820E-01 	
2.5112E-01 	7.4154E+06 	2.9830E-01 	-6.9294E-01 	
2.5540E-01 	7.4164E+06 	2.9930E-01 	-6.9129E-01 	
2.5869E-01 	7.4168E+06 	3.0030E-01 	-6.8520E-01 	
2.6396E-01 	7.4174E+06 	3.0130E-01 	-6.8009E-01 	
2.6593E-01 	7.4180E+06 	3.0230E-01 	-6.7746E-01 	
2.7137E-01 	7.4184E+06 	3.0330E-01 	-6.7252E-01 	
2.7614E-01 	7.4189E+06 	3.0430E-01 	-6.6989E-01 	
2.7812E-01 	7.4192E+06 	3.0531E-01 	-6.6544E-01 	
2.8338E-01 	7.4197E+06 	3.0631E-01 	-6.6050E-01 	
2.8635E-01 	7.4202E+06 	3.0731E-01 	-6.5820E-01 	
2.9129E-01 	7.4205E+06 	3.0831E-01 	-6.5276E-01 	
2.9623E-01 	7.4208E+06 	3.0931E-01 	-6.5013E-01 	
2.9804E-01 	7.4210E+06 	3.1031E-01 	-6.4519E-01 	
3.0298E-01 	7.4211E+06 	3.1131E-01 	-6.4074E-01 	
3.0627E-01 	7.4214E+06 	3.1231E-01 	-6.3795E-01 	
3.1121E-01 	7.4216E+06 	3.1331E-01 	-6.3284E-01 	
3.1532E-01 	7.4215E+06 	3.1431E-01 	-6.3037E-01 	
3.1862E-01 	7.4218E+06 	3.1532E-01 	-6.2543E-01 	
3.2323E-01 	7.4219E+06 	3.1632E-01 	-6.2033E-01 	
3.2636E-01 	7.4220E+06 	3.1732E-01 	-6.1770E-01 	
3.3080E-01 	7.4218E+06 	3.1832E-01 	-6.1309E-01 	
3.3492E-01 	7.4216E+06 	3.1932E-01 	-6.1012E-01 	
3.3837E-01 	7.4216E+06 	3.2032E-01 	-6.0584E-01 	
3.4315E-01 	7.4217E+06 	3.2132E-01 	-6.0074E-01 	
3.4562E-01 	7.4216E+06 	3.2232E-01 	-5.9761E-01 	
3.5072E-01 	7.4217E+06 	3.2332E-01 	-5.9316E-01 	
3.5484E-01 	7.4216E+06 	3.2432E-01 	-5.9020E-01 	
3.5830E-01 	7.4211E+06 	3.2533E-01 	-5.8608E-01 	
3.6241E-01 	7.4210E+06 	3.2633E-01 	-5.8049E-01 	
3.6521E-01 	7.4207E+06 	3.2733E-01 	-5.7818E-01 	
3.6982E-01 	7.4203E+06 	3.2833E-01 	-5.7324E-01 	
3.7492E-01 	7.4204E+06 	3.2933E-01 	-5.6962E-01 	
3.7789E-01 	7.4204E+06 	3.3033E-01 	-5.6550E-01 	
3.8250E-01 	7.4201E+06 	3.3133E-01 	-5.6122E-01 	
3.8579E-01 	7.4202E+06 	3.3233E-01 	-5.5809E-01 	
3.8991E-01 	7.4201E+06 	3.3333E-01 	-5.5381E-01 	
3.9518E-01 	7.4199E+06 	3.3433E-01 	-5.5036E-01 	
3.9797E-01 	7.4202E+06 	3.3534E-01 	-5.4608E-01 	
4.0226E-01 	7.4203E+06 	3.3634E-01 	-5.4147E-01 	
4.0522E-01 	7.4202E+06 	3.3734E-01 	-5.3834E-01 	
4.0999E-01 	7.4204E+06 	3.3834E-01 	-5.3356E-01 	
4.1329E-01 	7.4209E+06 	3.3934E-01 	-5.3044E-01 	
4.1839E-01 	7.4206E+06 	3.4034E-01 	-5.2648E-01 	
4.2251E-01 	7.4209E+06 	3.4134E-01 	-5.2154E-01 	
4.2613E-01 	7.4207E+06 	3.4234E-01 	-5.1809E-01 	
4.3090E-01 	7.4208E+06 	3.4334E-01 	-5.1364E-01 	
4.3634E-01 	7.4210E+06 	3.4434E-01 	-5.1134E-01 	
4.3848E-01 	7.4210E+06 	3.4535E-01 	-5.0623E-01 	
4.4276E-01 	7.4209E+06 	3.4635E-01 	-5.0146E-01 	
4.4572E-01 	7.4209E+06 	3.4735E-01 	-4.9899E-01 	
4.5033E-01 	7.4211E+06 	3.4835E-01 	-4.9388E-01 	
4.5510E-01 	7.4214E+06 	3.4935E-01 	-4.9125E-01 	
4.5807E-01 	7.4213E+06 	3.5035E-01 	-4.8631E-01 	
4.6268E-01 	7.4216E+06 	3.5135E-01 	-4.8252E-01 	
4.6531E-01 	7.4220E+06 	3.5235E-01 	-4.7940E-01 	
4.6976E-01 	7.4223E+06 	3.5335E-01 	-4.7413E-01 	
4.7437E-01 	7.4227E+06 	3.5435E-01 	-4.7034E-01 	
4.7799E-01 	7.4229E+06 	3.5536E-01 	-4.6721E-01 	
4.8227E-01 	7.4231E+06 	3.5636E-01 	-4.6211E-01 	
4.8507E-01 	7.4236E+06 	3.5736E-01 	-4.5947E-01 	
4.8984E-01 	7.4240E+06 	3.5836E-01 	-4.5454E-01 	
4.9528E-01 	7.4244E+06 	3.5936E-01 	-4.5207E-01 	
4.9775E-01 	7.4249E+06 	3.6036E-01 	-4.4779E-01 	
5.0285E-01 	7.4253E+06 	3.6136E-01 	-4.4252E-01 	
5.0565E-01 	7.4256E+06 	3.6236E-01 	-4.3988E-01 	
5.1009E-01 	7.4259E+06 	3.6336E-01 	-4.3560E-01 	
5.1487E-01 	7.4265E+06 	3.6436E-01 	-4.3033E-01 	
5.1783E-01 	7.4265E+06 	3.6537E-01 	-4.2770E-01 	
5.2228E-01 	7.4269E+06 	3.6637E-01 	-4.2260E-01 	
5.2442E-01 	7.4272E+06 	3.6737E-01 	-4.2013E-01 	
5.2936E-01 	7.4274E+06 	3.6837E-01 	-4.1535E-01 	
5.3413E-01 	7.4276E+06 	3.6937E-01 	-4.1222E-01 	
5.3693E-01 	7.4279E+06 	3.7037E-01 	-4.0794E-01 	
5.4088E-01 	7.4279E+06 	3.7137E-01 	-4.0267E-01 	
5.4697E-01 	7.4284E+06 	3.7237E-01 	-4.0037E-01 	
5.4928E-01 	7.4280E+06 	3.7337E-01 	-3.9494E-01 	
5.5389E-01 	7.4287E+06 	3.7437E-01 	-3.9049E-01 	
5.5718E-01 	7.4287E+06 	3.7538E-01 	-3.8802E-01 	
5.6146E-01 	7.4289E+06 	3.7638E-01 	-3.8259E-01 	
5.6459E-01 	7.4288E+06 	3.7738E-01 	-3.8012E-01 	
5.6920E-01 	7.4289E+06 	3.7838E-01 	-3.7518E-01 	
5.7348E-01 	7.4290E+06 	3.7938E-01 	-3.7189E-01 	
5.7694E-01 	7.4294E+06 	3.8038E-01 	-3.6761E-01 	
5.8105E-01 	7.4291E+06 	3.8138E-01 	-3.6267E-01 	
5.8649E-01 	7.4290E+06 	3.8238E-01 	-3.6036E-01 	
5.8863E-01 	7.4291E+06 	3.8338E-01 	-3.5509E-01 	
5.9340E-01 	7.4289E+06 	3.8438E-01 	-3.5098E-01 	
5.9637E-01 	7.4289E+06 	3.8539E-01 	-3.4818E-01 	
6.0015E-01 	7.4290E+06 	3.8639E-01 	-3.4324E-01 	
6.0509E-01 	7.4290E+06 	3.8739E-01 	-3.4060E-01 	
6.0838E-01 	7.4288E+06 	3.8839E-01 	-3.3566E-01 	
6.1398E-01 	7.4290E+06 	3.8939E-01 	-3.3287E-01 	
6.1695E-01 	7.4289E+06 	3.9039E-01 	-3.2859E-01 	
6.2189E-01 	7.4288E+06 	3.9139E-01 	-3.2381E-01 	
6.2567E-01 	7.4286E+06 	3.9239E-01 	-3.2052E-01 	
6.2962E-01 	7.4285E+06 	3.9339E-01 	-3.1624E-01 	
6.3440E-01 	7.4284E+06 	3.9439E-01 	-3.1113E-01 	
6.3555E-01 	7.4284E+06 	3.9540E-01 	-3.0866E-01 	
6.4197E-01 	7.4283E+06 	3.9640E-01 	-3.0438E-01 	
6.4510E-01 	7.4281E+06 	3.9740E-01 	-3.0109E-01 	
6.4938E-01 	7.4282E+06 	3.9840E-01 	-2.9648E-01 	
6.5399E-01 	7.4282E+06 	3.9940E-01 	-2.9121E-01 	
6.5679E-01 	7.4280E+06 	4.0040E-01 	-2.8907E-01 	
6.6173E-01 	7.4278E+06 	4.0140E-01 	-2.8430E-01 	
6.6650E-01 	7.4281E+06 	4.0240E-01 	-2.8084E-01 	
6.6897E-01 	7.4276E+06 	4.0340E-01 	-2.7623E-01 	
6.7375E-01 	7.4275E+06 	4.0440E-01 	-2.7162E-01 	
6.7688E-01 	7.4271E+06 	4.0541E-01 	-2.6882E-01 	
6.8116E-01 	7.4272E+06 	4.0641E-01 	-2.6454E-01 	
6.8428E-01 	7.4270E+06 	4.0741E-01 	-2.6158E-01 	
6.8873E-01 	7.4269E+06 	4.0841E-01 	-2.5713E-01 	
6.9383E-01 	7.4265E+06 	4.0941E-01 	-2.5203E-01 	
6.9614E-01 	7.4266E+06 	4.1041E-01 	-2.4873E-01 	
7.0124E-01 	7.4264E+06 	4.1141E-01 	-2.4412E-01 	
7.0585E-01 	7.4261E+06 	4.1241E-01 	-2.4165E-01 	
7.0931E-01 	7.4259E+06 	4.1341E-01 	-2.3721E-01 	
7.1392E-01 	7.4257E+06 	4.1441E-01 	-2.3260E-01 	
7.1606E-01 	7.4254E+06 	4.1542E-01 	-2.2997E-01 	
7.2100E-01 	7.4252E+06 	4.1642E-01 	-2.2519E-01 	
7.2643E-01 	7.4249E+06 	4.1742E-01 	-2.2173E-01 	
7.2890E-01 	7.4249E+06 	4.1842E-01 	-2.1778E-01 	
7.3318E-01 	7.4247E+06 	4.1942E-01 	-2.1251E-01 	
7.3631E-01 	7.4245E+06 	4.2042E-01 	-2.0955E-01 	
7.4043E-01 	7.4242E+06 	4.2142E-01 	-2.0494E-01 	
7.4586E-01 	7.4242E+06 	4.2242E-01 	-2.0231E-01 	
7.4833E-01 	7.4240E+06 	4.2342E-01 	-1.9786E-01 	
7.5360E-01 	7.4238E+06 	4.2442E-01 	-1.9341E-01 	
7.5590E-01 	7.4235E+06 	4.2543E-01 	-1.9095E-01 	
7.6134E-01 	7.4234E+06 	4.2643E-01 	-1.8601E-01 	
7.6496E-01 	7.4232E+06 	4.2743E-01 	-1.8238E-01 	
7.6891E-01 	7.4228E+06 	4.2843E-01 	-1.7843E-01 	
7.7286E-01 	7.4226E+06 	4.2943E-01 	-1.7300E-01 	
7.7582E-01 	7.4225E+06 	4.3043E-01 	-1.7004E-01 	
7.8109E-01 	7.4225E+06 	4.3143E-01 	-1.6576E-01 	
7.8439E-01 	7.4220E+06 	4.3243E-01 	-1.6213E-01 	
7.8784E-01 	7.4217E+06 	4.3343E-01 	-1.5785E-01 	
7.9328E-01 	7.4215E+06 	4.3443E-01 	-1.5291E-01 	
7.9591E-01 	7.4212E+06 	4.3544E-01 	-1.4962E-01 	
8.0036E-01 	7.4211E+06 	4.3644E-01 	-1.4501E-01 	
8.0562E-01 	7.4206E+06 	4.3744E-01 	-1.4205E-01 	
8.0809E-01 	7.4206E+06 	4.3844E-01 	-1.3826E-01 	
8.1287E-01 	7.4200E+06 	4.3944E-01 	-1.3365E-01 	
8.1550E-01 	7.4202E+06 	4.4044E-01 	-1.3019E-01 	
8.2077E-01 	7.4198E+06 	4.4144E-01 	-1.2591E-01 	
8.2439E-01 	7.4194E+06 	4.4244E-01 	-1.2311E-01 	
8.2801E-01 	7.4193E+06 	4.4344E-01 	-1.1817E-01 	
8.3279E-01 	7.4191E+06 	4.4444E-01 	-1.1406E-01 	
8.3575E-01 	7.4189E+06 	4.4545E-01 	-1.1126E-01 	
8.4020E-01 	7.4186E+06 	4.4645E-01 	-1.0583E-01 	
8.4563E-01 	7.4183E+06 	4.4745E-01 	-1.0336E-01 	
8.4794E-01 	7.4178E+06 	4.4845E-01 	-9.8911E-02 	
8.5238E-01 	7.4175E+06 	4.4945E-01 	-9.3478E-02 	
8.5650E-01 	7.4172E+06 	4.5045E-01 	-9.0679E-02 	
8.6078E-01 	7.4172E+06 	4.5145E-01 	-8.6398E-02 	
8.6489E-01 	7.4166E+06 	4.5245E-01 	-8.3435E-02 	
8.6786E-01 	7.4165E+06 	4.5345E-01 	-7.9154E-02 	
8.7247E-01 	7.4159E+06 	4.5445E-01 	-7.4215E-02 	
8.7560E-01 	7.4160E+06 	4.5546E-01 	-7.1251E-02 	
8.7955E-01 	7.4156E+06 	4.5646E-01 	-6.6477E-02 	
8.8465E-01 	7.4153E+06 	4.5746E-01 	-6.4007E-02 	
8.8745E-01 	7.4146E+06 	4.5846E-01 	-5.9397E-02 	
8.9239E-01 	7.4145E+06 	4.5946E-01 	-5.4293E-02 	
8.9502E-01 	7.4144E+06 	4.6046E-01 	-5.1494E-02 	
9.0013E-01 	7.4141E+06 	4.6146E-01 	-4.7049E-02 	
9.0490E-01 	7.4136E+06 	4.6246E-01 	-4.3921E-02 	
9.0852E-01 	7.4139E+06 	4.6346E-01 	-3.9805E-02 	
9.1231E-01 	7.4134E+06 	4.6446E-01 	-3.4866E-02 	
9.1527E-01 	7.4133E+06 	4.6547E-01 	-3.1902E-02 	
9.2021E-01 	7.4132E+06 	4.6647E-01 	-2.7292E-02 	
9.2433E-01 	7.4127E+06 	4.6747E-01 	-2.4493E-02 	
9.2746E-01 	7.4126E+06 	4.6847E-01 	-2.0213E-02 	
9.3207E-01 	7.4123E+06 	4.6947E-01 	-1.5109E-02 	
9.3487E-01 	7.4120E+06 	4.7047E-01 	-1.1981E-02 	
9.3981E-01 	7.4119E+06 	4.7147E-01 	-8.1938E-03 	
9.4491E-01 	7.4113E+06 	4.7247E-01 	-4.9010E-03 	
9.4771E-01 	7.4113E+06 	4.7347E-01 	-1.2645E-04 	
9.5215E-01 	7.4109E+06 	4.7447E-01 	4.3189E-03 	
9.5479E-01 	7.4107E+06 	4.7548E-01 	7.2824E-03 	
