Temps - Tracé 0	Amplitude - Tracé 0	Temps - Tracé 1	Amplitude - Tracé 1	
2.648	2.07788E+6	2.648	2.07788E+6	
2.64805	2.07554E+6	2.64805	2.07554E+6	
2.6481	2.07756E+6	2.6481	2.07756E+6	
2.64815	2.0786E+6	2.64815	2.0786E+6	
2.6482	2.07827E+6	2.6482	2.07827E+6	
2.64825	2.07988E+6	2.64825	2.07988E+6	
2.6483	2.07681E+6	2.6483	2.07681E+6	
2.64835	2.0764E+6	2.64835	2.0764E+6	
2.6484	2.07564E+6	2.6484	2.07564E+6	
2.64845	2.07661E+6	2.64845	2.07661E+6	
2.6485	2.07682E+6	2.6485	2.07682E+6	
2.64855	2.069E+6	2.64855	2.069E+6	
2.6486	2.07401E+6	2.6486	2.07401E+6	
2.64865	2.07434E+6	2.64865	2.07434E+6	
2.6487	2.07798E+6	2.6487	2.07798E+6	
2.64875	2.07192E+6	2.64875	2.07192E+6	
2.6488	2.07266E+6	2.6488	2.07266E+6	
2.64885	2.07464E+6	2.64885	2.07464E+6	
2.6489	2.07614E+6	2.6489	2.07614E+6	
2.64895	2.07616E+6	2.64895	2.07616E+6	
2.649	2.07334E+6	2.649	2.07334E+6	
2.64905	2.07416E+6	2.64905	2.07416E+6	
2.6491	2.07393E+6	2.6491	2.07393E+6	
2.64915	2.07391E+6	2.64915	2.07391E+6	
2.6492	2.07848E+6	2.6492	2.07848E+6	
2.64925	2.07981E+6	2.64925	2.07981E+6	
2.6493	2.07635E+6	2.6493	2.07635E+6	
2.64935	2.07593E+6	2.64935	2.07593E+6	
2.6494	2.07348E+6	2.6494	2.07348E+6	
2.64945	2.07743E+6	2.64945	2.07743E+6	
2.6495	2.07374E+6	2.6495	2.07374E+6	
2.64955	2.07785E+6	2.64955	2.07785E+6	
2.6496	2.07335E+6	2.6496	2.07335E+6	
2.64965	2.07505E+6	2.64965	2.07505E+6	
2.6497	2.073E+6	2.6497	2.073E+6	
2.64975	2.07469E+6	2.64975	2.07469E+6	
2.6498	2.07683E+6	2.6498	2.07683E+6	
2.64985	2.07537E+6	2.64985	2.07537E+6	
2.6499	2.07422E+6	2.6499	2.07422E+6	
2.64995	2.0734E+6	2.64995	2.0734E+6	
2.65	2.07601E+6	2.65	2.07601E+6	
2.65005	2.07562E+6	2.65005	2.07562E+6	
2.6501	2.0735E+6	2.6501	2.0735E+6	
2.65015	2.07439E+6	2.65015	2.07439E+6	
2.6502	2.07652E+6	2.6502	2.07652E+6	
2.65025	2.07414E+6	2.65025	2.07414E+6	
2.6503	2.07562E+6	2.6503	2.07562E+6	
2.65035	2.07189E+6	2.65035	2.07189E+6	
2.6504	2.07282E+6	2.6504	2.07282E+6	
2.65045	2.07625E+6	2.65045	2.07625E+6	
2.6505	2.07171E+6	2.6505	2.07171E+6	
2.65055	2.07478E+6	2.65055	2.07478E+6	
2.6506	2.07387E+6	2.6506	2.07387E+6	
2.65065	2.07049E+6	2.65065	2.07049E+6	
2.6507	2.0697E+6	2.6507	2.0697E+6	
2.65075	2.0734E+6	2.65075	2.0734E+6	
2.6508	2.07011E+6	2.6508	2.07011E+6	
2.65085	2.0682E+6	2.65085	2.0682E+6	
2.6509	2.07125E+6	2.6509	2.07125E+6	
2.65095	2.06891E+6	2.65095	2.06891E+6	
2.651	2.07335E+6	2.651	2.07335E+6	
2.65105	2.07027E+6	2.65105	2.07027E+6	
2.6511	2.06968E+6	2.6511	2.06968E+6	
2.65115	2.06778E+6	2.65115	2.06778E+6	
2.6512	2.07011E+6	2.6512	2.07011E+6	
2.65125	2.06958E+6	2.65125	2.06958E+6	
2.6513	2.06789E+6	2.6513	2.06789E+6	
2.65135	2.07005E+6	2.65135	2.07005E+6	
2.6514	2.06765E+6	2.6514	2.06765E+6	
2.65145	2.07052E+6	2.65145	2.07052E+6	
2.6515	2.06932E+6	2.6515	2.06932E+6	
2.65155	2.06735E+6	2.65155	2.06735E+6	
2.6516	2.06766E+6	2.6516	2.06766E+6	
2.65165	2.06784E+6	2.65165	2.06784E+6	
2.6517	2.06782E+6	2.6517	2.06782E+6	
2.65175	2.06338E+6	2.65175	2.06338E+6	
2.6518	2.06174E+6	2.6518	2.06174E+6	
2.65185	2.06455E+6	2.65185	2.06455E+6	
2.6519	2.0633E+6	2.6519	2.0633E+6	
2.65195	2.06312E+6	2.65195	2.06312E+6	
2.652	2.06011E+6	2.652	2.06011E+6	
2.65205	2.059E+6	2.65205	2.059E+6	
2.6521	2.06083E+6	2.6521	2.06083E+6	
2.65215	2.05906E+6	2.65215	2.05906E+6	
2.6522	2.05708E+6	2.6522	2.05708E+6	
2.65225	2.0537E+6	2.65225	2.0537E+6	
2.6523	2.0562E+6	2.6523	2.0562E+6	
2.65235	2.05202E+6	2.65235	2.05202E+6	
2.6524	2.05162E+6	2.6524	2.05162E+6	
2.65245	2.0529E+6	2.65245	2.0529E+6	
2.6525	2.04654E+6	2.6525	2.04654E+6	
2.65255	2.04844E+6	2.65255	2.04844E+6	
2.6526	2.03986E+6	2.6526	2.03986E+6	
2.65265	2.04334E+6	2.65265	2.04334E+6	
2.6527	2.03799E+6	2.6527	2.03799E+6	
2.65275	2.03844E+6	2.65275	2.03844E+6	
2.6528	2.03358E+6	2.6528	2.03358E+6	
2.65285	2.03032E+6	2.65285	2.03032E+6	
2.6529	2.02836E+6	2.6529	2.02836E+6	
2.65295	2.02206E+6	2.65295	2.02206E+6	
2.653	2.01823E+6	2.653	2.01823E+6	
2.65305	2.01691E+6	2.65305	2.01691E+6	
2.6531	2.01315E+6	2.6531	2.01315E+6	
2.65315	2.0065E+6	2.65315	2.0065E+6	
2.6532	2.00196E+6	2.6532	2.00196E+6	
2.65325	1.99837E+6	2.65325	1.99837E+6	
2.6533	1.98976E+6	2.6533	1.98976E+6	
2.65335	1.99229E+6	2.65335	1.99229E+6	
2.6534	1.98969E+6	2.6534	1.98969E+6	
2.65345	1.9886E+6	2.65345	1.9886E+6	
2.6535	1.98585E+6	2.6535	1.98585E+6	
2.65355	1.98288E+6	2.65355	1.98288E+6	
2.6536	1.9846E+6	2.6536	1.9846E+6	
2.65365	1.98806E+6	2.65365	1.98806E+6	
2.6537	1.98873E+6	2.6537	1.98873E+6	
2.65375	1.99344E+6	2.65375	1.99344E+6	
2.6538	1.99496E+6	2.6538	1.99496E+6	
2.65385	1.99913E+6	2.65385	1.99913E+6	
2.6539	2.00524E+6	2.6539	2.00524E+6	
2.65395	2.01214E+6	2.65395	2.01214E+6	
2.654	2.01361E+6	2.654	2.01361E+6	
2.65405	2.01419E+6	2.65405	2.01419E+6	
2.6541	2.02012E+6	2.6541	2.02012E+6	
2.65415	2.02426E+6	2.65415	2.02426E+6	
2.6542	2.02411E+6	2.6542	2.02411E+6	
2.65425	2.02612E+6	2.65425	2.02612E+6	
2.6543	2.03044E+6	2.6543	2.03044E+6	
2.65435	2.03059E+6	2.65435	2.03059E+6	
2.6544	2.03086E+6	2.6544	2.03086E+6	
2.65445	2.03301E+6	2.65445	2.03301E+6	
2.6545	2.03268E+6	2.6545	2.03268E+6	
2.65455	2.03731E+6	2.65455	2.03731E+6	
2.6546	2.0352E+6	2.6546	2.0352E+6	
2.65465	2.03499E+6	2.65465	2.03499E+6	
2.6547	2.03552E+6	2.6547	2.03552E+6	
2.65475	2.03263E+6	2.65475	2.03263E+6	
2.6548	2.02997E+6	2.6548	2.02997E+6	
2.65485	2.0332E+6	2.65485	2.0332E+6	
2.6549	2.03627E+6	2.6549	2.03627E+6	
2.65495	2.02738E+6	2.65495	2.02738E+6	
2.655	2.02955E+6	2.655	2.02955E+6	
2.65505	2.02203E+6	2.65505	2.02203E+6	
2.6551	2.02325E+6	2.6551	2.02325E+6	
2.65515	2.01644E+6	2.65515	2.01644E+6	
2.6552	2.01488E+6	2.6552	2.01488E+6	
2.65525	2.01361E+6	2.65525	2.01361E+6	
2.6553	2.00642E+6	2.6553	2.00642E+6	
2.65535	2.00261E+6	2.65535	2.00261E+6	
2.6554	1.99485E+6	2.6554	1.99485E+6	
2.65545	1.9899E+6	2.65545	1.9899E+6	
2.6555	1.99352E+6	2.6555	1.99352E+6	
2.65555	1.98941E+6	2.65555	1.98941E+6	
2.6556	1.98678E+6	2.6556	1.98678E+6	
2.65565	1.9834E+6	2.65565	1.9834E+6	
2.6557	1.98005E+6	2.6557	1.98005E+6	
2.65575	1.98617E+6	2.65575	1.98617E+6	
2.6558	1.99066E+6	2.6558	1.99066E+6	
2.65585	1.99104E+6	2.65585	1.99104E+6	
2.6559	1.99516E+6	2.6559	1.99516E+6	
2.65595	1.99622E+6	2.65595	1.99622E+6	
2.656	2.00361E+6	2.656	2.00361E+6	
2.65605	2.00605E+6	2.65605	2.00605E+6	
2.6561	2.0095E+6	2.6561	2.0095E+6	
2.65615	2.01525E+6	2.65615	2.01525E+6	
2.6562	2.01718E+6	2.6562	2.01718E+6	
2.65625	2.02428E+6	2.65625	2.02428E+6	
2.6563	2.02814E+6	2.6563	2.02814E+6	
2.65635	2.03123E+6	2.65635	2.03123E+6	
2.6564	2.03001E+6	2.6564	2.03001E+6	
2.65645	2.03325E+6	2.65645	2.03325E+6	
2.6565	2.03579E+6	2.6565	2.03579E+6	
2.65655	2.03823E+6	2.65655	2.03823E+6	
2.6566	2.0361E+6	2.6566	2.0361E+6	
2.65665	2.03381E+6	2.65665	2.03381E+6	
2.6567	2.03896E+6	2.6567	2.03896E+6	
2.65675	2.03819E+6	2.65675	2.03819E+6	
2.6568	2.03882E+6	2.6568	2.03882E+6	
2.65685	2.04035E+6	2.65685	2.04035E+6	
2.6569	2.03855E+6	2.6569	2.03855E+6	
2.65695	2.03713E+6	2.65695	2.03713E+6	
2.657	2.03568E+6	2.657	2.03568E+6	
2.65705	2.03559E+6	2.65705	2.03559E+6	
2.6571	2.03772E+6	2.6571	2.03772E+6	
2.65715	2.03344E+6	2.65715	2.03344E+6	
2.6572	2.03112E+6	2.6572	2.03112E+6	
2.65725	2.02406E+6	2.65725	2.02406E+6	
2.6573	2.02419E+6	2.6573	2.02419E+6	
2.65735	2.022E+6	2.65735	2.022E+6	
2.6574	2.01965E+6	2.6574	2.01965E+6	
2.65745	2.00846E+6	2.65745	2.00846E+6	
2.6575	2.0139E+6	2.6575	2.0139E+6	
2.65755	2.00582E+6	2.65755	2.00582E+6	
2.6576	2.0015E+6	2.6576	2.0015E+6	
2.65765	1.99895E+6	2.65765	1.99895E+6	
2.6577	1.99376E+6	2.6577	1.99376E+6	
2.65775	1.99432E+6	2.65775	1.99432E+6	
2.6578	1.99162E+6	2.6578	1.99162E+6	
2.65785	1.98749E+6	2.65785	1.98749E+6	
2.6579	1.99201E+6	2.6579	1.99201E+6	
2.65795	1.99556E+6	2.65795	1.99556E+6	
2.658	1.99688E+6	2.658	1.99688E+6	
2.65805	2.00529E+6	2.65805	2.00529E+6	
2.6581	2.00169E+6	2.6581	2.00169E+6	
2.65815	2.00894E+6	2.65815	2.00894E+6	
2.6582	2.01718E+6	2.6582	2.01718E+6	
2.65825	2.0162E+6	2.65825	2.0162E+6	
2.6583	2.02505E+6	2.6583	2.02505E+6	
2.65835	2.03054E+6	2.65835	2.03054E+6	
2.6584	2.03022E+6	2.6584	2.03022E+6	
2.65845	2.0347E+6	2.65845	2.0347E+6	
2.6585	2.04265E+6	2.6585	2.04265E+6	
2.65855	2.04564E+6	2.65855	2.04564E+6	
2.6586	2.04598E+6	2.6586	2.04598E+6	
2.65865	2.04928E+6	2.65865	2.04928E+6	
2.6587	2.04733E+6	2.6587	2.04733E+6	
2.65875	2.05609E+6	2.65875	2.05609E+6	
2.6588	2.05575E+6	2.6588	2.05575E+6	
2.65885	2.05595E+6	2.65885	2.05595E+6	
2.6589	2.06115E+6	2.6589	2.06115E+6	
2.65895	2.06239E+6	2.65895	2.06239E+6	
2.659	2.06181E+6	2.659	2.06181E+6	
2.65905	2.06053E+6	2.65905	2.06053E+6	
2.6591	2.06484E+6	2.6591	2.06484E+6	
2.65915	2.06759E+6	2.65915	2.06759E+6	
2.6592	2.06515E+6	2.6592	2.06515E+6	
2.65925	2.06648E+6	2.65925	2.06648E+6	
2.6593	2.06431E+6	2.6593	2.06431E+6	
2.65935	2.06839E+6	2.65935	2.06839E+6	
2.6594	2.0667E+6	2.6594	2.0667E+6	
2.65945	2.06956E+6	2.65945	2.06956E+6	
2.6595	2.07239E+6	2.6595	2.07239E+6	
2.65955	2.07231E+6	2.65955	2.07231E+6	
2.6596	2.07298E+6	2.6596	2.07298E+6	
2.65965	2.07231E+6	2.65965	2.07231E+6	
2.6597	2.0697E+6	2.6597	2.0697E+6	
2.65975	2.07338E+6	2.65975	2.07338E+6	
2.6598	2.07116E+6	2.6598	2.07116E+6	
2.65985	2.07439E+6	2.65985	2.07439E+6	
2.6599	2.07311E+6	2.6599	2.07311E+6	
2.65995	2.07734E+6	2.65995	2.07734E+6	
2.66	2.07213E+6	2.66	2.07213E+6	
2.66005	2.07317E+6	2.66005	2.07317E+6	
2.6601	2.07317E+6	2.6601	2.07317E+6	
2.66015	2.07427E+6	2.66015	2.07427E+6	
2.6602	2.07877E+6	2.6602	2.07877E+6	
2.66025	2.07637E+6	2.66025	2.07637E+6	
2.6603	2.07545E+6	2.6603	2.07545E+6	
2.66035	2.07411E+6	2.66035	2.07411E+6	
2.6604	2.07271E+6	2.6604	2.07271E+6	
2.66045	2.07613E+6	2.66045	2.07613E+6	
2.6605	2.06721E+6	2.6605	2.06721E+6	
2.66055	2.07205E+6	2.66055	2.07205E+6	
2.6606	2.07324E+6	2.6606	2.07324E+6	
2.66065	2.07259E+6	2.66065	2.07259E+6	
2.6607	2.0713E+6	2.6607	2.0713E+6	
2.66075	2.07488E+6	2.66075	2.07488E+6	
2.6608	2.0802E+6	2.6608	2.0802E+6	
2.66085	2.07519E+6	2.66085	2.07519E+6	
2.6609	2.07954E+6	2.6609	2.07954E+6	
2.66095	2.07466E+6	2.66095	2.07466E+6	
2.661	2.07409E+6	2.661	2.07409E+6	
2.66105	2.07753E+6	2.66105	2.07753E+6	
2.6611	2.075E+6	2.6611	2.075E+6	
2.66115	2.07905E+6	2.66115	2.07905E+6	
2.6612	2.07495E+6	2.6612	2.07495E+6	
2.66125	2.08124E+6	2.66125	2.08124E+6	
2.6613	2.07484E+6	2.6613	2.07484E+6	
2.66135	2.07671E+6	2.66135	2.07671E+6	
2.6614	2.08099E+6	2.6614	2.08099E+6	
2.66145	2.0777E+6	2.66145	2.0777E+6	
2.6615	2.07698E+6	2.6615	2.07698E+6	
2.66155	2.07609E+6	2.66155	2.07609E+6	
2.6616	2.07762E+6	2.6616	2.07762E+6	
2.66165	2.08223E+6	2.66165	2.08223E+6	
2.6617	2.07941E+6	2.6617	2.07941E+6	
2.66175	2.07804E+6	2.66175	2.07804E+6	
2.6618	2.08048E+6	2.6618	2.08048E+6	
2.66185	2.07976E+6	2.66185	2.07976E+6	
2.6619	2.07502E+6	2.6619	2.07502E+6	
2.66195	2.0801E+6	2.66195	2.0801E+6	
2.662	2.0811E+6	2.662	2.0811E+6	
2.66205	2.07869E+6	2.66205	2.07869E+6	
2.6621	2.07677E+6	2.6621	2.07677E+6	
2.66215	2.07727E+6	2.66215	2.07727E+6	
2.6622	2.08263E+6	2.6622	2.08263E+6	
2.66225	2.08165E+6	2.66225	2.08165E+6	
2.6623	2.07685E+6	2.6623	2.07685E+6	
2.66235	2.07906E+6	2.66235	2.07906E+6	
2.6624	2.07835E+6	2.6624	2.07835E+6	
2.66245	2.08218E+6	2.66245	2.08218E+6	
2.6625	2.08274E+6	2.6625	2.08274E+6	
2.66255	2.08018E+6	2.66255	2.08018E+6	
2.6626	2.07891E+6	2.6626	2.07891E+6	
2.66265	2.0805E+6	2.66265	2.0805E+6	
2.6627	2.07601E+6	2.6627	2.07601E+6	
2.66275	2.07882E+6	2.66275	2.07882E+6	
2.6628	2.0815E+6	2.6628	2.0815E+6	
2.66285	2.08273E+6	2.66285	2.08273E+6	
2.6629	2.08129E+6	2.6629	2.08129E+6	
2.66295	2.07887E+6	2.66295	2.07887E+6	
2.663	2.07879E+6	2.663	2.07879E+6	
