2.8300E+00 	4.7191E-05 	2.8500E+00 	4.5737E-04 	
2.8302E+00 	6.7520E-05 	2.8501E+00 	1.4865E-03 	
2.8304E+00 	5.0386E-04 	2.8502E+00 	3.9944E-03 	
2.8306E+00 	1.0825E-03 	2.8503E+00 	7.6838E-03 	
2.8308E+00 	1.4157E-03 	2.8504E+00 	1.0695E-02 	
2.8310E+00 	1.6764E-03 	2.8505E+00 	1.3195E-02 	
2.8312E+00 	1.9102E-03 	2.8506E+00 	1.5154E-02 	
2.8314E+00 	2.1229E-03 	2.8507E+00 	1.7289E-02 	
2.8316E+00 	2.2739E-03 	2.8508E+00 	1.8653E-02 	
2.8318E+00 	2.6841E-03 	2.8509E+00 	1.9865E-02 	
2.8320E+00 	3.1444E-03 	2.8510E+00 	2.0513E-02 	
2.8322E+00 	3.3549E-03 	2.8511E+00 	2.0871E-02 	
2.8324E+00 	3.6424E-03 	2.8512E+00 	2.1344E-02 	
2.8326E+00 	3.8856E-03 	2.8513E+00 	2.2945E-02 	
2.8328E+00 	4.0316E-03 	2.8514E+00 	2.3753E-02 	
2.8330E+00 	4.2044E-03 	2.8515E+00 	2.4675E-02 	
2.8332E+00 	4.5049E-03 	2.8516E+00 	2.4797E-02 	
2.8334E+00 	4.8498E-03 	2.8517E+00 	2.6207E-02 	
2.8336E+00 	5.1460E-03 	2.8518E+00 	2.7031E-02 	
2.8338E+00 	5.2651E-03 	2.8519E+00 	2.8319E-02 	
2.8340E+00 	5.3696E-03 	2.8520E+00 	3.0186E-02 	
2.8342E+00 	5.3529E-03 	2.8521E+00 	3.2275E-02 	
2.8344E+00 	5.5090E-03 	2.8522E+00 	3.3243E-02 	
2.8346E+00 	5.8655E-03 	2.8523E+00 	3.4562E-02 	
2.8348E+00 	6.1987E-03 	2.8524E+00 	3.6071E-02 	
2.8350E+00 	6.5356E-03 	2.8525E+00 	3.8472E-02 	
2.8352E+00 	6.8768E-03 	2.8526E+00 	3.9639E-02 	
2.8354E+00 	7.0983E-03 	2.8527E+00 	4.1537E-02 	
2.8356E+00 	7.2348E-03 	2.8528E+00 	4.2566E-02 	
2.8358E+00 	7.5615E-03 	2.8529E+00 	4.4395E-02 	
2.8360E+00 	7.8533E-03 	2.8530E+00 	4.5737E-02 	
2.8362E+00 	8.2214E-03 	2.8531E+00 	4.9266E-02 	
2.8364E+00 	8.5460E-03 	2.8532E+00 	5.0852E-02 	
2.8366E+00 	8.7427E-03 	2.8533E+00 	5.3146E-02 	
2.8368E+00 	8.9837E-03 	2.8534E+00 	5.5601E-02 	
2.8370E+00 	9.2567E-03 	2.8535E+00 	5.7789E-02 	
2.8372E+00 	9.6045E-03 	2.8536E+00 	5.9999E-02 	
2.8374E+00 	9.9080E-03 	2.8537E+00 	6.3300E-02 	
2.8376E+00 	1.0324E-02 	2.8538E+00 	6.5785E-02 	
2.8378E+00 	1.0822E-02 	2.8539E+00 	6.9032E-02 	
2.8380E+00 	1.1313E-02 	2.8540E+00 	7.1578E-02 	
2.8382E+00 	1.1640E-02 	2.8541E+00 	7.5001E-02 	
2.8384E+00 	1.2019E-02 	2.8542E+00 	7.7547E-02 	
2.8386E+00 	1.2450E-02 	2.8543E+00 	8.1412E-02 	
2.8388E+00 	1.2890E-02 	2.8544E+00 	8.5490E-02 	
2.8390E+00 	1.3473E-02 	2.8545E+00 	8.9530E-02 	
2.8392E+00 	1.3966E-02 	2.8546E+00 	9.2396E-02 	
2.8394E+00 	1.4480E-02 	2.8547E+00 	9.6215E-02 	
2.8396E+00 	1.4926E-02 	2.8548E+00 	1.0097E-01 	
2.8398E+00 	1.5386E-02 	2.8549E+00 	1.0578E-01 	
2.8400E+00 	1.5853E-02 	2.8550E+00 	1.1070E-01 	
2.8402E+00 	1.6355E-02 	2.8551E+00 	1.1680E-01 	
2.8404E+00 	1.7006E-02 	2.8552E+00 	1.2190E-01 	
2.8406E+00 	1.7702E-02 	2.8553E+00 	1.2796E-01 	
2.8408E+00 	1.8569E-02 	2.8554E+00 	1.3247E-01 	
2.8410E+00 	1.9348E-02 	2.8555E+00 	1.3913E-01 	
2.8412E+00 	2.0079E-02 	2.8556E+00 	1.4564E-01 	
2.8414E+00 	2.0604E-02 	2.8557E+00 	1.5222E-01 	
2.8416E+00 	2.1035E-02 	2.8558E+00 	1.5936E-01 	
2.8418E+00 	2.1502E-02 	2.8559E+00 	1.6484E-01 	
2.8420E+00 	2.2255E-02 	2.8560E+00 	1.7033E-01 	
2.8422E+00 	2.3003E-02 	2.8561E+00 	1.7667E-01 	
2.8424E+00 	2.3820E-02 	2.8562E+00 	1.8466E-01 	
2.8426E+00 	2.4769E-02 	2.8563E+00 	1.9316E-01 	
2.8428E+00 	2.5707E-02 	2.8564E+00 	2.0083E-01 	
2.8430E+00 	2.6634E-02 	2.8565E+00 	2.0903E-01 	
2.8432E+00 	2.7635E-02 	2.8566E+00 	2.1769E-01 	
2.8434E+00 	2.8555E-02 	2.8567E+00 	2.2731E-01 	
2.8436E+00 	2.9515E-02 	2.8568E+00 	2.3781E-01 	
2.8438E+00 	3.0552E-02 	2.8569E+00 	2.4834E-01 	
2.8440E+00 	3.1598E-02 	2.8570E+00 	2.5730E-01 	
2.8442E+00 	3.2560E-02 	2.8571E+00 	2.6665E-01 	
2.8444E+00 	3.3687E-02 	2.8572E+00 	2.7566E-01 	
2.8446E+00 	3.4885E-02 	2.8573E+00 	2.8568E-01 	
2.8448E+00 	3.6286E-02 	2.8574E+00 	2.9790E-01 	
2.8450E+00 	3.7812E-02 	2.8575E+00 	3.0970E-01 	
2.8452E+00 	3.9291E-02 	2.8576E+00 	3.1540E-01 	
2.8454E+00 	4.0742E-02 	2.8577E+00 	3.2238E-01 	
2.8456E+00 	4.2146E-02 	2.8578E+00 	3.3406E-01 	
2.8458E+00 	4.3503E-02 	2.8579E+00 	3.5050E-01 	
2.8460E+00 	4.5020E-02 	2.8580E+00 	3.6673E-01 	
2.8462E+00 	4.6771E-02 	2.8581E+00 	3.8341E-01 	
2.8464E+00 	4.8710E-02 	2.8582E+00 	3.9920E-01 	
2.8466E+00 	5.0837E-02 	2.8583E+00 	4.1326E-01 	
2.8468E+00 	5.2987E-02 	2.8584E+00 	4.2602E-01 	
2.8470E+00 	5.4944E-02 	2.8585E+00 	4.3970E-01 	
2.8472E+00 	5.7096E-02 	2.8586E+00 	4.5392E-01 	
2.8474E+00 	5.9324E-02 	2.8587E+00 	4.6876E-01 	
2.8476E+00 	6.1582E-02 	2.8588E+00 	4.8400E-01 	
2.8478E+00 	6.4121E-02 	2.8589E+00 	4.9926E-01 	
2.8480E+00 	6.6669E-02 	2.8590E+00 	5.1496E-01 	
2.8482E+00 	6.9326E-02 	2.8591E+00 	5.3133E-01 	
2.8484E+00 	7.2237E-02 	2.8592E+00 	5.4875E-01 	
2.8486E+00 	7.5552E-02 	2.8593E+00 	5.6779E-01 	
2.8488E+00 	7.9129E-02 	2.8594E+00 	5.8735E-01 	
2.8490E+00 	8.2614E-02 	2.8595E+00 	6.0643E-01 	
2.8492E+00 	8.6168E-02 	2.8596E+00 	6.2301E-01 	
2.8494E+00 	8.9783E-02 	2.8597E+00 	6.4228E-01 	
2.8496E+00 	9.3491E-02 	2.8598E+00 	6.6152E-01 	
2.8498E+00 	9.7563E-02 	2.8599E+00 	6.7997E-01 	
2.8500E+00 	1.0182E-01 	2.8600E+00 	6.9789E-01 	
2.8502E+00 	1.0636E-01 	2.8601E+00 	7.1761E-01 	
2.8504E+00 	1.1113E-01 	2.8602E+00 	7.3702E-01 	
2.8506E+00 	1.1624E-01 	2.8603E+00 	7.5510E-01 	
2.8508E+00 	1.2167E-01 	2.8604E+00 	7.7198E-01 	
2.8510E+00 	1.2722E-01 	2.8605E+00 	7.9014E-01 	
2.8512E+00 	1.3313E-01 	2.8606E+00 	8.0895E-01 	
2.8514E+00 	1.3945E-01 	2.8607E+00 	8.3005E-01 	
2.8516E+00 	1.4627E-01 	2.8608E+00 	8.5138E-01 	
2.8518E+00 	1.5353E-01 	2.8609E+00 	8.7308E-01 	
2.8520E+00 	1.6145E-01 	2.8610E+00 	8.9125E-01 	
2.8522E+00 	1.6993E-01 	2.8611E+00 	9.0423E-01 	
2.8524E+00 	1.7902E-01 	2.8612E+00 	9.1301E-01 	
2.8526E+00 	1.8820E-01 	2.8613E+00 	9.2322E-01 	
2.8528E+00 	1.9742E-01 	2.8614E+00 	9.3062E-01 	
2.8530E+00 	2.0681E-01 	2.8615E+00 	9.3901E-01 	
2.8532E+00 	2.1650E-01 	2.8616E+00 	9.4799E-01 	
2.8534E+00 	2.2672E-01 	2.8617E+00 	9.5821E-01 	
2.8536E+00 	2.3769E-01 	2.8618E+00 	9.6786E-01 	
2.8538E+00 	2.4930E-01 	2.8619E+00 	9.7853E-01 	
2.8540E+00 	2.6164E-01 	2.8620E+00 	9.8607E-01 	
2.8542E+00 	2.7449E-01 	2.8621E+00 	9.9315E-01 	
2.8544E+00 	2.8812E-01 	2.8622E+00 	9.9745E-01 	
2.8546E+00 	3.0251E-01 	2.8623E+00 	1.0000E+00 	
2.8548E+00 	3.1744E-01 	2.8624E+00 	9.9877E-01 	
2.8550E+00 	3.3256E-01 	2.8625E+00 	9.9549E-01 	
2.8552E+00 	3.4813E-01 	2.8626E+00 	9.9002E-01 	
2.8554E+00 	3.6445E-01 	2.8627E+00 	9.8203E-01 	
2.8556E+00 	3.8121E-01 	2.8628E+00 	9.6958E-01 	
2.8558E+00 	3.9843E-01 	2.8629E+00 	9.5249E-01 	
2.8560E+00 	4.1651E-01 	2.8630E+00 	9.3301E-01 	
2.8562E+00 	4.3520E-01 	2.8631E+00 	9.1246E-01 	
2.8564E+00 	4.5438E-01 	2.8632E+00 	8.9232E-01 	
2.8566E+00 	4.7380E-01 	2.8633E+00 	8.7040E-01 	
2.8568E+00 	4.9355E-01 	2.8634E+00 	8.4676E-01 	
2.8570E+00 	5.1339E-01 	2.8635E+00 	8.2221E-01 	
2.8572E+00 	5.3315E-01 	2.8636E+00 	7.9584E-01 	
2.8574E+00 	5.5306E-01 	2.8637E+00 	7.7173E-01 	
2.8576E+00 	5.7117E-01 	2.8638E+00 	7.4666E-01 	
2.8578E+00 	5.8158E-01 	2.8639E+00 	7.1941E-01 	
2.8580E+00 	5.9371E-01 	2.8640E+00 	6.9057E-01 	
2.8582E+00 	6.1414E-01 	2.8641E+00 	6.6315E-01 	
2.8584E+00 	6.3885E-01 	2.8642E+00 	6.3459E-01 	
2.8586E+00 	6.6403E-01 	2.8643E+00 	6.0492E-01 	
2.8588E+00 	6.8867E-01 	2.8644E+00 	5.7639E-01 	
2.8590E+00 	7.1240E-01 	2.8645E+00 	5.5028E-01 	
2.8592E+00 	7.3560E-01 	2.8646E+00 	5.2464E-01 	
2.8594E+00 	7.5815E-01 	2.8647E+00 	4.9863E-01 	
2.8596E+00 	7.8079E-01 	2.8648E+00 	4.6998E-01 	
2.8598E+00 	8.0303E-01 	2.8649E+00 	4.4113E-01 	
2.8600E+00 	8.2466E-01 	2.8650E+00 	4.1111E-01 	
2.8602E+00 	8.4551E-01 	2.8651E+00 	3.8178E-01 	
2.8604E+00 	8.6551E-01 	2.8652E+00 	3.5265E-01 	
2.8606E+00 	8.8479E-01 	2.8653E+00 	3.2768E-01 	
2.8608E+00 	9.0364E-01 	2.8654E+00 	3.0229E-01 	
2.8610E+00 	9.2184E-01 	2.8655E+00 	2.8002E-01 	
2.8612E+00 	9.3861E-01 	2.8656E+00 	2.5795E-01 	
2.8614E+00 	9.5411E-01 	2.8657E+00 	2.3763E-01 	
2.8616E+00 	9.6821E-01 	2.8658E+00 	2.1953E-01 	
2.8618E+00 	9.7984E-01 	2.8659E+00 	2.0266E-01 	
2.8620E+00 	9.8839E-01 	2.8660E+00 	1.8716E-01 	
2.8622E+00 	9.9486E-01 	2.8661E+00 	1.7303E-01 	
2.8624E+00 	9.9916E-01 	2.8662E+00 	1.5881E-01 	
2.8626E+00 	1.0000E+00 	2.8663E+00 	1.4649E-01 	
2.8628E+00 	9.9686E-01 	2.8664E+00 	1.3468E-01 	
2.8630E+00 	9.8959E-01 	2.8665E+00 	1.2338E-01 	
2.8632E+00 	9.7864E-01 	2.8666E+00 	1.1179E-01 	
2.8634E+00 	9.6467E-01 	2.8667E+00 	1.0303E-01 	
2.8636E+00 	9.4833E-01 	2.8668E+00 	9.4744E-02 	
2.8638E+00 	9.2923E-01 	2.8669E+00 	8.8806E-02 	
2.8640E+00 	9.0724E-01 	2.8670E+00 	8.2365E-02 	
2.8642E+00 	8.8181E-01 	2.8671E+00 	7.6594E-02 	
2.8644E+00 	8.5334E-01 	2.8672E+00 	7.0625E-02 	
2.8646E+00 	8.2220E-01 	2.8673E+00 	6.4847E-02 	
2.8648E+00 	7.8923E-01 	2.8674E+00 	6.0518E-02 	
2.8650E+00 	7.5439E-01 	2.8675E+00 	5.7834E-02 	
2.8652E+00 	7.1825E-01 	2.8676E+00 	5.3802E-02 	
2.8654E+00 	6.8119E-01 	2.8677E+00 	5.1759E-02 	
2.8656E+00 	6.4304E-01 	2.8678E+00 	4.8298E-02 	
2.8658E+00 	6.0431E-01 	2.8679E+00 	4.6118E-02 	
2.8660E+00 	5.6622E-01 	2.8680E+00 	4.3702E-02 	
2.8662E+00 	5.2913E-01 	2.8681E+00 	4.2665E-02 	
2.8664E+00 	4.9328E-01 	2.8682E+00 	4.1217E-02 	
2.8666E+00 	4.5927E-01 	2.8683E+00 	4.1064E-02 	
2.8668E+00 	4.2757E-01 	2.8684E+00 	4.0355E-02 	
2.8670E+00 	3.9765E-01 	2.8685E+00 	4.0630E-02 	
2.8672E+00 	3.6992E-01 	2.8686E+00 	4.0226E-02 	
2.8674E+00 	3.4518E-01 	2.8687E+00 	4.1110E-02 	
2.8676E+00 	3.2372E-01 	2.8688E+00 	4.2055E-02 	
2.8678E+00 	3.0492E-01 	2.8689E+00 	4.3427E-02 	
2.8680E+00 	2.8876E-01 	2.8690E+00 	4.3847E-02 	
2.8682E+00 	2.7570E-01 	2.8691E+00 	4.6431E-02 	
2.8684E+00 	2.6571E-01 	2.8692E+00 	4.8184E-02 	
2.8686E+00 	2.5915E-01 	2.8693E+00 	5.0799E-02 	
2.8688E+00 	2.5650E-01 	2.8694E+00 	5.3444E-02 	
2.8690E+00 	2.5734E-01 	2.8695E+00 	5.6325E-02 	
2.8692E+00 	2.6117E-01 	2.8696E+00 	5.9107E-02 	
2.8694E+00 	2.6772E-01 	2.8697E+00 	6.3704E-02 	
2.8696E+00 	2.7710E-01 	2.8698E+00 	6.8087E-02 	
2.8698E+00 	2.8982E-01 	2.8699E+00 	7.3736E-02 	
2.8700E+00 	3.0576E-01 	2.8700E+00 	7.8972E-02 	
2.8702E+00 	3.2467E-01 	2.8701E+00 	8.5147E-02 	
2.8704E+00 	3.4675E-01 	2.8702E+00 	9.0917E-02 	
2.8706E+00 	3.7148E-01 	2.8703E+00 	9.8411E-02 	
2.8708E+00 	3.9854E-01 	2.8704E+00 	1.0601E-01 	
2.8710E+00 	4.2750E-01 	2.8705E+00 	1.1627E-01 	
2.8712E+00 	4.5855E-01 	2.8706E+00 	1.2643E-01 	
2.8714E+00 	4.9150E-01 	2.8707E+00 	1.3695E-01 	
2.8716E+00 	5.2557E-01 	2.8708E+00 	1.4813E-01 	
2.8718E+00 	5.6034E-01 	2.8709E+00 	1.6139E-01 	
2.8720E+00 	5.9590E-01 	2.8710E+00 	1.7567E-01 	
2.8722E+00 	6.3119E-01 	2.8711E+00 	1.9118E-01 	
2.8724E+00 	6.6581E-01 	2.8712E+00 	2.0606E-01 	
2.8726E+00 	6.9973E-01 	2.8713E+00 	2.2155E-01 	
2.8728E+00 	7.3249E-01 	2.8714E+00 	2.3786E-01 	
2.8730E+00 	7.6350E-01 	2.8715E+00 	2.5638E-01 	
2.8732E+00 	7.9196E-01 	2.8716E+00 	2.7604E-01 	
2.8734E+00 	8.1742E-01 	2.8717E+00 	2.9787E-01 	
2.8736E+00 	8.4014E-01 	2.8718E+00 	3.2100E-01 	
2.8738E+00 	8.6089E-01 	2.8719E+00 	3.4329E-01 	
2.8740E+00 	8.7903E-01 	2.8720E+00 	3.6687E-01 	
2.8742E+00 	8.9350E-01 	2.8721E+00 	3.9031E-01 	
2.8744E+00 	9.0466E-01 	2.8722E+00 	4.1361E-01 	
2.8746E+00 	9.1303E-01 	2.8723E+00 	4.3773E-01 	
2.8748E+00 	9.1896E-01 	2.8724E+00 	4.6225E-01 	
2.8750E+00 	9.2200E-01 	2.8725E+00 	4.8804E-01 	
2.8752E+00 	9.2183E-01 	2.8726E+00 	5.1510E-01 	
2.8754E+00 	9.1878E-01 	2.8727E+00 	5.4107E-01 	
2.8756E+00 	9.1373E-01 	2.8728E+00 	5.6588E-01 	
2.8758E+00 	9.0613E-01 	2.8729E+00 	5.9065E-01 	
2.8760E+00 	8.9589E-01 	2.8730E+00 	6.1291E-01 	
2.8762E+00 	8.8339E-01 	2.8731E+00 	6.3447E-01 	
2.8764E+00 	8.6880E-01 	2.8732E+00 	6.5428E-01 	
2.8766E+00 	8.5199E-01 	2.8733E+00 	6.7292E-01 	
2.8768E+00 	8.3369E-01 	2.8734E+00 	6.9060E-01 	
2.8770E+00 	8.1490E-01 	2.8735E+00 	7.0741E-01 	
2.8772E+00 	7.9550E-01 	2.8736E+00 	7.2136E-01 	
2.8774E+00 	7.7521E-01 	2.8737E+00 	7.3601E-01 	
2.8776E+00 	7.5403E-01 	2.8738E+00 	7.4861E-01 	
2.8778E+00 	7.3222E-01 	2.8739E+00 	7.6028E-01 	
2.8780E+00 	7.1058E-01 	2.8740E+00 	7.7137E-01 	
2.8782E+00 	6.8957E-01 	2.8741E+00 	7.8164E-01 	
2.8784E+00 	6.6897E-01 	2.8742E+00 	7.9289E-01 	
2.8786E+00 	6.4802E-01 	2.8743E+00 	8.0495E-01 	
2.8788E+00 	6.2684E-01 	2.8744E+00 	8.1343E-01 	
2.8790E+00 	6.0616E-01 	2.8745E+00 	8.1962E-01 	
2.8792E+00 	5.8635E-01 	2.8746E+00 	8.2265E-01 	
2.8794E+00 	5.6666E-01 	2.8747E+00 	8.2339E-01 	
2.8796E+00 	5.4700E-01 	2.8748E+00 	8.2336E-01 	
2.8798E+00 	5.2757E-01 	2.8749E+00 	8.2068E-01 	
2.8800E+00 	5.0847E-01 	2.8750E+00 	8.1453E-01 	
2.8802E+00 	4.8976E-01 	2.8751E+00 	8.0804E-01 	
2.8804E+00 	4.7154E-01 	2.8752E+00 	7.9904E-01 	
2.8806E+00 	4.5331E-01 	2.8753E+00 	7.9065E-01 	
2.8808E+00 	4.3481E-01 	2.8754E+00 	7.8188E-01 	
2.8810E+00 	4.1655E-01 	2.8755E+00 	7.7173E-01 	
2.8812E+00 	3.9893E-01 	2.8756E+00 	7.6025E-01 	
2.8814E+00 	3.8185E-01 	2.8757E+00 	7.4621E-01 	
2.8816E+00 	3.6532E-01 	2.8758E+00 	7.3184E-01 	
2.8818E+00 	3.4943E-01 	2.8759E+00 	7.1771E-01 	
2.8820E+00 	3.3401E-01 	2.8760E+00 	7.0370E-01 	
2.8822E+00 	3.1894E-01 	2.8761E+00 	6.9055E-01 	
2.8824E+00 	3.0432E-01 	2.8762E+00 	6.7527E-01 	
2.8826E+00 	2.8996E-01 	2.8763E+00 	6.5796E-01 	
2.8828E+00 	2.7633E-01 	2.8764E+00 	6.3895E-01 	
2.8830E+00 	2.6358E-01 	2.8765E+00 	6.2289E-01 	
2.8832E+00 	2.5152E-01 	2.8766E+00 	6.0627E-01 	
2.8834E+00 	2.3974E-01 	2.8767E+00 	5.9056E-01 	
2.8836E+00 	2.2848E-01 	2.8768E+00 	5.7266E-01 	
2.8838E+00 	2.1778E-01 	2.8769E+00 	5.5589E-01 	
2.8840E+00 	2.0752E-01 	2.8770E+00 	5.3720E-01 	
2.8842E+00 	1.9745E-01 	2.8771E+00 	5.1886E-01 	
2.8844E+00 	1.8776E-01 	2.8772E+00 	5.0231E-01 	
2.8846E+00 	1.7868E-01 	2.8773E+00 	4.8717E-01 	
2.8848E+00 	1.7008E-01 	2.8774E+00 	4.7114E-01 	
2.8850E+00 	1.6144E-01 	2.8775E+00 	4.5557E-01 	
2.8852E+00 	1.5170E-01 	2.8776E+00 	4.4151E-01 	
2.8854E+00 	1.4261E-01 	2.8777E+00 	4.2763E-01 	
2.8856E+00 	1.3555E-01 	2.8778E+00 	4.1457E-01 	
2.8858E+00 	1.2994E-01 	2.8779E+00 	4.0104E-01 	
2.8860E+00 	1.2484E-01 	2.8780E+00 	3.8616E-01 	
2.8862E+00 	1.1989E-01 	2.8781E+00 	3.7211E-01 	
2.8864E+00 	1.1488E-01 	2.8782E+00 	3.5742E-01 	
2.8866E+00 	1.0998E-01 	2.8783E+00 	3.4502E-01 	
2.8868E+00 	1.0511E-01 	2.8784E+00 	3.3248E-01 	
2.8870E+00 	1.0049E-01 	2.8785E+00 	3.2113E-01 	
2.8872E+00 	9.6037E-02 	2.8786E+00 	3.0978E-01 	
2.8874E+00 	9.1556E-02 	2.8787E+00 	2.9839E-01 	
2.8876E+00 	8.7480E-02 	2.8788E+00 	2.8769E-01 	
2.8878E+00 	8.3787E-02 	2.8789E+00 	2.7880E-01 	
2.8880E+00 	8.0179E-02 	2.8790E+00 	2.6932E-01 	
2.8882E+00 	7.6799E-02 	2.8791E+00 	2.6164E-01 	
2.8884E+00 	7.3689E-02 	2.8792E+00 	2.5341E-01 	
2.8886E+00 	7.0647E-02 	2.8793E+00 	2.4495E-01 	
2.8888E+00 	6.7796E-02 	2.8794E+00 	2.3623E-01 	
2.8890E+00 	6.5258E-02 	2.8795E+00 	2.2710E-01 	
2.8892E+00 	6.2824E-02 	2.8796E+00 	2.1793E-01 	
2.8894E+00 	6.0475E-02 	2.8797E+00 	2.0922E-01 	
2.8896E+00 	5.8282E-02 	2.8798E+00 	1.9948E-01 	
2.8898E+00 	5.6154E-02 	2.8799E+00 	1.9114E-01 	
2.8900E+00 	5.4024E-02 	2.8800E+00 	1.8379E-01 	
2.8902E+00 	5.1994E-02 	2.8801E+00 	1.7668E-01 	
2.8904E+00 	5.0097E-02 	2.8802E+00 	1.6958E-01 	
2.8906E+00 	4.8335E-02 	2.8803E+00 	1.6298E-01 	
2.8908E+00 	4.6675E-02 	2.8804E+00 	1.5584E-01 	
2.8910E+00 	4.4902E-02 	2.8805E+00 	1.4941E-01 	
2.8912E+00 	4.3162E-02 	2.8806E+00 	1.4252E-01 	
2.8914E+00 	4.1653E-02 	2.8807E+00 	1.3694E-01 	
2.8916E+00 	4.0283E-02 	2.8808E+00 	1.3292E-01 	
2.8918E+00 	3.8980E-02 	2.8809E+00 	1.2785E-01 	
2.8920E+00 	3.7895E-02 	2.8810E+00 	1.2213E-01 	
2.8922E+00 	3.6679E-02 	2.8811E+00 	1.1705E-01 	
2.8924E+00 	3.5457E-02 	2.8812E+00 	1.1142E-01 	
2.8926E+00 	3.4317E-02 	2.8813E+00 	1.0754E-01 	
2.8928E+00 	3.3103E-02 	2.8814E+00 	1.0223E-01 	
2.8930E+00 	3.1869E-02 	2.8815E+00 	9.7618E-02 	
2.8932E+00 	3.0866E-02 	2.8816E+00 	9.2694E-02 	
2.8934E+00 	2.9897E-02 	2.8817E+00 	8.8341E-02 	
2.8936E+00 	2.9014E-02 	2.8818E+00 	8.4065E-02 	
2.8938E+00 	2.8034E-02 	2.8819E+00 	8.1137E-02 	
2.8940E+00 	2.7173E-02 	2.8820E+00 	7.7067E-02 	
2.8942E+00 	2.6328E-02 	2.8821E+00 	7.4643E-02 	
2.8944E+00 	2.5600E-02 	2.8822E+00 	7.1007E-02 	
2.8946E+00 	2.4809E-02 	2.8823E+00 	6.7759E-02 	
2.8948E+00 	2.3902E-02 	2.8824E+00 	6.5259E-02 	
2.8950E+00 	2.3039E-02 	2.8825E+00 	6.3651E-02 	
2.8952E+00 	2.2122E-02 	2.8826E+00 	6.0731E-02 	
2.8954E+00 	2.1381E-02 	2.8827E+00 	5.9168E-02 	
2.8956E+00 	2.0906E-02 	2.8828E+00 	5.6226E-02 	
2.8958E+00 	2.0387E-02 	2.8829E+00 	5.4511E-02 	
2.8960E+00 	1.9817E-02 	2.8830E+00 	5.2133E-02 	
2.8962E+00 	1.9232E-02 	2.8831E+00 	5.0166E-02 	
2.8964E+00 	1.8663E-02 	2.8832E+00 	4.9068E-02 	
2.8966E+00 	1.8067E-02 	2.8833E+00 	4.6972E-02 	
2.8968E+00 	1.7512E-02 	2.8834E+00 	4.3816E-02 	
2.8970E+00 	1.6924E-02 	2.8835E+00 	4.2573E-02 	
2.8972E+00 	1.6371E-02 	2.8836E+00 	4.0317E-02 	
2.8974E+00 	1.5895E-02 	2.8837E+00 	3.9250E-02 	
2.8976E+00 	1.5435E-02 	2.8838E+00 	3.7985E-02 	
2.8978E+00 	1.5055E-02 	2.8839E+00 	3.6102E-02 	
2.8980E+00 	1.4785E-02 	2.8840E+00 	3.3426E-02 	
2.8982E+00 	1.4301E-02 	2.8841E+00 	3.1955E-02 	
2.8984E+00 	1.3759E-02 	2.8842E+00 	3.0026E-02 	
2.8986E+00 	1.3135E-02 	2.8843E+00 	2.9927E-02 	
2.8988E+00 	1.2633E-02 	2.8844E+00 	2.8593E-02 	
2.8990E+00 	1.2208E-02 	2.8845E+00 	2.7549E-02 	
2.8992E+00 	1.1918E-02 	2.8846E+00 	2.5857E-02 	
2.8994E+00 	1.1608E-02 	2.8847E+00 	2.4568E-02 	
2.8996E+00 	1.1251E-02 	2.8848E+00 	2.3471E-02 	
2.8998E+00 	1.0827E-02 	2.8849E+00 	2.3151E-02 	
2.9000E+00 	1.0495E-02 	2.8850E+00 	2.1245E-02 	
2.9002E+00 	1.0208E-02 	2.8851E+00 	1.9918E-02 	
2.9004E+00 	1.0030E-02 	2.8852E+00 	1.8348E-02 	
2.9006E+00 	9.8056E-03 	2.8853E+00 	1.7868E-02 	
2.9008E+00 	9.5108E-03 	2.8854E+00 	1.7533E-02 	
2.9010E+00 	9.1035E-03 	2.8855E+00 	1.7601E-02 	
2.9012E+00 	8.7492E-03 	2.8856E+00 	1.6885E-02 	
2.9014E+00 	8.4429E-03 	2.8857E+00 	1.6686E-02 	
2.9016E+00 	8.1554E-03 	2.8858E+00 	1.4872E-02 	
2.9018E+00 	7.8221E-03 	2.8859E+00 	1.4575E-02 	
2.9020E+00 	7.5172E-03 	2.8860E+00 	1.3393E-02 	
2.9022E+00 	7.2805E-03 	2.8861E+00 	1.2921E-02 	
2.9024E+00 	7.0663E-03 	2.8862E+00 	1.2364E-02 	
2.9026E+00 	6.9828E-03 	2.8863E+00 	1.1899E-02 	
2.9028E+00 	6.8493E-03 	2.8864E+00 	1.0672E-02 	
2.9030E+00 	6.5719E-03 	2.8865E+00 	1.0283E-02 	
2.9032E+00 	6.3251E-03 	2.8866E+00 	9.0407E-03 	
2.9034E+00 	5.9860E-03 	2.8867E+00 	9.1093E-03 	
2.9036E+00 	5.7341E-03 	2.8868E+00 	9.1855E-03 	
2.9038E+00 	5.5417E-03 	2.8869E+00 	8.6519E-03 	
2.9040E+00 	5.3609E-03 	2.8870E+00 	8.2327E-03 	
2.9042E+00 	5.1765E-03 	2.8871E+00 	7.9430E-03 	
2.9044E+00 	4.9725E-03 	2.8872E+00 	7.3332E-03 	
2.9046E+00 	4.5935E-03 	2.8873E+00 	7.6914E-03 	
2.9048E+00 	4.1485E-03 	2.8874E+00 	6.9368E-03 	
2.9050E+00 	3.7804E-03 	2.8875E+00 	6.7538E-03 	
2.9052E+00 	3.5727E-03 	2.8876E+00 	5.6943E-03 	
2.9054E+00 	3.4551E-03 	2.8877E+00 	5.0311E-03 	
2.9056E+00 	3.3310E-03 	2.8878E+00 	4.6652E-03 	
2.9058E+00 	3.1233E-03 	2.8879E+00 	4.5966E-03 	
2.9060E+00 	3.0711E-03 	2.8880E+00 	4.7948E-03 	
2.9062E+00 	2.9498E-03 	2.8881E+00 	4.7109E-03 	
2.9064E+00 	2.7886E-03 	2.8882E+00 	3.4608E-03 	
2.9066E+00 	2.4772E-03 	2.8883E+00 	3.5065E-03 	
2.9068E+00 	2.1766E-03 	2.8884E+00 	3.1482E-03 	
2.9070E+00 	2.0169E-03 	2.8885E+00 	3.5522E-03 	
2.9072E+00 	1.9167E-03 	2.8886E+00 	3.7428E-03 	
2.9074E+00 	1.7236E-03 	2.8887E+00 	3.2321E-03 	
2.9076E+00 	1.4077E-03 	2.8888E+00 	2.3936E-03 	
2.9078E+00 	1.3736E-03 	2.8889E+00 	1.8523E-03 	
2.9080E+00 	1.2546E-03 	2.8890E+00 	1.1663E-03 	
2.9082E+00 	1.1936E-03 	2.8891E+00 	1.4865E-03 	
2.9084E+00 	1.1595E-03 	2.8892E+00 	1.5093E-03 	
2.9086E+00 	9.6270E-04 	2.8893E+00 	2.1649E-03 	
2.9088E+00 	7.3763E-04 	2.8894E+00 	1.1129E-03 	
2.9090E+00 	4.1964E-04 	2.8895E+00 	7.7753E-04 	
2.9092E+00 	2.6863E-04 	2.8896E+00 	3.0491E-05 	
2.9094E+00 	1.1253E-04 	2.8897E+00 	3.9639E-04 	
2.9096E+00 	6.3890E-05 	2.8898E+00 	3.0491E-05 	
2.9098E+00 	7.0424E-05 	2.8899E+00 	6.0220E-04 	
2.9100E+00 	0.0000E+00 	2.8900E+00 	0.0000E+00 	
