Temps - Tracé 0	Amplitude - Tracé 0	Temps - Tracé 1	Amplitude - Tracé 1	
2.5	1.7572E+6	2.5	1.7572E+6	
2.502	1.73415E+6	2.502	1.73415E+6	
2.504	1.75359E+6	2.504	1.75359E+6	
2.506	1.72875E+6	2.506	1.72875E+6	
2.508	1.73947E+6	2.508	1.73947E+6	
2.51	1.76201E+6	2.51	1.76201E+6	
2.512	1.76427E+6	2.512	1.76427E+6	
2.514	1.72915E+6	2.514	1.72915E+6	
2.516	1.7501E+6	2.516	1.7501E+6	
2.518	1.75619E+6	2.518	1.75619E+6	
2.52	1.75355E+6	2.52	1.75355E+6	
2.522	1.75585E+6	2.522	1.75585E+6	
2.524	1.74745E+6	2.524	1.74745E+6	
2.526	1.75023E+6	2.526	1.75023E+6	
2.528	1.74284E+6	2.528	1.74284E+6	
2.53	1.74125E+6	2.53	1.74125E+6	
2.532	1.74827E+6	2.532	1.74827E+6	
2.534	1.74539E+6	2.534	1.74539E+6	
2.536	1.75539E+6	2.536	1.75539E+6	
2.538	1.74558E+6	2.538	1.74558E+6	
2.54	1.74554E+6	2.54	1.74554E+6	
2.542	1.75165E+6	2.542	1.75165E+6	
2.544	1.7532E+6	2.544	1.7532E+6	
2.546	1.7269E+6	2.546	1.7269E+6	
2.548	1.74238E+6	2.548	1.74238E+6	
2.55	1.74596E+6	2.55	1.74596E+6	
2.552	1.75825E+6	2.552	1.75825E+6	
2.554	1.75699E+6	2.554	1.75699E+6	
2.556	1.74949E+6	2.556	1.74949E+6	
2.558	1.75734E+6	2.558	1.75734E+6	
2.56	1.75074E+6	2.56	1.75074E+6	
2.562	1.73878E+6	2.562	1.73878E+6	
2.564	1.741E+6	2.564	1.741E+6	
2.566	1.74148E+6	2.566	1.74148E+6	
2.568	1.75142E+6	2.568	1.75142E+6	
2.57	1.74782E+6	2.57	1.74782E+6	
2.572	1.76729E+6	2.572	1.76729E+6	
2.574	1.74474E+6	2.574	1.74474E+6	
2.576	1.748E+6	2.576	1.748E+6	
2.578	1.7445E+6	2.578	1.7445E+6	
2.58	1.74409E+6	2.58	1.74409E+6	
2.582	1.75749E+6	2.582	1.75749E+6	
2.584	1.7503E+6	2.584	1.7503E+6	
2.586	1.75551E+6	2.586	1.75551E+6	
2.588	1.76761E+6	2.588	1.76761E+6	
2.59	1.75112E+6	2.59	1.75112E+6	
2.592	1.75305E+6	2.592	1.75305E+6	
2.594	1.74986E+6	2.594	1.74986E+6	
2.596	1.76197E+6	2.596	1.76197E+6	
2.598	1.75034E+6	2.598	1.75034E+6	
2.6	1.74588E+6	2.6	1.74588E+6	
2.602	1.73415E+6	2.602	1.73415E+6	
2.604	1.74068E+6	2.604	1.74068E+6	
2.606	1.7361E+6	2.606	1.7361E+6	
2.608	1.73918E+6	2.608	1.73918E+6	
2.61	1.74188E+6	2.61	1.74188E+6	
2.612	1.75929E+6	2.612	1.75929E+6	
2.614	1.75776E+6	2.614	1.75776E+6	
2.616	1.75794E+6	2.616	1.75794E+6	
2.618	1.74093E+6	2.618	1.74093E+6	
2.62	1.71672E+6	2.62	1.71672E+6	
2.622	1.72111E+6	2.622	1.72111E+6	
2.624	1.69632E+6	2.624	1.69632E+6	
2.626	1.68251E+6	2.626	1.68251E+6	
2.628	1.67042E+6	2.628	1.67042E+6	
2.63	1.6794E+6	2.63	1.6794E+6	
2.632	1.70024E+6	2.632	1.70024E+6	
2.634	1.70838E+6	2.634	1.70838E+6	
2.636	1.72408E+6	2.636	1.72408E+6	
2.638	1.73005E+6	2.638	1.73005E+6	
2.64	1.75627E+6	2.64	1.75627E+6	
2.642	1.75287E+6	2.642	1.75287E+6	
2.644	1.75964E+6	2.644	1.75964E+6	
2.646	1.74122E+6	2.646	1.74122E+6	
2.648	1.76274E+6	2.648	1.76274E+6	
2.65	1.73343E+6	2.65	1.73343E+6	
2.652	1.74902E+6	2.652	1.74902E+6	
2.654	1.73478E+6	2.654	1.73478E+6	
2.656	1.75004E+6	2.656	1.75004E+6	
2.658	1.7335E+6	2.658	1.7335E+6	
2.66	1.75615E+6	2.66	1.75615E+6	
2.662	1.75329E+6	2.662	1.75329E+6	
2.664	1.74372E+6	2.664	1.74372E+6	
2.666	1.73222E+6	2.666	1.73222E+6	
2.668	1.73736E+6	2.668	1.73736E+6	
2.67	1.74592E+6	2.67	1.74592E+6	
2.672	1.77032E+6	2.672	1.77032E+6	
2.674	1.71325E+6	2.674	1.71325E+6	
2.676	1.75077E+6	2.676	1.75077E+6	
2.678	1.73623E+6	2.678	1.73623E+6	
2.68	1.71602E+6	2.68	1.71602E+6	
2.682	1.7229E+6	2.682	1.7229E+6	
2.684	1.74035E+6	2.684	1.74035E+6	
2.686	1.74598E+6	2.686	1.74598E+6	
2.688	1.7554E+6	2.688	1.7554E+6	
2.69	1.71923E+6	2.69	1.71923E+6	
2.692	1.7505E+6	2.692	1.7505E+6	
2.694	1.72421E+6	2.694	1.72421E+6	
2.696	1.72565E+6	2.696	1.72565E+6	
2.698	1.71878E+6	2.698	1.71878E+6	
2.7	1.71313E+6	2.7	1.71313E+6	
2.702	1.7137E+6	2.702	1.7137E+6	
2.704	1.71766E+6	2.704	1.71766E+6	
2.706	1.7193E+6	2.706	1.7193E+6	
2.708	1.72783E+6	2.708	1.72783E+6	
2.71	1.73097E+6	2.71	1.73097E+6	
2.712	1.7377E+6	2.712	1.7377E+6	
2.714	1.73513E+6	2.714	1.73513E+6	
2.716	1.73414E+6	2.716	1.73414E+6	
2.718	1.73125E+6	2.718	1.73125E+6	
2.72	1.71601E+6	2.72	1.71601E+6	
2.722	1.7248E+6	2.722	1.7248E+6	
2.724	1.75116E+6	2.724	1.75116E+6	
2.726	1.7519E+6	2.726	1.7519E+6	
2.728	1.72868E+6	2.728	1.72868E+6	
2.73	1.70553E+6	2.73	1.70553E+6	
2.732	1.70837E+6	2.732	1.70837E+6	
2.734	1.63237E+6	2.734	1.63237E+6	
2.736	1.53473E+6	2.736	1.53473E+6	
2.738	1.38547E+6	2.738	1.38547E+6	
2.74	1.30622E+6	2.74	1.30622E+6	
2.742	1.31453E+6	2.742	1.31453E+6	
2.744	1.36517E+6	2.744	1.36517E+6	
2.746	1.43212E+6	2.746	1.43212E+6	
2.748	1.51769E+6	2.748	1.51769E+6	
2.75	1.58492E+6	2.75	1.58492E+6	
2.752	1.63273E+6	2.752	1.63273E+6	
2.754	1.67833E+6	2.754	1.67833E+6	
2.756	1.69228E+6	2.756	1.69228E+6	
2.758	1.72927E+6	2.758	1.72927E+6	
2.76	1.73513E+6	2.76	1.73513E+6	
2.762	1.73958E+6	2.762	1.73958E+6	
2.764	1.74795E+6	2.764	1.74795E+6	
2.766	1.7399E+6	2.766	1.7399E+6	
2.768	1.75077E+6	2.768	1.75077E+6	
2.77	1.7319E+6	2.77	1.7319E+6	
2.772	1.73587E+6	2.772	1.73587E+6	
2.774	1.73372E+6	2.774	1.73372E+6	
2.776	1.73848E+6	2.776	1.73848E+6	
2.778	1.72812E+6	2.778	1.72812E+6	
2.78	1.76632E+6	2.78	1.76632E+6	
2.782	1.78248E+6	2.782	1.78248E+6	
2.784	1.85409E+6	2.784	1.85409E+6	
2.786	1.74175E+6	2.786	1.74175E+6	
2.788	1.49747E+6	2.788	1.49747E+6	
2.79	1.59382E+6	2.79	1.59382E+6	
2.792	1.70872E+6	2.792	1.70872E+6	
2.794	1.81162E+6	2.794	1.81162E+6	
2.796	1.89066E+6	2.796	1.89066E+6	
2.798	1.94183E+6	2.798	1.94183E+6	
2.8	1.95376E+6	2.8	1.95376E+6	
2.802	1.93008E+6	2.802	1.93008E+6	
2.804	1.91151E+6	2.804	1.91151E+6	
2.806	1.86567E+6	2.806	1.86567E+6	
2.808	1.8413E+6	2.808	1.8413E+6	
2.81	1.82443E+6	2.81	1.82443E+6	
2.812	1.82835E+6	2.812	1.82835E+6	
2.814	1.81333E+6	2.814	1.81333E+6	
2.816	1.79987E+6	2.816	1.79987E+6	
2.818	1.81641E+6	2.818	1.81641E+6	
2.82	1.78376E+6	2.82	1.78376E+6	
2.822	1.79174E+6	2.822	1.79174E+6	
2.824	1.78814E+6	2.824	1.78814E+6	
2.826	1.79126E+6	2.826	1.79126E+6	
2.828	1.79917E+6	2.828	1.79917E+6	
2.83	1.78029E+6	2.83	1.78029E+6	
2.832	1.79285E+6	2.832	1.79285E+6	
2.834	1.79279E+6	2.834	1.79279E+6	
2.836	1.78739E+6	2.836	1.78739E+6	
2.838	1.77257E+6	2.838	1.77257E+6	
2.84	1.78909E+6	2.84	1.78909E+6	
2.842	1.79052E+6	2.842	1.79052E+6	
2.844	1.78006E+6	2.844	1.78006E+6	
2.846	1.79705E+6	2.846	1.79705E+6	
2.848	1.8009E+6	2.848	1.8009E+6	
2.85	1.79379E+6	2.85	1.79379E+6	
2.852	1.76604E+6	2.852	1.76604E+6	
2.854	1.79595E+6	2.854	1.79595E+6	
2.856	1.77525E+6	2.856	1.77525E+6	
2.858	1.76869E+6	2.858	1.76869E+6	
2.86	1.77237E+6	2.86	1.77237E+6	
2.862	1.78658E+6	2.862	1.78658E+6	
2.864	1.78629E+6	2.864	1.78629E+6	
2.866	1.76299E+6	2.866	1.76299E+6	
2.868	1.76354E+6	2.868	1.76354E+6	
2.87	1.77574E+6	2.87	1.77574E+6	
2.872	1.77184E+6	2.872	1.77184E+6	
2.874	1.7504E+6	2.874	1.7504E+6	
2.876	1.76867E+6	2.876	1.76867E+6	
2.878	1.77995E+6	2.878	1.77995E+6	
2.88	1.78634E+6	2.88	1.78634E+6	
2.882	1.76355E+6	2.882	1.76355E+6	
2.884	1.77909E+6	2.884	1.77909E+6	
2.886	1.77895E+6	2.886	1.77895E+6	
2.888	1.78005E+6	2.888	1.78005E+6	
2.89	1.7976E+6	2.89	1.7976E+6	
2.892	1.79017E+6	2.892	1.79017E+6	
2.894	1.80605E+6	2.894	1.80605E+6	
2.896	1.7949E+6	2.896	1.7949E+6	
2.898	1.79915E+6	2.898	1.79915E+6	
2.9	1.76702E+6	2.9	1.76702E+6	
2.902	1.7639E+6	2.902	1.7639E+6	
2.904	1.75404E+6	2.904	1.75404E+6	
2.906	1.76435E+6	2.906	1.76435E+6	
2.908	1.75881E+6	2.908	1.75881E+6	
2.91	1.73414E+6	2.91	1.73414E+6	
2.912	1.73107E+6	2.912	1.73107E+6	
2.914	1.74061E+6	2.914	1.74061E+6	
2.916	1.7131E+6	2.916	1.7131E+6	
2.918	1.72457E+6	2.918	1.72457E+6	
2.92	1.73428E+6	2.92	1.73428E+6	
2.922	1.72116E+6	2.922	1.72116E+6	
2.924	1.7499E+6	2.924	1.7499E+6	
2.926	1.74676E+6	2.926	1.74676E+6	
2.928	1.75146E+6	2.928	1.75146E+6	
2.93	1.74995E+6	2.93	1.74995E+6	
2.932	1.74078E+6	2.932	1.74078E+6	
2.934	1.74731E+6	2.934	1.74731E+6	
2.936	1.75224E+6	2.936	1.75224E+6	
2.938	1.7525E+6	2.938	1.7525E+6	
2.94	1.76754E+6	2.94	1.76754E+6	
2.942	1.7341E+6	2.942	1.7341E+6	
2.944	1.7511E+6	2.944	1.7511E+6	
2.946	1.73988E+6	2.946	1.73988E+6	
2.948	1.72743E+6	2.948	1.72743E+6	
2.95	1.74215E+6	2.95	1.74215E+6	
2.952	1.72745E+6	2.952	1.72745E+6	
2.954	1.75692E+6	2.954	1.75692E+6	
2.956	1.73775E+6	2.956	1.73775E+6	
2.958	1.72514E+6	2.958	1.72514E+6	
2.96	1.69959E+6	2.96	1.69959E+6	
2.962	1.71295E+6	2.962	1.71295E+6	
2.964	1.71242E+6	2.964	1.71242E+6	
2.966	1.7279E+6	2.966	1.7279E+6	
2.968	1.70873E+6	2.968	1.70873E+6	
2.97	1.73057E+6	2.97	1.73057E+6	
2.972	1.72672E+6	2.972	1.72672E+6	
2.974	1.72704E+6	2.974	1.72704E+6	
2.976	1.7438E+6	2.976	1.7438E+6	
2.978	1.7275E+6	2.978	1.7275E+6	
2.98	1.74604E+6	2.98	1.74604E+6	
2.982	1.74079E+6	2.982	1.74079E+6	
2.984	1.7393E+6	2.984	1.7393E+6	
2.986	1.75085E+6	2.986	1.75085E+6	
2.988	1.7367E+6	2.988	1.7367E+6	
2.99	1.7016E+6	2.99	1.7016E+6	
2.992	1.68546E+6	2.992	1.68546E+6	
2.994	1.66449E+6	2.994	1.66449E+6	
2.996	1.54209E+6	2.996	1.54209E+6	
2.998	1.41287E+6	2.998	1.41287E+6	
3	1.34136E+6	3	1.34136E+6	
3.002	1.37362E+6	3.002	1.37362E+6	
3.004	1.35367E+6	3.004	1.35367E+6	
3.006	1.3963E+6	3.006	1.3963E+6	
3.008	1.43884E+6	3.008	1.43884E+6	
3.01	1.49593E+6	3.01	1.49593E+6	
3.012	1.54743E+6	3.012	1.54743E+6	
3.014	1.59669E+6	3.014	1.59669E+6	
3.016	1.66321E+6	3.016	1.66321E+6	
3.018	1.69557E+6	3.018	1.69557E+6	
3.02	1.69463E+6	3.02	1.69463E+6	
3.022	1.70375E+6	3.022	1.70375E+6	
3.024	1.70949E+6	3.024	1.70949E+6	
3.026	1.734E+6	3.026	1.734E+6	
3.028	1.70975E+6	3.028	1.70975E+6	
3.03	1.74942E+6	3.03	1.74942E+6	
3.032	1.71597E+6	3.032	1.71597E+6	
3.034	1.71252E+6	3.034	1.71252E+6	
3.036	1.73513E+6	3.036	1.73513E+6	
3.038	1.76657E+6	3.038	1.76657E+6	
3.04	1.81394E+6	3.04	1.81394E+6	
3.042	1.8548E+6	3.042	1.8548E+6	
3.044	1.86445E+6	3.044	1.86445E+6	
3.046	1.84696E+6	3.046	1.84696E+6	
3.048	1.85142E+6	3.048	1.85142E+6	
3.05	1.83982E+6	3.05	1.83982E+6	
3.052	1.79668E+6	3.052	1.79668E+6	
3.054	1.78687E+6	3.054	1.78687E+6	
3.056	1.7898E+6	3.056	1.7898E+6	
3.058	1.75815E+6	3.058	1.75815E+6	
3.06	1.73238E+6	3.06	1.73238E+6	
3.062	1.71617E+6	3.062	1.71617E+6	
3.064	1.75193E+6	3.064	1.75193E+6	
3.066	1.73889E+6	3.066	1.73889E+6	
3.068	1.7241E+6	3.068	1.7241E+6	
3.07	1.74859E+6	3.07	1.74859E+6	
3.072	1.7507E+6	3.072	1.7507E+6	
3.074	1.7546E+6	3.074	1.7546E+6	
3.076	1.74053E+6	3.076	1.74053E+6	
3.078	1.76289E+6	3.078	1.76289E+6	
3.08	1.73388E+6	3.08	1.73388E+6	
3.082	1.75407E+6	3.082	1.75407E+6	
3.084	1.7389E+6	3.084	1.7389E+6	
3.086	1.74517E+6	3.086	1.74517E+6	
3.088	1.72973E+6	3.088	1.72973E+6	
3.09	1.73177E+6	3.09	1.73177E+6	
3.092	1.74252E+6	3.092	1.74252E+6	
3.094	1.74288E+6	3.094	1.74288E+6	
3.096	1.76266E+6	3.096	1.76266E+6	
3.098	1.74228E+6	3.098	1.74228E+6	
3.1	1.75072E+6	3.1	1.75072E+6	
3.102	1.75624E+6	3.102	1.75624E+6	
3.104	1.76674E+6	3.104	1.76674E+6	
3.106	1.77209E+6	3.106	1.77209E+6	
3.108	1.77279E+6	3.108	1.77279E+6	
3.11	1.75136E+6	3.11	1.75136E+6	
3.112	1.76982E+6	3.112	1.76982E+6	
3.114	1.77149E+6	3.114	1.77149E+6	
3.116	1.79345E+6	3.116	1.79345E+6	
3.118	1.77957E+6	3.118	1.77957E+6	
3.12	1.82292E+6	3.12	1.82292E+6	
3.122	1.79855E+6	3.122	1.79855E+6	
3.124	1.7956E+6	3.124	1.7956E+6	
3.126	1.79384E+6	3.126	1.79384E+6	
3.128	1.76765E+6	3.128	1.76765E+6	
3.13	1.76597E+6	3.13	1.76597E+6	
3.132	1.7517E+6	3.132	1.7517E+6	
3.134	1.73285E+6	3.134	1.73285E+6	
3.136	1.75116E+6	3.136	1.75116E+6	
3.138	1.73929E+6	3.138	1.73929E+6	
3.14	1.74638E+6	3.14	1.74638E+6	
3.142	1.74133E+6	3.142	1.74133E+6	
3.144	1.75209E+6	3.144	1.75209E+6	
3.146	1.73897E+6	3.146	1.73897E+6	
3.148	1.74414E+6	3.148	1.74414E+6	
3.15	1.75385E+6	3.15	1.75385E+6	
3.152	1.7625E+6	3.152	1.7625E+6	
3.154	1.73685E+6	3.154	1.73685E+6	
3.156	1.7386E+6	3.156	1.7386E+6	
3.158	1.74805E+6	3.158	1.74805E+6	
3.16	1.75142E+6	3.16	1.75142E+6	
3.162	1.76151E+6	3.162	1.76151E+6	
3.164	1.76254E+6	3.164	1.76254E+6	
3.166	1.77601E+6	3.166	1.77601E+6	
3.168	1.73157E+6	3.168	1.73157E+6	
3.17	1.74458E+6	3.17	1.74458E+6	
3.172	1.74885E+6	3.172	1.74885E+6	
3.174	1.74931E+6	3.174	1.74931E+6	
3.176	1.75576E+6	3.176	1.75576E+6	
3.178	1.73637E+6	3.178	1.73637E+6	
3.18	1.73332E+6	3.18	1.73332E+6	
3.182	1.73688E+6	3.182	1.73688E+6	
3.184	1.77085E+6	3.184	1.77085E+6	
3.186	1.7692E+6	3.186	1.7692E+6	
3.188	1.76416E+6	3.188	1.76416E+6	
3.19	1.74982E+6	3.19	1.74982E+6	
3.192	1.75172E+6	3.192	1.75172E+6	
3.194	1.74397E+6	3.194	1.74397E+6	
3.196	1.74727E+6	3.196	1.74727E+6	
3.198	1.75459E+6	3.198	1.75459E+6	
3.2	1.74725E+6	3.2	1.74725E+6	
