0.0000E+00 	8.8230E+05 	
1.0034E-05 	9.7400E+05 	
2.0067E-05 	9.9018E+05 	
3.0101E-05 	1.0007E+06 	
4.0134E-05 	1.0065E+06 	
5.0168E-05 	1.0114E+06 	
6.0201E-05 	1.0075E+06 	
7.0235E-05 	1.0123E+06 	
8.0268E-05 	1.0141E+06 	
9.0302E-05 	1.0203E+06 	
1.0034E-04 	1.0194E+06 	
1.1037E-04 	1.0160E+06 	
1.2040E-04 	1.0223E+06 	
1.3044E-04 	1.0214E+06 	
1.4047E-04 	1.0204E+06 	
1.5050E-04 	1.0234E+06 	
1.6054E-04 	1.0217E+06 	
1.7057E-04 	1.0250E+06 	
1.8060E-04 	1.0243E+06 	
1.9064E-04 	1.0283E+06 	
2.0067E-04 	1.0273E+06 	
2.1070E-04 	1.0278E+06 	
2.2074E-04 	1.0300E+06 	
2.3077E-04 	1.0304E+06 	
2.4081E-04 	1.0278E+06 	
2.5084E-04 	1.0289E+06 	
2.6087E-04 	1.0286E+06 	
2.7091E-04 	1.0333E+06 	
2.8094E-04 	1.0320E+06 	
2.9097E-04 	1.0327E+06 	
3.0101E-04 	1.0343E+06 	
3.1104E-04 	1.0363E+06 	
3.2107E-04 	1.0367E+06 	
3.3111E-04 	1.0336E+06 	
3.4114E-04 	1.0335E+06 	
3.5117E-04 	1.0370E+06 	
3.6121E-04 	1.0380E+06 	
3.7124E-04 	1.0422E+06 	
3.8128E-04 	1.0415E+06 	
3.9131E-04 	1.0394E+06 	
4.0134E-04 	1.0372E+06 	
4.1138E-04 	1.0395E+06 	
4.2141E-04 	1.0378E+06 	
4.3144E-04 	1.0408E+06 	
4.4148E-04 	1.0460E+06 	
4.5151E-04 	1.0393E+06 	
4.6154E-04 	1.0472E+06 	
4.7158E-04 	1.0427E+06 	
4.8161E-04 	1.0388E+06 	
4.9164E-04 	1.0425E+06 	
5.0168E-04 	1.0433E+06 	
5.1171E-04 	1.0446E+06 	
5.2174E-04 	1.0438E+06 	
5.3178E-04 	1.0437E+06 	
5.4181E-04 	1.0414E+06 	
5.5185E-04 	1.0450E+06 	
5.6188E-04 	1.0421E+06 	
5.7191E-04 	1.0440E+06 	
5.8195E-04 	1.0458E+06 	
5.9198E-04 	1.0435E+06 	
6.0201E-04 	1.0434E+06 	
6.1205E-04 	1.0469E+06 	
6.2208E-04 	1.0478E+06 	
6.3211E-04 	1.0470E+06 	
6.4215E-04 	1.0457E+06 	
6.5218E-04 	1.0453E+06 	
6.6221E-04 	1.0471E+06 	
6.7225E-04 	1.0452E+06 	
6.8228E-04 	1.0458E+06 	
6.9232E-04 	1.0438E+06 	
7.0235E-04 	1.0489E+06 	
7.1238E-04 	1.0453E+06 	
7.2242E-04 	1.0485E+06 	
7.3245E-04 	1.0487E+06 	
7.4248E-04 	1.0475E+06 	
7.5252E-04 	1.0500E+06 	
7.6255E-04 	1.0478E+06 	
7.7258E-04 	1.0509E+06 	
7.8262E-04 	1.0461E+06 	
7.9265E-04 	1.0492E+06 	
8.0268E-04 	1.0538E+06 	
8.1272E-04 	1.0518E+06 	
8.2275E-04 	1.0485E+06 	
8.3279E-04 	1.0505E+06 	
8.4282E-04 	1.0497E+06 	
8.5285E-04 	1.0460E+06 	
8.6289E-04 	1.0502E+06 	
8.7292E-04 	1.0533E+06 	
8.8295E-04 	1.0488E+06 	
8.9299E-04 	1.0545E+06 	
9.0302E-04 	1.0488E+06 	
9.1305E-04 	1.0546E+06 	
9.2309E-04 	1.0510E+06 	
9.3312E-04 	1.0523E+06 	
9.4315E-04 	1.0521E+06 	
9.5319E-04 	1.0475E+06 	
9.6322E-04 	1.0504E+06 	
9.7326E-04 	1.0540E+06 	
9.8329E-04 	1.0498E+06 	
9.9332E-04 	1.0532E+06 	
1.0034E-03 	1.0563E+06 	
1.0134E-03 	1.0532E+06 	
1.0234E-03 	1.0493E+06 	
1.0335E-03 	1.0490E+06 	
1.0435E-03 	1.0535E+06 	
1.0535E-03 	1.0529E+06 	
1.0636E-03 	1.0499E+06 	
1.0736E-03 	1.0517E+06 	
1.0836E-03 	1.0549E+06 	
1.0937E-03 	1.0559E+06 	
1.1037E-03 	1.0548E+06 	
1.1137E-03 	1.0530E+06 	
1.1238E-03 	1.0550E+06 	
1.1338E-03 	1.0540E+06 	
1.1438E-03 	1.0570E+06 	
1.1539E-03 	1.0551E+06 	
1.1639E-03 	1.0532E+06 	
1.1739E-03 	1.0515E+06 	
1.1840E-03 	1.0559E+06 	
1.1940E-03 	1.0554E+06 	
1.2040E-03 	1.0536E+06 	
1.2141E-03 	1.0544E+06 	
1.2241E-03 	1.0530E+06 	
1.2341E-03 	1.0564E+06 	
1.2442E-03 	1.0549E+06 	
1.2542E-03 	1.0568E+06 	
1.2642E-03 	1.0573E+06 	
1.2743E-03 	1.0532E+06 	
1.2843E-03 	1.0572E+06 	
1.2943E-03 	1.0564E+06 	
1.3044E-03 	1.0580E+06 	
1.3144E-03 	1.0576E+06 	
1.3244E-03 	1.0540E+06 	
1.3345E-03 	1.0546E+06 	
1.3445E-03 	1.0591E+06 	
1.3545E-03 	1.0584E+06 	
1.3646E-03 	1.0566E+06 	
1.3746E-03 	1.0540E+06 	
1.3846E-03 	1.0555E+06 	
1.3947E-03 	1.0559E+06 	
1.4047E-03 	1.0553E+06 	
1.4147E-03 	1.0549E+06 	
1.4248E-03 	1.0541E+06 	
1.4348E-03 	1.0576E+06 	
1.4448E-03 	1.0550E+06 	
1.4549E-03 	1.0548E+06 	
1.4649E-03 	1.0534E+06 	
1.4749E-03 	1.0545E+06 	
1.4850E-03 	1.0537E+06 	
1.4950E-03 	1.0585E+06 	
1.5050E-03 	1.0580E+06 	
1.5151E-03 	1.0559E+06 	
1.5251E-03 	1.0571E+06 	
1.5351E-03 	1.0576E+06 	
1.5452E-03 	1.0575E+06 	
1.5552E-03 	1.0570E+06 	
1.5652E-03 	1.0545E+06 	
1.5753E-03 	1.0572E+06 	
1.5853E-03 	1.0534E+06 	
1.5953E-03 	1.0591E+06 	
1.6054E-03 	1.0573E+06 	
1.6154E-03 	1.0564E+06 	
1.6254E-03 	1.0552E+06 	
1.6355E-03 	1.0574E+06 	
1.6455E-03 	1.0550E+06 	
1.6555E-03 	1.0596E+06 	
1.6656E-03 	1.0568E+06 	
1.6756E-03 	1.0558E+06 	
1.6856E-03 	1.0619E+06 	
1.6957E-03 	1.0566E+06 	
1.7057E-03 	1.0578E+06 	
1.7157E-03 	1.0584E+06 	
1.7258E-03 	1.0586E+06 	
1.7358E-03 	1.0573E+06 	
1.7458E-03 	1.0566E+06 	
1.7559E-03 	1.0594E+06 	
1.7659E-03 	1.0573E+06 	
1.7759E-03 	1.0555E+06 	
1.7860E-03 	1.0586E+06 	
1.7960E-03 	1.0593E+06 	
1.8060E-03 	1.0551E+06 	
1.8161E-03 	1.0571E+06 	
1.8261E-03 	1.0545E+06 	
1.8361E-03 	1.0594E+06 	
1.8462E-03 	1.0564E+06 	
1.8562E-03 	1.0599E+06 	
1.8662E-03 	1.0560E+06 	
1.8763E-03 	1.0604E+06 	
1.8863E-03 	1.0580E+06 	
1.8963E-03 	1.0583E+06 	
1.9064E-03 	1.0551E+06 	
1.9164E-03 	1.0601E+06 	
1.9264E-03 	1.0593E+06 	
1.9365E-03 	1.0561E+06 	
1.9465E-03 	1.0577E+06 	
1.9565E-03 	1.0586E+06 	
1.9666E-03 	1.0578E+06 	
1.9766E-03 	1.0574E+06 	
1.9866E-03 	1.0577E+06 	
1.9967E-03 	1.0609E+06 	
2.0067E-03 	1.0542E+06 	
2.0167E-03 	1.0551E+06 	
2.0268E-03 	1.0603E+06 	
2.0368E-03 	1.0572E+06 	
2.0468E-03 	1.0563E+06 	
2.0569E-03 	1.0555E+06 	
2.0669E-03 	1.0597E+06 	
2.0769E-03 	1.0538E+06 	
2.0870E-03 	1.0581E+06 	
2.0970E-03 	1.0585E+06 	
2.1070E-03 	1.0558E+06 	
2.1171E-03 	1.0601E+06 	
2.1271E-03 	1.0565E+06 	
2.1371E-03 	1.0580E+06 	
2.1472E-03 	1.0555E+06 	
2.1572E-03 	1.0591E+06 	
2.1672E-03 	1.0620E+06 	
2.1773E-03 	1.0606E+06 	
2.1873E-03 	1.0585E+06 	
2.1973E-03 	1.0587E+06 	
2.2074E-03 	1.0591E+06 	
2.2174E-03 	1.0596E+06 	
2.2274E-03 	1.0585E+06 	
2.2375E-03 	1.0606E+06 	
2.2475E-03 	1.0559E+06 	
2.2576E-03 	1.0595E+06 	
2.2676E-03 	1.0614E+06 	
2.2776E-03 	1.0569E+06 	
2.2877E-03 	1.0590E+06 	
2.2977E-03 	1.0609E+06 	
2.3077E-03 	1.0585E+06 	
2.3178E-03 	1.0576E+06 	
2.3278E-03 	1.0583E+06 	
2.3378E-03 	1.0569E+06 	
2.3479E-03 	1.0573E+06 	
2.3579E-03 	1.0574E+06 	
2.3679E-03 	1.0588E+06 	
2.3780E-03 	1.0599E+06 	
2.3880E-03 	1.0597E+06 	
2.3980E-03 	1.0578E+06 	
2.4081E-03 	1.0578E+06 	
2.4181E-03 	1.0621E+06 	
2.4281E-03 	1.0580E+06 	
2.4382E-03 	1.0620E+06 	
2.4482E-03 	1.0609E+06 	
2.4582E-03 	1.0587E+06 	
2.4683E-03 	1.0607E+06 	
2.4783E-03 	1.0600E+06 	
2.4883E-03 	1.0538E+06 	
2.4984E-03 	1.0582E+06 	
2.5084E-03 	1.0573E+06 	
2.5184E-03 	1.0593E+06 	
2.5285E-03 	1.0581E+06 	
2.5385E-03 	1.0577E+06 	
2.5485E-03 	1.0575E+06 	
2.5586E-03 	1.0598E+06 	
2.5686E-03 	1.0599E+06 	
2.5786E-03 	1.0602E+06 	
2.5887E-03 	1.0613E+06 	
2.5987E-03 	1.0593E+06 	
2.6087E-03 	1.0591E+06 	
2.6188E-03 	1.0617E+06 	
2.6288E-03 	1.0571E+06 	
2.6388E-03 	1.0591E+06 	
2.6489E-03 	1.0613E+06 	
2.6589E-03 	1.0586E+06 	
2.6689E-03 	1.0592E+06 	
2.6790E-03 	1.0570E+06 	
2.6890E-03 	1.0600E+06 	
2.6990E-03 	1.0608E+06 	
2.7091E-03 	1.0597E+06 	
2.7191E-03 	1.0588E+06 	
2.7291E-03 	1.0591E+06 	
2.7392E-03 	1.0579E+06 	
2.7492E-03 	1.0595E+06 	
2.7592E-03 	1.0599E+06 	
2.7693E-03 	1.0605E+06 	
2.7793E-03 	1.0622E+06 	
2.7893E-03 	1.0594E+06 	
2.7994E-03 	1.0581E+06 	
2.8094E-03 	1.0612E+06 	
2.8194E-03 	1.0548E+06 	
2.8295E-03 	1.0596E+06 	
2.8395E-03 	1.0577E+06 	
2.8495E-03 	1.0586E+06 	
2.8596E-03 	1.0557E+06 	
2.8696E-03 	1.0558E+06 	
2.8796E-03 	1.0621E+06 	
2.8897E-03 	1.0601E+06 	
2.8997E-03 	1.0587E+06 	
2.9097E-03 	1.0558E+06 	
2.9198E-03 	1.0641E+06 	
2.9298E-03 	1.0621E+06 	
2.9398E-03 	1.0602E+06 	
2.9499E-03 	1.0574E+06 	
2.9599E-03 	1.0601E+06 	
2.9699E-03 	1.0634E+06 	
2.9800E-03 	1.0600E+06 	
2.9900E-03 	1.0573E+06 	
