2.6000E+00 	5.8085E-03 	
2.6002E+00 	5.9245E-03 	
2.6003E+00 	4.1607E-03 	
2.6005E+00 	3.9089E-03 	
2.6007E+00 	4.1369E-03 	
2.6008E+00 	5.0851E-03 	
2.6010E+00 	5.4914E-03 	
2.6012E+00 	6.3422E-03 	
2.6013E+00 	5.8644E-03 	
2.6015E+00 	4.5773E-03 	
2.6017E+00 	4.1701E-03 	
2.6018E+00 	2.7503E-03 	
2.6020E+00 	2.2270E-03 	
2.6022E+00 	2.1918E-03 	
2.6023E+00 	3.5804E-03 	
2.6025E+00 	3.7607E-03 	
2.6027E+00 	3.2540E-03 	
2.6028E+00 	2.1669E-03 	
2.6030E+00 	2.2819E-03 	
2.6032E+00 	3.8695E-03 	
2.6033E+00 	3.9473E-03 	
2.6035E+00 	3.7379E-03 	
2.6037E+00 	3.7296E-03 	
2.6038E+00 	3.8499E-03 	
2.6040E+00 	3.3866E-03 	
2.6042E+00 	2.7514E-03 	
2.6043E+00 	4.6934E-03 	
2.6045E+00 	6.3556E-03 	
2.6047E+00 	5.2033E-03 	
2.6048E+00 	4.2540E-03 	
2.6050E+00 	2.9203E-03 	
2.6052E+00 	1.0404E-03 	
2.6053E+00 	8.9536E-04 	
2.6055E+00 	2.5192E-03 	
2.6057E+00 	5.3753E-03 	
2.6058E+00 	5.8769E-03 	
2.6060E+00 	5.5411E-03 	
2.6062E+00 	5.9867E-03 	
2.6063E+00 	5.1328E-03 	
2.6065E+00 	4.3203E-03 	
2.6067E+00 	3.8074E-03 	
2.6068E+00 	3.8250E-03 	
2.6070E+00 	5.7048E-03 	
2.6072E+00 	5.7473E-03 	
2.6073E+00 	4.9908E-03 	
2.6075E+00 	5.1059E-03 	
2.6077E+00 	4.4975E-03 	
2.6078E+00 	4.0322E-03 	
2.6080E+00 	4.6851E-03 	
2.6082E+00 	3.2706E-03 	
2.6083E+00 	2.5845E-03 	
2.6085E+00 	4.2250E-03 	
2.6087E+00 	4.1297E-03 	
2.6088E+00 	2.6882E-03 	
2.6090E+00 	4.1328E-03 	
2.6092E+00 	5.3711E-03 	
2.6093E+00 	4.3918E-03 	
2.6095E+00 	2.8892E-03 	
2.6097E+00 	2.3441E-03 	
2.6098E+00 	3.7949E-03 	
2.6100E+00 	3.4177E-03 	
2.6102E+00 	1.3627E-03 	
2.6103E+00 	8.3526E-04 	
2.6105E+00 	2.7006E-03 	
2.6107E+00 	4.8437E-03 	
2.6108E+00 	6.5909E-03 	
2.6110E+00 	5.5794E-03 	
2.6112E+00 	3.5483E-03 	
2.6113E+00 	1.9959E-03 	
2.6115E+00 	7.5132E-04 	
2.6117E+00 	2.6892E-03 	
2.6118E+00 	2.5887E-03 	
2.6120E+00 	2.5721E-03 	
2.6122E+00 	4.0188E-03 	
2.6123E+00 	2.6612E-03 	
2.6125E+00 	2.4850E-03 	
2.6127E+00 	2.9991E-03 	
2.6128E+00 	4.5545E-03 	
2.6130E+00 	8.0552E-03 	
2.6132E+00 	8.0894E-03 	
2.6133E+00 	4.2426E-03 	
2.6135E+00 	1.3690E-03 	
2.6137E+00 	3.0094E-03 	
2.6138E+00 	5.0323E-03 	
2.6140E+00 	3.7628E-03 	
2.6142E+00 	9.8863E-04 	
2.6143E+00 	2.5027E-03 	
2.6145E+00 	5.9815E-03 	
2.6147E+00 	5.9712E-03 	
2.6148E+00 	3.8923E-03 	
2.6150E+00 	3.7815E-03 	
2.6152E+00 	3.0509E-03 	
2.6153E+00 	2.1462E-03 	
2.6155E+00 	4.3369E-03 	
2.6157E+00 	5.5287E-03 	
2.6158E+00 	6.1950E-03 	
2.6160E+00 	4.9411E-03 	
2.6162E+00 	4.5608E-03 	
2.6163E+00 	2.4229E-03 	
2.6165E+00 	3.4509E-03 	
2.6167E+00 	3.0602E-03 	
2.6168E+00 	2.2343E-03 	
2.6170E+00 	3.4322E-03 	
2.6172E+00 	3.2457E-03 	
2.6173E+00 	2.7110E-03 	
2.6175E+00 	6.5867E-03 	
2.6177E+00 	7.0614E-03 	
2.6178E+00 	5.0312E-03 	
2.6180E+00 	4.2747E-03 	
2.6182E+00 	3.9991E-03 	
2.6183E+00 	3.3804E-03 	
2.6185E+00 	4.6748E-03 	
2.6187E+00 	5.1680E-03 	
2.6188E+00 	4.9380E-03 	
2.6190E+00 	2.3669E-03 	
2.6192E+00 	1.9565E-03 	
2.6193E+00 	2.8022E-03 	
2.6195E+00 	3.8613E-03 	
2.6197E+00 	3.0623E-03 	
2.6198E+00 	1.7275E-03 	
2.6200E+00 	2.8654E-03 	
2.6202E+00 	2.8239E-03 	
2.6203E+00 	3.0312E-03 	
2.6205E+00 	2.7224E-03 	
2.6207E+00 	1.6529E-03 	
2.6208E+00 	8.4769E-04 	
2.6210E+00 	3.2032E-03 	
2.6212E+00 	4.5276E-03 	
2.6213E+00 	5.1204E-03 	
2.6215E+00 	4.5214E-03 	
2.6217E+00 	3.3587E-03 	
2.6218E+00 	3.2219E-03 	
2.6220E+00 	2.8643E-03 	
2.6222E+00 	2.9048E-03 	
2.6223E+00 	3.4146E-03 	
2.6225E+00 	4.5027E-03 	
2.6227E+00 	4.5566E-03 	
2.6228E+00 	4.8209E-03 	
2.6230E+00 	4.0955E-03 	
2.6232E+00 	1.7120E-03 	
2.6233E+00 	1.2778E-03 	
2.6235E+00 	2.3389E-03 	
2.6237E+00 	2.2633E-03 	
2.6238E+00 	1.6798E-03 	
2.6240E+00 	2.5141E-03 	
2.6242E+00 	2.0146E-03 	
2.6243E+00 	2.2902E-03 	
2.6245E+00 	3.9027E-03 	
2.6247E+00 	5.0799E-03 	
2.6248E+00 	4.6468E-03 	
2.6250E+00 	4.7349E-03 	
2.6252E+00 	5.2002E-03 	
2.6253E+00 	4.2789E-03 	
2.6255E+00 	3.8685E-03 	
2.6257E+00 	3.3856E-03 	
2.6258E+00 	4.0955E-03 	
2.6260E+00 	1.0529E-03 	
2.6262E+00 	1.7472E-03 	
2.6263E+00 	1.0985E-03 	
2.6265E+00 	1.5524E-03 	
2.6267E+00 	3.4436E-03 	
2.6268E+00 	4.4799E-03 	
2.6270E+00 	4.4488E-03 	
2.6272E+00 	3.7193E-03 	
2.6273E+00 	3.5897E-03 	
2.6275E+00 	2.4374E-03 	
2.6277E+00 	3.7504E-03 	
2.6278E+00 	6.4012E-03 	
2.6280E+00 	4.9981E-03 	
2.6282E+00 	1.0529E-03 	
2.6283E+00 	2.5420E-03 	
2.6285E+00 	4.1462E-03 	
2.6287E+00 	4.2426E-03 	
2.6288E+00 	3.1379E-03 	
2.6290E+00 	3.1752E-03 	
2.6292E+00 	3.2457E-03 	
2.6293E+00 	3.4851E-03 	
2.6295E+00 	3.6996E-03 	
2.6297E+00 	4.4706E-03 	
2.6298E+00 	4.2747E-03 	
2.6300E+00 	4.7317E-03 	
2.6302E+00 	4.6188E-03 	
2.6303E+00 	3.3877E-03 	
2.6305E+00 	1.1575E-03 	
2.6307E+00 	3.2830E-03 	
2.6308E+00 	5.2084E-03 	
2.6310E+00 	5.7587E-03 	
2.6312E+00 	6.3753E-03 	
2.6313E+00 	6.9266E-03 	
2.6315E+00 	7.3391E-03 	
2.6317E+00 	7.1753E-03 	
2.6318E+00 	4.6675E-03 	
2.6320E+00 	2.5669E-03 	
2.6322E+00 	3.6457E-03 	
2.6323E+00 	6.1691E-03 	
2.6325E+00 	8.1505E-03 	
2.6327E+00 	6.0903E-03 	
2.6328E+00 	4.3711E-03 	
2.6330E+00 	4.9794E-03 	
2.6332E+00 	5.2810E-03 	
2.6333E+00 	5.9846E-03 	
2.6335E+00 	4.6437E-03 	
2.6337E+00 	3.4519E-03 	
2.6338E+00 	5.4489E-03 	
2.6340E+00 	5.0934E-03 	
2.6342E+00 	4.4312E-03 	
2.6343E+00 	2.8716E-03 	
2.6345E+00 	2.0788E-03 	
2.6347E+00 	1.2125E-03 	
2.6348E+00 	2.5514E-03 	
2.6350E+00 	4.2602E-03 	
2.6352E+00 	5.8706E-03 	
2.6353E+00 	6.6064E-03 	
2.6355E+00 	3.4923E-03 	
2.6357E+00 	2.1897E-03 	
2.6358E+00 	2.5825E-03 	
2.6360E+00 	3.7742E-03 	
2.6362E+00 	2.8820E-03 	
2.6363E+00 	3.8364E-03 	
2.6365E+00 	4.6136E-03 	
2.6367E+00 	2.9669E-03 	
2.6368E+00 	3.6447E-03 	
2.6370E+00 	2.3524E-03 	
2.6372E+00 	3.7939E-03 	
2.6373E+00 	6.1463E-03 	
2.6375E+00 	5.0820E-03 	
2.6377E+00 	6.3681E-03 	
2.6378E+00 	7.4365E-03 	
2.6380E+00 	7.0790E-03 	
2.6382E+00 	6.8800E-03 	
2.6383E+00 	6.7784E-03 	
2.6385E+00 	7.8945E-03 	
2.6387E+00 	7.1505E-03 	
2.6388E+00 	6.4810E-03 	
2.6390E+00 	4.3390E-03 	
2.6392E+00 	1.6177E-03 	
2.6393E+00 	6.4251E-04 	
2.6395E+00 	1.8311E-03 	
2.6397E+00 	4.2240E-03 	
2.6398E+00 	6.0831E-03 	
2.6400E+00 	6.4323E-03 	
2.6402E+00 	6.8759E-03 	
2.6403E+00 	7.8458E-03 	
2.6405E+00 	5.8852E-03 	
2.6407E+00 	4.1400E-03 	
2.6408E+00 	2.2529E-03 	
2.6410E+00 	1.4104E-03 	
2.6412E+00 	1.6705E-03 	
2.6413E+00 	4.5856E-03 	
2.6415E+00 	6.4406E-03 	
2.6417E+00 	5.2654E-03 	
2.6418E+00 	4.5089E-03 	
2.6420E+00 	3.5441E-03 	
2.6422E+00 	3.5213E-03 	
2.6423E+00 	3.4975E-03 	
2.6425E+00 	3.5555E-03 	
2.6427E+00 	3.5815E-03 	
2.6428E+00 	4.8416E-03 	
2.6430E+00 	6.2551E-03 	
2.6432E+00 	6.6665E-03 	
2.6433E+00 	5.2385E-03 	
2.6435E+00 	4.6209E-03 	
2.6437E+00 	4.5701E-03 	
2.6438E+00 	4.3970E-03 	
2.6440E+00 	3.9690E-03 	
2.6442E+00 	2.7545E-03 	
2.6443E+00 	4.5566E-03 	
2.6445E+00 	4.8240E-03 	
2.6447E+00 	5.1059E-03 	
2.6448E+00 	5.1597E-03 	
2.6450E+00 	2.9835E-03 	
2.6452E+00 	2.8250E-03 	
2.6453E+00 	1.3990E-03 	
2.6455E+00 	4.4457E-04 	
2.6457E+00 	2.9918E-03 	
2.6458E+00 	5.0779E-03 	
2.6460E+00 	4.2551E-03 	
2.6462E+00 	4.3255E-03 	
2.6463E+00 	3.7970E-03 	
2.6465E+00 	2.9110E-03 	
2.6467E+00 	1.6332E-03 	
2.6468E+00 	3.3182E-03 	
2.6470E+00 	4.3608E-03 	
2.6472E+00 	4.4343E-03 	
2.6473E+00 	2.8623E-03 	
2.6475E+00 	4.0758E-03 	
2.6477E+00 	5.3017E-03 	
2.6478E+00 	5.3971E-03 	
2.6480E+00 	5.7256E-03 	
2.6482E+00 	5.5256E-03 	
2.6483E+00 	6.3225E-03 	
2.6485E+00 	4.5400E-03 	
2.6487E+00 	2.1959E-03 	
2.6488E+00 	1.9565E-03 	
2.6490E+00 	4.2955E-03 	
2.6492E+00 	4.3172E-03 	
2.6493E+00 	2.7535E-03 	
2.6495E+00 	2.3172E-03 	
2.6497E+00 	3.9079E-03 	
2.6498E+00 	2.9027E-03 	
2.6500E+00 	2.1203E-03 	
2.6502E+00 	4.0115E-03 	
2.6503E+00 	4.2385E-03 	
2.6505E+00 	2.4819E-03 	
2.6507E+00 	3.4053E-03 	
2.6508E+00 	3.1545E-03 	
2.6510E+00 	3.1773E-03 	
2.6512E+00 	4.5545E-03 	
2.6513E+00 	5.7183E-03 	
2.6515E+00 	5.4209E-03 	
2.6517E+00 	5.4499E-03 	
2.6518E+00 	6.5950E-03 	
2.6520E+00 	6.3846E-03 	
2.6522E+00 	4.8509E-03 	
2.6523E+00 	4.9877E-03 	
2.6525E+00 	5.3722E-03 	
2.6527E+00 	5.8313E-03 	
2.6528E+00 	5.3815E-03 	
2.6530E+00 	4.5121E-03 	
2.6532E+00 	3.1918E-03 	
2.6533E+00 	4.8167E-03 	
2.6535E+00 	4.9525E-03 	
2.6537E+00 	3.9794E-03 	
2.6538E+00 	4.0250E-03 	
2.6540E+00 	2.5141E-03 	
2.6542E+00 	1.7503E-03 	
2.6543E+00 	3.4768E-03 	
2.6545E+00 	3.4074E-03 	
2.6547E+00 	3.1659E-03 	
2.6548E+00 	3.8768E-03 	
2.6550E+00 	3.0633E-03 	
2.6552E+00 	3.0374E-03 	
2.6553E+00 	3.9618E-03 	
2.6555E+00 	2.5047E-03 	
2.6557E+00 	2.8250E-03 	
2.6558E+00 	4.4053E-03 	
2.6560E+00 	6.4354E-03 	
2.6562E+00 	7.2976E-03 	
2.6563E+00 	6.0375E-03 	
2.6565E+00 	4.5317E-03 	
2.6567E+00 	3.7804E-03 	
2.6568E+00 	3.3120E-03 	
2.6570E+00 	4.4457E-03 	
2.6572E+00 	3.5296E-03 	
2.6573E+00 	2.4477E-03 	
2.6575E+00 	2.7296E-03 	
2.6577E+00 	3.2125E-03 	
2.6578E+00 	3.9732E-03 	
2.6580E+00 	4.6851E-03 	
2.6582E+00 	5.5214E-03 	
2.6583E+00 	4.8468E-03 	
2.6585E+00 	4.5203E-03 	
2.6587E+00 	4.4913E-03 	
2.6588E+00 	3.3421E-03 	
2.6590E+00 	2.6281E-03 	
2.6592E+00 	3.6208E-03 	
2.6593E+00 	3.9255E-03 	
2.6595E+00 	3.5929E-03 	
2.6597E+00 	4.3245E-03 	
2.6598E+00 	6.6852E-03 	
2.6600E+00 	6.6023E-03 	
2.6602E+00 	4.7556E-03 	
2.6603E+00 	3.9794E-03 	
2.6605E+00 	2.2508E-03 	
2.6607E+00 	1.9752E-03 	
2.6608E+00 	1.9182E-03 	
2.6610E+00 	3.4561E-03 	
2.6612E+00 	3.8436E-03 	
2.6613E+00 	4.0250E-03 	
2.6615E+00 	4.5877E-03 	
2.6617E+00 	4.7162E-03 	
2.6618E+00 	3.2965E-03 	
2.6620E+00 	3.7131E-03 	
2.6622E+00 	7.3173E-03 	
2.6623E+00 	7.7712E-03 	
2.6625E+00 	5.4105E-03 	
2.6627E+00 	4.1307E-03 	
2.6628E+00 	4.3483E-03 	
2.6630E+00 	5.9276E-03 	
2.6632E+00 	6.1650E-03 	
2.6633E+00 	7.3536E-03 	
2.6635E+00 	8.9422E-03 	
2.6637E+00 	9.4428E-03 	
2.6638E+00 	7.4064E-03 	
2.6640E+00 	6.9847E-03 	
2.6642E+00 	3.2851E-03 	
2.6643E+00 	4.0830E-04 	
2.6645E+00 	2.3110E-03 	
2.6647E+00 	4.7919E-03 	
2.6648E+00 	6.4437E-03 	
2.6650E+00 	5.8976E-03 	
2.6652E+00 	3.5690E-03 	
2.6653E+00 	4.3048E-03 	
2.6655E+00 	6.3163E-03 	
2.6657E+00 	6.5266E-03 	
2.6658E+00 	7.1401E-03 	
2.6660E+00 	8.0552E-03 	
2.6662E+00 	7.5629E-03 	
2.6663E+00 	7.5733E-03 	
2.6665E+00 	5.9494E-03 	
2.6667E+00 	7.4261E-03 	
2.6668E+00 	9.8231E-03 	
2.6670E+00 	8.4811E-03 	
2.6672E+00 	9.4055E-03 	
2.6673E+00 	9.2479E-03 	
2.6675E+00 	6.5950E-03 	
2.6677E+00 	3.9214E-03 	
2.6678E+00 	4.2965E-03 	
2.6680E+00 	6.9619E-03 	
2.6682E+00 	8.4873E-03 	
2.6683E+00 	6.4002E-03 	
2.6685E+00 	4.9400E-03 	
2.6687E+00 	7.4406E-03 	
2.6688E+00 	8.8127E-03 	
2.6690E+00 	8.1080E-03 	
2.6692E+00 	6.5919E-03 	
2.6693E+00 	7.7536E-03 	
2.6695E+00 	9.2044E-03 	
2.6697E+00 	7.1971E-03 	
2.6698E+00 	5.5701E-03 	
2.6700E+00 	5.5660E-03 	
2.6702E+00 	5.7940E-03 	
2.6703E+00 	6.1867E-03 	
2.6705E+00 	4.6250E-03 	
2.6707E+00 	1.7783E-03 	
2.6708E+00 	1.6653E-03 	
2.6710E+00 	4.1069E-03 	
2.6712E+00 	4.1442E-03 	
2.6713E+00 	1.9068E-03 	
2.6715E+00 	1.1731E-03 	
2.6717E+00 	1.1793E-03 	
2.6718E+00 	1.1337E-03 	
2.6720E+00 	2.6975E-03 	
2.6722E+00 	5.0810E-03 	
2.6723E+00 	5.5525E-03 	
2.6725E+00 	3.9100E-03 	
2.6727E+00 	4.3722E-03 	
2.6728E+00 	4.9815E-03 	
2.6730E+00 	4.6789E-03 	
2.6732E+00 	6.2717E-03 	
2.6733E+00 	6.9494E-03 	
2.6735E+00 	5.4261E-03 	
2.6737E+00 	4.7898E-03 	
2.6738E+00 	5.1100E-03 	
2.6740E+00 	4.1690E-03 	
2.6742E+00 	4.2385E-03 	
2.6743E+00 	5.4022E-03 	
2.6745E+00 	6.2945E-03 	
2.6747E+00 	6.9080E-03 	
2.6748E+00 	8.4738E-03 	
2.6750E+00 	8.0116E-03 	
2.6752E+00 	6.6924E-03 	
2.6753E+00 	6.7981E-03 	
2.6755E+00 	7.1463E-03 	
2.6757E+00 	6.7888E-03 	
2.6758E+00 	6.0841E-03 	
2.6760E+00 	6.4375E-03 	
2.6762E+00 	5.4261E-03 	
2.6763E+00 	4.4551E-03 	
2.6765E+00 	6.1297E-03 	
2.6767E+00 	4.8447E-03 	
2.6768E+00 	5.1649E-03 	
2.6770E+00 	5.4002E-03 	
2.6772E+00 	5.4126E-03 	
2.6773E+00 	6.2821E-03 	
2.6775E+00 	7.4769E-03 	
2.6777E+00 	9.7008E-03 	
2.6778E+00 	1.0073E-02 	
2.6780E+00 	9.9630E-03 	
2.6782E+00 	9.4790E-03 	
2.6783E+00 	9.1391E-03 	
2.6785E+00 	9.5868E-03 	
2.6787E+00 	8.3878E-03 	
2.6788E+00 	7.3847E-03 	
2.6790E+00 	5.2810E-03 	
2.6792E+00 	5.6064E-03 	
2.6793E+00 	6.3214E-03 	
2.6795E+00 	4.3556E-03 	
2.6797E+00 	6.3163E-03 	
2.6798E+00 	6.0779E-03 	
2.6800E+00 	7.6375E-03 	
2.6802E+00 	1.1226E-02 	
2.6803E+00 	1.1411E-02 	
2.6805E+00 	1.1186E-02 	
2.6807E+00 	9.2967E-03 	
2.6808E+00 	9.4594E-03 	
2.6810E+00 	9.4448E-03 	
2.6812E+00 	9.7516E-03 	
2.6813E+00 	1.0401E-02 	
2.6815E+00 	9.8117E-03 	
2.6817E+00 	7.4168E-03 	
2.6818E+00 	4.5784E-03 	
2.6820E+00 	6.8199E-03 	
2.6822E+00 	8.2635E-03 	
2.6823E+00 	8.0344E-03 	
2.6825E+00 	9.7060E-03 	
2.6827E+00 	1.0290E-02 	
2.6828E+00 	9.8283E-03 	
2.6830E+00 	7.9588E-03 	
2.6832E+00 	5.0489E-03 	
2.6833E+00 	4.1411E-03 	
2.6835E+00 	4.2001E-03 	
2.6837E+00 	3.3151E-03 	
2.6838E+00 	4.0302E-03 	
2.6840E+00 	5.0685E-03 	
2.6842E+00 	4.2716E-03 	
2.6843E+00 	1.7835E-03 	
2.6845E+00 	3.3234E-03 	
2.6847E+00 	3.8550E-03 	
2.6848E+00 	4.1452E-04 	
2.6850E+00 	1.4373E-03 	
2.6852E+00 	3.2229E-03 	
2.6853E+00 	5.5380E-03 	
2.6855E+00 	8.6448E-03 	
2.6857E+00 	8.1785E-03 	
2.6858E+00 	7.5132E-03 	
2.6860E+00 	6.2707E-03 	
2.6862E+00 	5.7504E-03 	
2.6863E+00 	6.0986E-03 	
2.6865E+00 	8.8728E-03 	
2.6867E+00 	9.5568E-03 	
2.6868E+00 	9.5630E-03 	
2.6870E+00 	8.7661E-03 	
2.6872E+00 	9.4480E-03 	
2.6873E+00 	9.0407E-03 	
2.6875E+00 	9.6728E-03 	
2.6877E+00 	9.2003E-03 	
2.6878E+00 	7.9090E-03 	
2.6880E+00 	7.4230E-03 	
2.6882E+00 	7.7961E-03 	
2.6883E+00 	7.9318E-03 	
2.6885E+00 	8.6666E-03 	
2.6887E+00 	7.9774E-03 	
2.6888E+00 	7.9412E-03 	
2.6890E+00 	7.2624E-03 	
2.6892E+00 	7.7111E-03 	
2.6893E+00 	8.2977E-03 	
2.6895E+00 	7.3412E-03 	
2.6897E+00 	8.0448E-03 	
2.6898E+00 	8.2894E-03 	
2.6900E+00 	7.3526E-03 	
2.6902E+00 	3.9784E-03 	
2.6903E+00 	3.1649E-03 	
2.6905E+00 	5.1680E-03 	
2.6907E+00 	4.6841E-03 	
2.6908E+00 	4.8447E-03 	
2.6910E+00 	4.3255E-03 	
2.6912E+00 	2.3659E-03 	
2.6913E+00 	3.9949E-03 	
2.6915E+00 	5.6769E-03 	
2.6917E+00 	6.0375E-03 	
2.6918E+00 	6.1898E-03 	
2.6920E+00 	7.3422E-03 	
2.6922E+00 	5.9463E-03 	
2.6923E+00 	3.0840E-03 	
2.6925E+00 	3.2903E-03 	
2.6927E+00 	4.6178E-03 	
2.6928E+00 	5.0986E-03 	
2.6930E+00 	4.7255E-03 	
2.6932E+00 	3.8561E-03 	
2.6933E+00 	2.8892E-03 	
2.6935E+00 	4.3317E-03 	
2.6937E+00 	4.1690E-03 	
2.6938E+00 	3.3006E-03 	
2.6940E+00 	2.9369E-03 	
2.6942E+00 	3.4198E-03 	
2.6943E+00 	5.1711E-03 	
2.6945E+00 	5.0147E-03 	
2.6947E+00 	2.4001E-03 	
2.6948E+00 	2.9120E-03 	
2.6950E+00 	3.0322E-03 	
2.6952E+00 	3.0405E-03 	
2.6953E+00 	3.6146E-03 	
2.6955E+00 	4.7628E-03 	
2.6957E+00 	4.5110E-03 	
2.6958E+00 	4.8157E-03 	
2.6960E+00 	3.6094E-03 	
2.6962E+00 	4.2177E-03 	
2.6963E+00 	2.9130E-03 	
2.6965E+00 	2.7980E-03 	
2.6967E+00 	2.8374E-03 	
2.6968E+00 	3.5058E-03 	
2.6970E+00 	4.3089E-03 	
2.6972E+00 	4.2592E-03 	
2.6973E+00 	4.2209E-03 	
2.6975E+00 	4.7960E-03 	
2.6977E+00 	3.8695E-03 	
2.6978E+00 	3.0374E-03 	
2.6980E+00 	5.2043E-03 	
2.6982E+00 	4.4737E-03 	
2.6983E+00 	3.6612E-03 	
2.6985E+00 	4.1784E-03 	
2.6987E+00 	3.3379E-03 	
2.6988E+00 	3.5141E-03 	
2.6990E+00 	6.1536E-03 	
2.6992E+00 	5.4022E-03 	
2.6993E+00 	3.8675E-03 	
2.6995E+00 	5.2022E-03 	
2.6997E+00 	5.6727E-03 	
2.6998E+00 	4.9535E-03 	
2.7000E+00 	3.6374E-03 	
2.7002E+00 	3.0405E-03 	
2.7003E+00 	5.1753E-03 	
2.7005E+00 	8.2997E-03 	
2.7007E+00 	5.8634E-03 	
2.7008E+00 	2.5130E-03 	
2.7010E+00 	5.3162E-03 	
2.7012E+00 	8.0842E-03 	
2.7013E+00 	8.3650E-03 	
2.7015E+00 	8.5288E-03 	
2.7017E+00 	4.1535E-03 	
2.7018E+00 	1.1752E-03 	
2.7020E+00 	2.9213E-03 	
2.7022E+00 	2.3068E-03 	
2.7023E+00 	3.1276E-03 	
2.7025E+00 	5.7608E-03 	
2.7027E+00 	6.0748E-03 	
2.7028E+00 	6.3618E-03 	
2.7030E+00 	5.5556E-03 	
2.7032E+00 	4.0851E-03 	
2.7033E+00 	4.4260E-03 	
2.7035E+00 	3.8488E-03 	
2.7037E+00 	4.2996E-03 	
2.7038E+00 	5.1017E-03 	
2.7040E+00 	5.1059E-03 	
2.7042E+00 	2.7389E-03 	
2.7043E+00 	3.1452E-03 	
2.7045E+00 	4.5421E-03 	
2.7047E+00 	5.4178E-03 	
2.7048E+00 	6.8904E-03 	
2.7050E+00 	8.0697E-03 	
2.7052E+00 	8.1453E-03 	
2.7053E+00 	5.5411E-03 	
2.7055E+00 	2.4104E-03 	
2.7057E+00 	2.1835E-03 	
2.7058E+00 	2.5742E-03 	
2.7060E+00 	2.6996E-03 	
2.7062E+00 	4.0861E-03 	
2.7063E+00 	5.9339E-03 	
2.7065E+00 	5.5598E-03 	
2.7067E+00 	3.7545E-03 	
2.7068E+00 	2.8415E-03 	
2.7070E+00 	3.9680E-03 	
2.7072E+00 	4.8634E-03 	
2.7073E+00 	4.5722E-03 	
2.7075E+00 	3.8074E-03 	
2.7077E+00 	2.1192E-03 	
2.7078E+00 	1.5047E-03 	
2.7080E+00 	1.8032E-03 	
2.7082E+00 	2.8488E-03 	
2.7083E+00 	1.7285E-03 	
2.7085E+00 	1.6021E-03 	
2.7087E+00 	2.9099E-03 	
2.7088E+00 	2.9721E-03 	
2.7090E+00 	3.1576E-03 	
2.7092E+00 	3.6519E-03 	
2.7093E+00 	4.9328E-03 	
2.7095E+00 	3.7017E-03 	
2.7097E+00 	2.0643E-03 	
2.7098E+00 	4.6644E-03 	
2.7100E+00 	6.0520E-03 	
2.7102E+00 	4.7691E-03 	
2.7103E+00 	4.4716E-03 	
2.7105E+00 	2.8726E-03 	
2.7107E+00 	2.2622E-03 	
2.7108E+00 	4.2063E-03 	
2.7110E+00 	4.9867E-03 	
2.7112E+00 	3.8695E-03 	
2.7113E+00 	2.0425E-03 	
2.7115E+00 	1.6114E-03 	
2.7117E+00 	1.6425E-03 	
2.7118E+00 	2.0084E-03 	
2.7120E+00 	3.8654E-03 	
2.7122E+00 	4.1960E-03 	
2.7123E+00 	3.3048E-03 	
2.7125E+00 	3.4208E-03 	
2.7127E+00 	4.9494E-03 	
2.7128E+00 	5.0375E-03 	
2.7130E+00 	5.4520E-03 	
2.7132E+00 	5.8261E-03 	
2.7133E+00 	5.6509E-03 	
2.7135E+00 	5.7121E-03 	
2.7137E+00 	7.4427E-03 	
2.7138E+00 	6.5380E-03 	
2.7140E+00 	4.6789E-03 	
2.7142E+00 	4.4001E-03 	
2.7143E+00 	5.2489E-03 	
2.7145E+00 	4.0053E-03 	
2.7147E+00 	4.6157E-03 	
2.7148E+00 	4.5659E-03 	
2.7150E+00 	3.9649E-03 	
2.7152E+00 	5.2831E-03 	
2.7153E+00 	5.4043E-03 	
2.7155E+00 	5.1494E-03 	
2.7157E+00 	6.1007E-03 	
2.7158E+00 	8.8148E-03 	
2.7160E+00 	1.0705E-02 	
2.7162E+00 	1.2691E-02 	
2.7163E+00 	1.1652E-02 	
2.7165E+00 	9.8956E-03 	
2.7167E+00 	1.0599E-02 	
2.7168E+00 	1.2910E-02 	
2.7170E+00 	1.3742E-02 	
2.7172E+00 	1.2603E-02 	
2.7173E+00 	1.3997E-02 	
2.7175E+00 	1.3843E-02 	
2.7177E+00 	1.4269E-02 	
2.7178E+00 	1.6586E-02 	
2.7180E+00 	1.9318E-02 	
2.7182E+00 	1.9984E-02 	
2.7183E+00 	2.0100E-02 	
2.7185E+00 	2.0305E-02 	
2.7187E+00 	2.2829E-02 	
2.7188E+00 	2.7149E-02 	
2.7190E+00 	2.9055E-02 	
2.7192E+00 	3.4052E-02 	
2.7193E+00 	4.0112E-02 	
2.7195E+00 	4.3482E-02 	
2.7197E+00 	4.4198E-02 	
2.7198E+00 	4.7513E-02 	
2.7200E+00 	5.3191E-02 	
2.7202E+00 	6.0690E-02 	
2.7203E+00 	6.5035E-02 	
2.7205E+00 	6.5353E-02 	
2.7207E+00 	6.6435E-02 	
2.7208E+00 	6.9467E-02 	
2.7210E+00 	7.5020E-02 	
2.7212E+00 	8.3741E-02 	
2.7213E+00 	9.1680E-02 	
2.7215E+00 	9.5027E-02 	
2.7217E+00 	9.6589E-02 	
2.7218E+00 	9.7428E-02 	
2.7220E+00 	9.9747E-02 	
2.7222E+00 	1.0446E-01 	
2.7223E+00 	1.1016E-01 	
2.7225E+00 	1.1762E-01 	
2.7227E+00 	1.2683E-01 	
2.7228E+00 	1.3774E-01 	
2.7230E+00 	1.4729E-01 	
2.7232E+00 	1.5499E-01 	
2.7233E+00 	1.6256E-01 	
2.7235E+00 	1.7159E-01 	
2.7237E+00 	1.8317E-01 	
2.7238E+00 	1.9712E-01 	
2.7240E+00 	2.1245E-01 	
2.7242E+00 	2.2895E-01 	
2.7243E+00 	2.4848E-01 	
2.7245E+00 	2.6808E-01 	
2.7247E+00 	2.8886E-01 	
2.7248E+00 	3.1210E-01 	
2.7250E+00 	3.3886E-01 	
2.7252E+00 	3.6812E-01 	
2.7253E+00 	4.0154E-01 	
2.7255E+00 	4.4021E-01 	
2.7257E+00 	4.7878E-01 	
2.7258E+00 	5.1721E-01 	
2.7260E+00 	5.5874E-01 	
2.7262E+00 	6.0039E-01 	
2.7263E+00 	6.4063E-01 	
2.7265E+00 	6.7866E-01 	
2.7267E+00 	7.1175E-01 	
2.7268E+00 	7.3893E-01 	
2.7270E+00 	7.5997E-01 	
2.7272E+00 	7.7638E-01 	
2.7273E+00 	7.8515E-01 	
2.7275E+00 	7.8852E-01 	
2.7277E+00 	7.9477E-01 	
2.7278E+00 	8.0232E-01 	
2.7280E+00 	8.0714E-01 	
2.7282E+00 	8.1647E-01 	
2.7283E+00 	8.2687E-01 	
2.7285E+00 	8.3544E-01 	
2.7287E+00 	8.4228E-01 	
2.7288E+00 	8.4821E-01 	
2.7290E+00 	8.5073E-01 	
2.7292E+00 	8.5003E-01 	
2.7293E+00 	8.4554E-01 	
2.7295E+00 	8.3898E-01 	
2.7297E+00 	8.2904E-01 	
2.7298E+00 	8.1890E-01 	
2.7300E+00 	8.0948E-01 	
2.7302E+00 	8.0264E-01 	
2.7303E+00 	7.9773E-01 	
2.7305E+00 	7.9420E-01 	
2.7307E+00 	7.8982E-01 	
2.7308E+00 	7.7999E-01 	
2.7310E+00 	7.6725E-01 	
2.7312E+00 	7.5306E-01 	
2.7313E+00 	7.3376E-01 	
2.7315E+00 	7.0677E-01 	
2.7317E+00 	6.7452E-01 	
2.7318E+00 	6.3907E-01 	
2.7320E+00 	5.9963E-01 	
2.7322E+00 	5.5740E-01 	
2.7323E+00 	5.1264E-01 	
2.7325E+00 	4.6950E-01 	
2.7327E+00 	4.3368E-01 	
2.7328E+00 	4.0207E-01 	
2.7330E+00 	3.7191E-01 	
2.7332E+00 	3.4542E-01 	
2.7333E+00 	3.1933E-01 	
2.7335E+00 	2.9661E-01 	
2.7337E+00 	2.7710E-01 	
2.7338E+00 	2.5768E-01 	
2.7340E+00 	2.4172E-01 	
2.7342E+00 	2.2688E-01 	
2.7343E+00 	2.0981E-01 	
2.7345E+00 	1.9505E-01 	
2.7347E+00 	1.8379E-01 	
2.7348E+00 	1.7138E-01 	
2.7350E+00 	1.6050E-01 	
2.7352E+00 	1.5274E-01 	
2.7353E+00 	1.4622E-01 	
2.7355E+00 	1.3863E-01 	
2.7357E+00 	1.2939E-01 	
2.7358E+00 	1.1956E-01 	
2.7360E+00 	1.1369E-01 	
2.7362E+00 	1.0952E-01 	
2.7363E+00 	1.0456E-01 	
2.7365E+00 	1.0296E-01 	
2.7367E+00 	1.0002E-01 	
2.7368E+00 	9.5109E-02 	
2.7370E+00 	9.0657E-02 	
2.7372E+00 	8.6776E-02 	
2.7373E+00 	8.2273E-02 	
2.7375E+00 	7.8917E-02 	
2.7377E+00 	7.6096E-02 	
2.7378E+00 	7.4506E-02 	
2.7380E+00 	7.2596E-02 	
2.7382E+00 	6.8675E-02 	
2.7383E+00 	6.4290E-02 	
2.7385E+00 	5.9805E-02 	
2.7387E+00 	5.4253E-02 	
2.7388E+00 	5.0398E-02 	
2.7390E+00 	4.6831E-02 	
2.7392E+00 	4.4814E-02 	
2.7393E+00 	4.3848E-02 	
2.7395E+00 	4.3059E-02 	
2.7397E+00 	4.1581E-02 	
2.7398E+00 	3.9946E-02 	
2.7400E+00 	4.0229E-02 	
2.7402E+00 	4.1532E-02 	
2.7403E+00 	4.1400E-02 	
2.7405E+00 	3.8907E-02 	
2.7407E+00 	3.6400E-02 	
2.7408E+00 	3.6026E-02 	
2.7410E+00 	3.6826E-02 	
2.7412E+00 	3.7274E-02 	
2.7413E+00 	3.8879E-02 	
2.7415E+00 	4.1444E-02 	
2.7417E+00 	4.3061E-02 	
2.7418E+00 	4.7620E-02 	
2.7420E+00 	5.3141E-02 	
2.7422E+00 	5.6419E-02 	
2.7423E+00 	5.7754E-02 	
2.7425E+00 	5.8376E-02 	
2.7427E+00 	6.0706E-02 	
2.7428E+00 	6.4784E-02 	
2.7430E+00 	6.6510E-02 	
2.7432E+00 	6.8230E-02 	
2.7433E+00 	7.1072E-02 	
2.7435E+00 	7.3327E-02 	
2.7437E+00 	7.7630E-02 	
2.7438E+00 	8.4299E-02 	
2.7440E+00 	9.0513E-02 	
2.7442E+00 	9.4803E-02 	
2.7443E+00 	9.8689E-02 	
2.7445E+00 	1.0341E-01 	
2.7447E+00 	1.0807E-01 	
2.7448E+00 	1.1253E-01 	
2.7450E+00 	1.1817E-01 	
2.7452E+00 	1.2613E-01 	
2.7453E+00 	1.3068E-01 	
2.7455E+00 	1.3602E-01 	
2.7457E+00 	1.4286E-01 	
2.7458E+00 	1.5257E-01 	
2.7460E+00 	1.6286E-01 	
2.7462E+00 	1.7034E-01 	
2.7463E+00 	1.7791E-01 	
2.7465E+00 	1.8708E-01 	
2.7467E+00 	1.9911E-01 	
2.7468E+00 	2.1342E-01 	
2.7470E+00 	2.2928E-01 	
2.7472E+00 	2.4604E-01 	
2.7473E+00 	2.6451E-01 	
2.7475E+00 	2.8681E-01 	
2.7477E+00 	3.0885E-01 	
2.7478E+00 	3.2902E-01 	
2.7480E+00 	3.5268E-01 	
2.7482E+00 	3.8591E-01 	
2.7483E+00 	4.2653E-01 	
2.7485E+00 	4.7235E-01 	
2.7487E+00 	5.1926E-01 	
2.7488E+00 	5.6584E-01 	
2.7490E+00 	6.1118E-01 	
2.7492E+00 	6.5610E-01 	
2.7493E+00 	6.9868E-01 	
2.7495E+00 	7.3785E-01 	
2.7497E+00 	7.6921E-01 	
2.7498E+00 	7.9167E-01 	
2.7500E+00 	8.0809E-01 	
2.7502E+00 	8.1862E-01 	
2.7503E+00 	8.2317E-01 	
2.7505E+00 	8.2593E-01 	
2.7507E+00 	8.2838E-01 	
2.7508E+00 	8.3305E-01 	
2.7510E+00 	8.4013E-01 	
2.7512E+00 	8.4963E-01 	
2.7513E+00 	8.6193E-01 	
2.7515E+00 	8.7539E-01 	
2.7517E+00 	8.8462E-01 	
2.7518E+00 	8.8786E-01 	
2.7520E+00 	8.8765E-01 	
2.7522E+00 	8.8502E-01 	
2.7523E+00 	8.7983E-01 	
2.7525E+00 	8.7021E-01 	
2.7527E+00 	8.5858E-01 	
2.7528E+00 	8.4638E-01 	
2.7530E+00 	8.3745E-01 	
2.7532E+00 	8.3255E-01 	
2.7533E+00 	8.2958E-01 	
2.7535E+00 	8.2592E-01 	
2.7537E+00 	8.1952E-01 	
2.7538E+00 	8.1224E-01 	
2.7540E+00 	7.9705E-01 	
2.7542E+00 	7.7821E-01 	
2.7543E+00 	7.5433E-01 	
2.7545E+00 	7.2056E-01 	
2.7547E+00 	6.8123E-01 	
2.7548E+00 	6.3815E-01 	
2.7550E+00 	5.9465E-01 	
2.7552E+00 	5.4975E-01 	
2.7553E+00 	5.0367E-01 	
2.7555E+00 	4.6130E-01 	
2.7557E+00 	4.2241E-01 	
2.7558E+00 	3.8486E-01 	
2.7560E+00 	3.5181E-01 	
2.7562E+00 	3.2276E-01 	
2.7563E+00 	2.9904E-01 	
2.7565E+00 	2.7939E-01 	
2.7567E+00 	2.6227E-01 	
2.7568E+00 	2.4705E-01 	
2.7570E+00 	2.3070E-01 	
2.7572E+00 	2.1474E-01 	
2.7573E+00 	1.9969E-01 	
2.7575E+00 	1.8764E-01 	
2.7577E+00 	1.7867E-01 	
2.7578E+00 	1.7101E-01 	
2.7580E+00 	1.6229E-01 	
2.7582E+00 	1.5276E-01 	
2.7583E+00 	1.4146E-01 	
2.7585E+00 	1.2974E-01 	
2.7587E+00 	1.2208E-01 	
2.7588E+00 	1.1898E-01 	
2.7590E+00 	1.1470E-01 	
2.7592E+00 	1.0957E-01 	
2.7593E+00 	1.0265E-01 	
2.7595E+00 	9.5496E-02 	
2.7597E+00 	8.9813E-02 	
2.7598E+00 	8.6514E-02 	
2.7600E+00 	8.5280E-02 	
2.7602E+00 	8.5109E-02 	
2.7603E+00 	8.4577E-02 	
2.7605E+00 	8.1756E-02 	
2.7607E+00 	7.6795E-02 	
2.7608E+00 	7.0143E-02 	
2.7610E+00 	6.4336E-02 	
2.7612E+00 	6.0800E-02 	
2.7613E+00 	5.6047E-02 	
2.7615E+00 	5.3536E-02 	
2.7617E+00 	5.3470E-02 	
2.7618E+00 	5.1645E-02 	
2.7620E+00 	4.6568E-02 	
2.7622E+00 	4.2259E-02 	
2.7623E+00 	4.1098E-02 	
2.7625E+00 	3.8920E-02 	
2.7627E+00 	3.3925E-02 	
2.7628E+00 	3.0606E-02 	
2.7630E+00 	2.9642E-02 	
2.7632E+00 	2.8677E-02 	
2.7633E+00 	2.7272E-02 	
2.7635E+00 	2.7153E-02 	
2.7637E+00 	2.6359E-02 	
2.7638E+00 	2.4234E-02 	
2.7640E+00 	2.3235E-02 	
2.7642E+00 	2.2695E-02 	
2.7643E+00 	2.2038E-02 	
2.7645E+00 	2.1469E-02 	
2.7647E+00 	2.2333E-02 	
2.7648E+00 	2.3957E-02 	
2.7650E+00 	2.4522E-02 	
2.7652E+00 	2.2696E-02 	
2.7653E+00 	2.0609E-02 	
2.7655E+00 	1.8490E-02 	
2.7657E+00 	1.6071E-02 	
2.7658E+00 	1.4807E-02 	
2.7660E+00 	1.5930E-02 	
2.7662E+00 	1.8863E-02 	
2.7663E+00 	2.0534E-02 	
2.7665E+00 	2.1103E-02 	
2.7667E+00 	2.2029E-02 	
2.7668E+00 	2.0141E-02 	
2.7670E+00 	1.7931E-02 	
2.7672E+00 	1.6306E-02 	
2.7673E+00 	1.5660E-02 	
2.7675E+00 	1.7920E-02 	
2.7677E+00 	1.8474E-02 	
2.7678E+00 	1.7044E-02 	
2.7680E+00 	1.5862E-02 	
2.7682E+00 	1.6700E-02 	
2.7683E+00 	1.7754E-02 	
2.7685E+00 	1.7003E-02 	
2.7687E+00 	1.6642E-02 	
2.7688E+00 	1.6171E-02 	
2.7690E+00 	1.3098E-02 	
2.7692E+00 	1.2583E-02 	
2.7693E+00 	1.1960E-02 	
2.7695E+00 	1.2598E-02 	
2.7697E+00 	1.4698E-02 	
2.7698E+00 	1.1810E-02 	
2.7700E+00 	1.1108E-02 	
2.7702E+00 	1.3323E-02 	
2.7703E+00 	1.2787E-02 	
2.7705E+00 	1.2960E-02 	
2.7707E+00 	1.3615E-02 	
2.7708E+00 	1.4410E-02 	
2.7710E+00 	1.4295E-02 	
2.7712E+00 	1.2730E-02 	
2.7713E+00 	1.1619E-02 	
2.7715E+00 	9.9143E-03 	
2.7717E+00 	8.9267E-03 	
2.7718E+00 	7.9578E-03 	
2.7720E+00 	6.3577E-03 	
2.7722E+00 	5.6965E-03 	
2.7723E+00 	6.0582E-03 	
2.7725E+00 	5.9888E-03 	
2.7727E+00 	6.6334E-03 	
2.7728E+00 	7.9733E-03 	
2.7730E+00 	8.6117E-03 	
2.7732E+00 	6.6779E-03 	
2.7733E+00 	7.1194E-03 	
2.7735E+00 	7.3349E-03 	
2.7737E+00 	6.5277E-03 	
2.7738E+00 	5.8758E-03 	
2.7740E+00 	5.3245E-03 	
2.7742E+00 	4.2364E-03 	
2.7743E+00 	3.4612E-03 	
2.7745E+00 	3.4778E-03 	
2.7747E+00 	3.7504E-03 	
2.7748E+00 	4.2747E-03 	
2.7750E+00 	5.6965E-03 	
2.7752E+00 	6.1349E-03 	
2.7753E+00 	7.1391E-03 	
2.7755E+00 	6.5007E-03 	
2.7757E+00 	4.3431E-03 	
2.7758E+00 	2.3078E-03 	
2.7760E+00 	8.9225E-04 	
2.7762E+00 	1.5358E-03 	
2.7763E+00 	4.0012E-03 	
2.7765E+00 	3.6281E-03 	
2.7767E+00 	4.0768E-03 	
2.7768E+00 	4.6229E-03 	
2.7770E+00 	3.0695E-03 	
2.7772E+00 	3.3327E-03 	
2.7773E+00 	4.1535E-03 	
2.7775E+00 	4.0530E-03 	
2.7777E+00 	3.1048E-03 	
2.7778E+00 	2.8218E-03 	
2.7780E+00 	3.5141E-03 	
2.7782E+00 	4.6551E-03 	
2.7783E+00 	3.2602E-03 	
2.7785E+00 	4.6737E-04 	
2.7787E+00 	2.6291E-03 	
2.7788E+00 	5.5183E-03 	
2.7790E+00 	8.5484E-03 	
2.7792E+00 	9.8614E-03 	
2.7793E+00 	8.2655E-03 	
2.7795E+00 	7.8220E-03 	
2.7797E+00 	6.1183E-03 	
2.7798E+00 	4.4913E-03 	
2.7800E+00 	3.7929E-03 	
2.7802E+00 	5.3162E-03 	
2.7803E+00 	5.7079E-03 	
2.7805E+00 	5.3245E-03 	
2.7807E+00 	3.0094E-03 	
2.7808E+00 	3.1887E-03 	
2.7810E+00 	6.7007E-03 	
2.7812E+00 	5.7121E-03 	
2.7813E+00 	4.9048E-03 	
2.7815E+00 	6.3960E-03 	
2.7817E+00 	6.8613E-03 	
2.7818E+00 	5.5059E-03 	
2.7820E+00 	3.6478E-03 	
2.7822E+00 	4.0012E-03 	
2.7823E+00 	4.7162E-03 	
2.7825E+00 	5.0354E-03 	
2.7827E+00 	3.7638E-03 	
2.7828E+00 	2.6519E-03 	
2.7830E+00 	3.7452E-03 	
2.7832E+00 	4.5048E-03 	
2.7833E+00 	4.3722E-03 	
2.7835E+00 	4.8913E-03 	
2.7837E+00 	3.9017E-03 	
2.7838E+00 	2.6125E-03 	
2.7840E+00 	4.7867E-03 	
2.7842E+00 	6.4240E-03 	
2.7843E+00 	8.0717E-03 	
2.7845E+00 	8.0500E-03 	
2.7847E+00 	6.8624E-03 	
2.7848E+00 	5.0737E-03 	
2.7850E+00 	2.3493E-03 	
2.7852E+00 	3.3856E-03 	
2.7853E+00 	5.4354E-03 	
2.7855E+00 	6.2510E-03 	
2.7857E+00 	5.6157E-03 	
2.7858E+00 	6.5277E-03 	
2.7860E+00 	7.7640E-03 	
2.7862E+00 	1.0085E-02 	
2.7863E+00 	8.7982E-03 	
2.7865E+00 	8.5184E-03 	
2.7867E+00 	9.1319E-03 	
2.7868E+00 	6.5473E-03 	
2.7870E+00 	4.6354E-03 	
2.7872E+00 	3.7068E-03 	
2.7873E+00 	4.0001E-03 	
2.7875E+00 	4.5711E-03 	
2.7877E+00 	4.2084E-03 	
2.7878E+00 	2.6104E-03 	
2.7880E+00 	3.4840E-03 	
2.7882E+00 	4.9753E-03 	
2.7883E+00 	6.5681E-03 	
2.7885E+00 	8.8687E-03 	
2.7887E+00 	9.4210E-03 	
2.7888E+00 	9.8107E-03 	
2.7890E+00 	1.0370E-02 	
2.7892E+00 	1.0327E-02 	
2.7893E+00 	9.2707E-03 	
2.7895E+00 	9.2189E-03 	
2.7897E+00 	9.4915E-03 	
2.7898E+00 	1.0358E-02 	
2.7900E+00 	1.2857E-02 	
2.7902E+00 	1.0953E-02 	
2.7903E+00 	8.5205E-03 	
2.7905E+00 	7.9526E-03 	
2.7907E+00 	7.2303E-03 	
2.7908E+00 	8.7484E-03 	
2.7910E+00 	1.2520E-02 	
2.7912E+00 	1.3804E-02 	
2.7913E+00 	1.1259E-02 	
2.7915E+00 	8.9837E-03 	
2.7917E+00 	9.4314E-03 	
2.7918E+00 	1.0506E-02 	
2.7920E+00 	1.0972E-02 	
2.7922E+00 	1.0697E-02 	
2.7923E+00 	1.0072E-02 	
2.7925E+00 	9.5599E-03 	
2.7927E+00 	7.3598E-03 	
2.7928E+00 	7.0655E-03 	
2.7930E+00 	8.9308E-03 	
2.7932E+00 	1.0366E-02 	
2.7933E+00 	1.1299E-02 	
2.7935E+00 	1.0596E-02 	
2.7937E+00 	8.4417E-03 	
2.7938E+00 	1.0750E-02 	
2.7940E+00 	1.1673E-02 	
2.7942E+00 	7.8676E-03 	
2.7943E+00 	6.5722E-03 	
2.7945E+00 	6.5328E-03 	
2.7947E+00 	5.5732E-03 	
2.7948E+00 	4.8105E-03 	
2.7950E+00 	5.3069E-03 	
2.7952E+00 	7.2655E-03 	
2.7953E+00 	7.4748E-03 	
2.7955E+00 	6.3142E-03 	
2.7957E+00 	6.7743E-03 	
2.7958E+00 	7.8645E-03 	
2.7960E+00 	1.0078E-02 	
2.7962E+00 	8.0096E-03 	
2.7963E+00 	5.4178E-03 	
2.7965E+00 	5.4727E-03 	
2.7967E+00 	6.7463E-03 	
2.7968E+00 	6.9411E-03 	
2.7970E+00 	7.2458E-03 	
2.7972E+00 	7.1639E-03 	
2.7973E+00 	5.4675E-03 	
2.7975E+00 	5.6416E-03 	
2.7977E+00 	7.3888E-03 	
2.7978E+00 	8.9599E-03 	
2.7980E+00 	7.0313E-03 	
2.7982E+00 	7.1505E-03 	
2.7983E+00 	8.4624E-03 	
2.7985E+00 	6.3484E-03 	
2.7987E+00 	4.3504E-03 	
2.7988E+00 	5.9857E-03 	
2.7990E+00 	6.0385E-03 	
2.7992E+00 	6.3764E-03 	
2.7993E+00 	6.9702E-03 	
2.7995E+00 	4.8489E-03 	
2.7997E+00 	4.6820E-03 	
2.7998E+00 	3.9504E-03 	
2.8000E+00 	5.4230E-03 	
2.8002E+00 	9.2086E-03 	
2.8003E+00 	1.2027E-02 	
2.8005E+00 	1.1973E-02 	
2.8007E+00 	1.0846E-02 	
2.8008E+00 	9.7164E-03 	
2.8010E+00 	9.4998E-03 	
2.8012E+00 	1.0235E-02 	
2.8013E+00 	1.0414E-02 	
2.8015E+00 	1.2312E-02 	
2.8017E+00 	1.3832E-02 	
2.8018E+00 	1.5389E-02 	
2.8020E+00 	1.7280E-02 	
2.8022E+00 	2.0619E-02 	
2.8023E+00 	2.3933E-02 	
2.8025E+00 	2.4716E-02 	
2.8027E+00 	2.4723E-02 	
2.8028E+00 	2.5784E-02 	
2.8030E+00 	2.7756E-02 	
2.8032E+00 	3.0907E-02 	
2.8033E+00 	3.3517E-02 	
2.8035E+00 	3.6019E-02 	
2.8037E+00 	3.9843E-02 	
2.8038E+00 	4.5654E-02 	
2.8040E+00 	4.9947E-02 	
2.8042E+00 	5.3875E-02 	
2.8043E+00 	5.9770E-02 	
2.8045E+00 	6.4022E-02 	
2.8047E+00 	6.8515E-02 	
2.8048E+00 	7.2503E-02 	
2.8050E+00 	7.5597E-02 	
2.8052E+00 	7.9086E-02 	
2.8053E+00 	8.5451E-02 	
2.8055E+00 	9.1608E-02 	
2.8057E+00 	9.6729E-02 	
2.8058E+00 	1.0272E-01 	
2.8060E+00 	1.0703E-01 	
2.8062E+00 	1.1009E-01 	
2.8063E+00 	1.1401E-01 	
2.8065E+00 	1.2123E-01 	
2.8067E+00 	1.2818E-01 	
2.8068E+00 	1.3441E-01 	
2.8070E+00 	1.3748E-01 	
2.8072E+00 	1.3984E-01 	
2.8073E+00 	1.4548E-01 	
2.8075E+00 	1.5297E-01 	
2.8077E+00 	1.6215E-01 	
2.8078E+00 	1.7356E-01 	
2.8080E+00 	1.8377E-01 	
2.8082E+00 	1.9354E-01 	
2.8083E+00 	2.0529E-01 	
2.8085E+00 	2.1749E-01 	
2.8087E+00 	2.3106E-01 	
2.8088E+00 	2.4722E-01 	
2.8090E+00 	2.6443E-01 	
2.8092E+00 	2.8184E-01 	
2.8093E+00 	3.0065E-01 	
2.8095E+00 	3.2220E-01 	
2.8097E+00 	3.4649E-01 	
2.8098E+00 	3.7510E-01 	
2.8100E+00 	4.0754E-01 	
2.8102E+00 	4.4110E-01 	
2.8103E+00 	4.7852E-01 	
2.8105E+00 	5.2243E-01 	
2.8107E+00 	5.6692E-01 	
2.8108E+00 	6.1333E-01 	
2.8110E+00 	6.6613E-01 	
2.8112E+00 	7.1772E-01 	
2.8113E+00 	7.6470E-01 	
2.8115E+00 	8.0850E-01 	
2.8117E+00 	8.4767E-01 	
2.8118E+00 	8.7973E-01 	
2.8120E+00 	9.0330E-01 	
2.8122E+00 	9.2032E-01 	
2.8123E+00 	9.3333E-01 	
2.8125E+00 	9.4265E-01 	
2.8127E+00 	9.4637E-01 	
2.8128E+00 	9.4934E-01 	
2.8130E+00 	9.5335E-01 	
2.8132E+00 	9.5878E-01 	
2.8133E+00 	9.6783E-01 	
2.8135E+00 	9.7849E-01 	
2.8137E+00 	9.8878E-01 	
2.8138E+00 	9.9656E-01 	
2.8140E+00 	1.0000E+00 	
2.8142E+00 	9.9763E-01 	
2.8143E+00 	9.9008E-01 	
2.8145E+00 	9.8099E-01 	
2.8147E+00 	9.7164E-01 	
2.8148E+00 	9.6109E-01 	
2.8150E+00 	9.5130E-01 	
2.8152E+00 	9.4311E-01 	
2.8153E+00 	9.3727E-01 	
2.8155E+00 	9.3121E-01 	
2.8157E+00 	9.2553E-01 	
2.8158E+00 	9.1816E-01 	
2.8160E+00 	9.0902E-01 	
2.8162E+00 	8.9615E-01 	
2.8163E+00 	8.7296E-01 	
2.8165E+00 	8.4173E-01 	
2.8167E+00 	8.0382E-01 	
2.8168E+00 	7.6057E-01 	
2.8170E+00 	7.1200E-01 	
2.8172E+00 	6.6436E-01 	
2.8173E+00 	6.1649E-01 	
2.8175E+00 	5.7013E-01 	
2.8177E+00 	5.2690E-01 	
2.8178E+00 	4.8729E-01 	
2.8180E+00 	4.5314E-01 	
2.8182E+00 	4.2218E-01 	
2.8183E+00 	3.9349E-01 	
2.8185E+00 	3.6646E-01 	
2.8187E+00 	3.4227E-01 	
2.8188E+00 	3.1993E-01 	
2.8190E+00 	2.9948E-01 	
2.8192E+00 	2.8144E-01 	
2.8193E+00 	2.6505E-01 	
2.8195E+00 	2.5213E-01 	
2.8197E+00 	2.3915E-01 	
2.8198E+00 	2.2427E-01 	
2.8200E+00 	2.0997E-01 	
2.8202E+00 	1.9695E-01 	
2.8203E+00 	1.8533E-01 	
2.8205E+00 	1.7547E-01 	
2.8207E+00 	1.6659E-01 	
2.8208E+00 	1.5764E-01 	
2.8210E+00 	1.4799E-01 	
2.8212E+00 	1.3853E-01 	
2.8213E+00 	1.3016E-01 	
2.8215E+00 	1.2456E-01 	
2.8217E+00 	1.1983E-01 	
2.8218E+00 	1.1354E-01 	
2.8220E+00 	1.0857E-01 	
2.8222E+00 	1.0642E-01 	
2.8223E+00 	1.0353E-01 	
2.8225E+00 	1.0051E-01 	
2.8227E+00 	9.7210E-02 	
2.8228E+00 	9.2271E-02 	
2.8230E+00 	8.7923E-02 	
2.8232E+00 	8.0644E-02 	
2.8233E+00 	7.6188E-02 	
2.8235E+00 	7.7213E-02 	
2.8237E+00 	7.7295E-02 	
2.8238E+00 	7.3722E-02 	
2.8240E+00 	7.2324E-02 	
2.8242E+00 	7.1436E-02 	
2.8243E+00 	7.1262E-02 	
2.8245E+00 	7.1142E-02 	
2.8247E+00 	6.8573E-02 	
2.8248E+00 	7.0020E-02 	
2.8250E+00 	6.9540E-02 	
2.8252E+00 	6.9521E-02 	
2.8253E+00 	6.9987E-02 	
2.8255E+00 	6.7249E-02 	
2.8257E+00 	6.5815E-02 	
2.8258E+00 	6.7843E-02 	
2.8260E+00 	7.1044E-02 	
2.8262E+00 	7.2177E-02 	
2.8263E+00 	7.3205E-02 	
2.8265E+00 	7.2586E-02 	
2.8267E+00 	7.3509E-02 	
2.8268E+00 	7.7445E-02 	
2.8270E+00 	8.3176E-02 	
2.8272E+00 	8.9966E-02 	
2.8273E+00 	9.3902E-02 	
2.8275E+00 	9.4638E-02 	
2.8277E+00 	9.4835E-02 	
2.8278E+00 	9.6681E-02 	
2.8280E+00 	1.0017E-01 	
2.8282E+00 	1.0458E-01 	
2.8283E+00 	1.1197E-01 	
2.8285E+00 	1.1915E-01 	
2.8287E+00 	1.2355E-01 	
2.8288E+00 	1.2872E-01 	
2.8290E+00 	1.3597E-01 	
2.8292E+00 	1.4296E-01 	
2.8293E+00 	1.5221E-01 	
2.8295E+00 	1.5988E-01 	
2.8297E+00 	1.6787E-01 	
2.8298E+00 	1.7935E-01 	
2.8300E+00 	1.9014E-01 	
2.8302E+00 	1.9812E-01 	
2.8303E+00 	2.0776E-01 	
2.8305E+00 	2.2247E-01 	
2.8307E+00 	2.4387E-01 	
2.8308E+00 	2.6774E-01 	
2.8310E+00 	2.9240E-01 	
2.8312E+00 	3.1964E-01 	
2.8313E+00 	3.4941E-01 	
2.8315E+00 	3.7974E-01 	
2.8317E+00 	4.1444E-01 	
2.8318E+00 	4.5138E-01 	
2.8320E+00 	4.8714E-01 	
2.8322E+00 	5.2785E-01 	
2.8323E+00 	5.7142E-01 	
2.8325E+00 	6.1094E-01 	
2.8327E+00 	6.4594E-01 	
2.8328E+00 	6.7678E-01 	
2.8330E+00 	7.0026E-01 	
2.8332E+00 	7.1933E-01 	
2.8333E+00 	7.3618E-01 	
2.8335E+00 	7.4433E-01 	
2.8337E+00 	7.4697E-01 	
2.8338E+00 	7.5010E-01 	
2.8340E+00 	7.5078E-01 	
2.8342E+00 	7.5210E-01 	
2.8343E+00 	7.5741E-01 	
2.8345E+00 	7.6410E-01 	
2.8347E+00 	7.7056E-01 	
2.8348E+00 	7.7606E-01 	
2.8350E+00 	7.7981E-01 	
2.8352E+00 	7.8470E-01 	
2.8353E+00 	7.8688E-01 	
2.8355E+00 	7.8253E-01 	
2.8357E+00 	7.7510E-01 	
2.8358E+00 	7.6501E-01 	
2.8360E+00 	7.5489E-01 	
2.8362E+00 	7.4749E-01 	
2.8363E+00 	7.4091E-01 	
2.8365E+00 	7.3385E-01 	
2.8367E+00 	7.2794E-01 	
2.8368E+00 	7.2025E-01 	
2.8370E+00 	7.1255E-01 	
2.8372E+00 	7.0327E-01 	
2.8373E+00 	6.8826E-01 	
2.8375E+00 	6.6782E-01 	
2.8377E+00 	6.3929E-01 	
2.8378E+00 	6.0459E-01 	
2.8380E+00 	5.6595E-01 	
2.8382E+00 	5.2422E-01 	
2.8383E+00 	4.8173E-01 	
2.8385E+00 	4.4129E-01 	
2.8387E+00 	4.0557E-01 	
2.8388E+00 	3.7285E-01 	
2.8390E+00 	3.4079E-01 	
2.8392E+00 	3.1105E-01 	
2.8393E+00 	2.8498E-01 	
2.8395E+00 	2.6279E-01 	
2.8397E+00 	2.4364E-01 	
2.8398E+00 	2.2331E-01 	
2.8400E+00 	2.0624E-01 	
2.8402E+00 	1.9164E-01 	
2.8403E+00 	1.7697E-01 	
2.8405E+00 	1.6393E-01 	
2.8407E+00 	1.5526E-01 	
2.8408E+00 	1.4763E-01 	
2.8410E+00 	1.3988E-01 	
2.8412E+00 	1.3208E-01 	
2.8413E+00 	1.2205E-01 	
2.8415E+00 	1.1296E-01 	
2.8417E+00 	1.0539E-01 	
2.8418E+00 	9.7839E-02 	
2.8420E+00 	9.0766E-02 	
2.8422E+00 	8.6902E-02 	
2.8423E+00 	8.2986E-02 	
2.8425E+00 	7.9066E-02 	
2.8427E+00 	7.4173E-02 	
2.8428E+00 	7.1046E-02 	
2.8430E+00 	6.9351E-02 	
2.8432E+00 	6.6155E-02 	
2.8433E+00 	6.2831E-02 	
2.8435E+00 	6.0799E-02 	
2.8437E+00 	5.9167E-02 	
2.8438E+00 	5.6177E-02 	
2.8440E+00 	4.8790E-02 	
2.8442E+00 	4.3976E-02 	
2.8443E+00 	4.3244E-02 	
2.8445E+00 	4.2390E-02 	
2.8447E+00 	4.2632E-02 	
2.8448E+00 	3.9436E-02 	
2.8450E+00 	3.4564E-02 	
2.8452E+00 	3.0835E-02 	
2.8453E+00 	2.6419E-02 	
2.8455E+00 	2.3620E-02 	
2.8457E+00 	2.3077E-02 	
2.8458E+00 	2.2020E-02 	
2.8460E+00 	2.1444E-02 	
2.8462E+00 	1.8702E-02 	
2.8463E+00 	1.4757E-02 	
2.8465E+00 	1.3173E-02 	
2.8467E+00 	1.1978E-02 	
2.8468E+00 	1.1018E-02 	
2.8470E+00 	1.1449E-02 	
2.8472E+00 	1.0837E-02 	
2.8473E+00 	8.3578E-03 	
2.8475E+00 	7.7339E-03 	
2.8477E+00 	7.5722E-03 	
2.8478E+00 	8.1971E-03 	
2.8480E+00 	8.3008E-03 	
2.8482E+00 	9.1008E-03 	
2.8483E+00 	6.7360E-03 	
2.8485E+00 	4.2063E-03 	
2.8487E+00 	3.7607E-03 	
2.8488E+00 	3.9017E-03 	
2.8490E+00 	4.7649E-03 	
2.8492E+00 	7.4821E-03 	
2.8493E+00 	6.8686E-03 	
2.8495E+00 	5.3991E-03 	
2.8497E+00 	4.0291E-03 	
2.8498E+00 	4.2126E-03 	
2.8500E+00 	4.3328E-03 	
2.8502E+00 	3.0985E-03 	
2.8503E+00 	4.0934E-03 	
2.8505E+00 	6.0686E-03 	
2.8507E+00 	6.6655E-03 	
2.8508E+00 	7.6002E-03 	
2.8510E+00 	4.4654E-03 	
2.8512E+00 	2.8996E-03 	
2.8513E+00 	3.6861E-03 	
2.8515E+00 	4.7328E-03 	
2.8517E+00 	6.3173E-03 	
2.8518E+00 	6.9090E-03 	
2.8520E+00 	6.0375E-03 	
2.8522E+00 	3.8229E-03 	
2.8523E+00 	3.5835E-03 	
2.8525E+00 	3.2084E-03 	
2.8527E+00 	1.4353E-03 	
2.8528E+00 	4.2540E-03 	
2.8530E+00 	6.3878E-03 	
2.8532E+00 	5.7763E-03 	
2.8533E+00 	3.8157E-03 	
2.8535E+00 	4.0872E-03 	
2.8537E+00 	5.4893E-03 	
2.8538E+00 	5.9909E-03 	
2.8540E+00 	5.4188E-03 	
2.8542E+00 	5.6862E-03 	
2.8543E+00 	5.0416E-03 	
2.8545E+00 	5.2520E-03 	
2.8547E+00 	6.3815E-03 	
2.8548E+00 	4.9991E-03 	
2.8550E+00 	4.1867E-03 	
2.8552E+00 	4.0582E-03 	
2.8553E+00 	4.1473E-03 	
2.8555E+00 	5.1867E-03 	
2.8557E+00 	6.0893E-03 	
2.8558E+00 	3.4333E-03 	
2.8560E+00 	2.1410E-03 	
2.8562E+00 	3.6934E-03 	
2.8563E+00 	5.1639E-03 	
2.8565E+00 	5.8914E-03 	
2.8567E+00 	5.8437E-03 	
2.8568E+00 	7.7795E-03 	
2.8570E+00 	8.1609E-03 	
2.8572E+00 	5.0281E-03 	
2.8573E+00 	3.9400E-03 	
2.8575E+00 	4.9266E-03 	
2.8577E+00 	3.8001E-03 	
2.8578E+00 	2.8291E-03 	
2.8580E+00 	3.9017E-03 	
2.8582E+00 	1.7016E-03 	
2.8583E+00 	5.0571E-04 	
2.8585E+00 	1.5441E-04 	
2.8587E+00 	4.4561E-05 	
2.8588E+00 	2.1503E-03 	
2.8590E+00 	6.5287E-03 	
2.8592E+00 	5.9991E-03 	
2.8593E+00 	4.2654E-03 	
2.8595E+00 	3.4695E-03 	
2.8597E+00 	2.0218E-03 	
2.8598E+00 	2.5213E-03 	
2.8600E+00 	5.8561E-03 	
2.8602E+00 	6.4406E-03 	
2.8603E+00 	5.4768E-03 	
2.8605E+00 	6.0914E-03 	
2.8607E+00 	7.0873E-03 	
2.8608E+00 	7.7246E-03 	
2.8610E+00 	6.8147E-03 	
2.8612E+00 	4.6416E-03 	
2.8613E+00 	3.1286E-03 	
2.8615E+00 	1.2757E-03 	
2.8617E+00 	9.0365E-04 	
2.8618E+00 	1.0498E-03 	
2.8620E+00 	3.3566E-03 	
2.8622E+00 	3.5276E-03 	
2.8623E+00 	4.1587E-03 	
2.8625E+00 	4.9722E-03 	
2.8627E+00 	4.5970E-03 	
2.8628E+00 	4.1162E-03 	
2.8630E+00 	5.9287E-03 	
2.8632E+00 	7.9640E-03 	
2.8633E+00 	5.8437E-03 	
2.8635E+00 	3.8685E-03 	
2.8637E+00 	6.4334E-03 	
2.8638E+00 	8.7578E-03 	
2.8640E+00 	7.8510E-03 	
2.8642E+00 	3.3835E-03 	
2.8643E+00 	2.2249E-03 	
2.8645E+00 	3.9162E-03 	
2.8647E+00 	5.5587E-03 	
2.8648E+00 	5.6706E-03 	
2.8650E+00 	5.3307E-03 	
2.8652E+00 	5.1597E-03 	
2.8653E+00 	7.1360E-03 	
2.8655E+00 	8.7474E-03 	
2.8657E+00 	8.8904E-03 	
2.8658E+00 	9.5961E-03 	
2.8660E+00 	1.1146E-02 	
2.8662E+00 	1.3428E-02 	
2.8663E+00 	1.3725E-02 	
2.8665E+00 	1.1108E-02 	
2.8667E+00 	9.8189E-03 	
2.8668E+00 	7.8790E-03 	
2.8670E+00 	6.2313E-03 	
2.8672E+00 	6.5318E-03 	
2.8673E+00 	7.8210E-03 	
2.8675E+00 	1.0292E-02 	
2.8677E+00 	1.1103E-02 	
2.8678E+00 	9.5236E-03 	
2.8680E+00 	7.2075E-03 	
2.8682E+00 	6.0831E-03 	
2.8683E+00 	7.3453E-03 	
2.8685E+00 	9.4573E-03 	
2.8687E+00 	1.0329E-02 	
2.8688E+00 	1.0098E-02 	
2.8690E+00 	1.1550E-02 	
2.8692E+00 	1.2659E-02 	
2.8693E+00 	1.1646E-02 	
2.8695E+00 	1.2185E-02 	
2.8697E+00 	1.3639E-02 	
2.8698E+00 	1.2938E-02 	
2.8700E+00 	1.2069E-02 	
2.8702E+00 	9.5806E-03 	
2.8703E+00 	8.1028E-03 	
2.8705E+00 	7.5899E-03 	
2.8707E+00 	6.5805E-03 	
2.8708E+00 	8.6262E-03 	
2.8710E+00 	1.0547E-02 	
2.8712E+00 	9.5029E-03 	
2.8713E+00 	9.2448E-03 	
2.8715E+00 	1.0438E-02 	
2.8717E+00 	1.0540E-02 	
2.8718E+00 	9.6345E-03 	
2.8720E+00 	8.3350E-03 	
2.8722E+00 	8.6552E-03 	
2.8723E+00 	1.0091E-02 	
2.8725E+00 	9.3091E-03 	
2.8727E+00 	7.7723E-03 	
2.8728E+00 	7.5660E-03 	
2.8730E+00 	6.6251E-03 	
2.8732E+00 	5.5950E-03 	
2.8733E+00 	6.1991E-03 	
2.8735E+00 	5.9142E-03 	
2.8737E+00 	5.7048E-03 	
2.8738E+00 	7.9267E-03 	
2.8740E+00 	8.2355E-03 	
2.8742E+00 	8.5215E-03 	
2.8743E+00 	9.5599E-03 	
2.8745E+00 	8.3049E-03 	
2.8747E+00 	5.1432E-03 	
2.8748E+00 	4.5452E-03 	
2.8750E+00 	5.6727E-03 	
2.8752E+00 	5.7784E-03 	
2.8753E+00 	5.1193E-03 	
2.8755E+00 	6.7297E-03 	
2.8757E+00 	6.5619E-03 	
2.8758E+00 	6.0810E-03 	
2.8760E+00 	4.9577E-03 	
2.8762E+00 	5.4810E-03 	
2.8763E+00 	5.8219E-03 	
2.8765E+00 	6.8935E-03 	
2.8767E+00 	5.6655E-03 	
2.8768E+00 	1.7223E-03 	
2.8770E+00 	2.4384E-03 	
2.8772E+00 	5.1349E-03 	
2.8773E+00 	5.6986E-03 	
2.8775E+00 	5.1390E-03 	
2.8777E+00 	4.4986E-03 	
2.8778E+00 	5.3090E-03 	
2.8780E+00 	4.7017E-03 	
2.8782E+00 	2.1109E-03 	
2.8783E+00 	2.4332E-03 	
2.8785E+00 	4.4437E-03 	
2.8787E+00 	3.2001E-03 	
2.8788E+00 	3.1887E-03 	
2.8790E+00 	4.9245E-03 	
2.8792E+00 	5.4748E-03 	
2.8793E+00 	5.2188E-03 	
2.8795E+00 	3.6260E-03 	
2.8797E+00 	6.4510E-03 	
2.8798E+00 	6.7898E-03 	
2.8800E+00 	3.0167E-03 	
2.8802E+00 	2.8436E-03 	
2.8803E+00 	3.3327E-03 	
2.8805E+00 	5.0520E-03 	
2.8807E+00 	4.8209E-03 	
2.8808E+00 	2.3265E-03 	
2.8810E+00 	2.8788E-03 	
2.8812E+00 	3.3980E-03 	
2.8813E+00 	4.0229E-03 	
2.8815E+00 	2.9224E-03 	
2.8817E+00 	2.0270E-03 	
2.8818E+00 	3.8799E-03 	
2.8820E+00 	4.5836E-03 	
2.8822E+00 	3.7431E-03 	
2.8823E+00 	2.7752E-03 	
2.8825E+00 	4.7836E-03 	
2.8827E+00 	5.9307E-03 	
2.8828E+00 	5.8447E-03 	
2.8830E+00 	4.0063E-03 	
2.8832E+00 	3.7452E-03 	
2.8833E+00 	5.2364E-03 	
2.8835E+00 	4.7183E-03 	
2.8837E+00 	3.3151E-03 	
2.8838E+00 	3.8861E-03 	
2.8840E+00 	3.0809E-03 	
2.8842E+00 	1.7503E-03 	
2.8843E+00 	1.7410E-03 	
2.8845E+00 	4.0499E-03 	
2.8847E+00 	8.1629E-03 	
2.8848E+00 	6.2935E-03 	
2.8850E+00 	6.1536E-03 	
2.8852E+00 	6.3349E-03 	
2.8853E+00 	6.3805E-03 	
2.8855E+00 	7.8769E-03 	
2.8857E+00 	7.0810E-03 	
2.8858E+00 	5.0737E-03 	
2.8860E+00 	5.5297E-03 	
2.8862E+00 	6.6334E-03 	
2.8863E+00 	7.3111E-03 	
2.8865E+00 	8.9350E-03 	
2.8867E+00 	1.2158E-02 	
2.8868E+00 	1.2311E-02 	
2.8870E+00 	1.2460E-02 	
2.8872E+00 	1.2068E-02 	
2.8873E+00 	1.2751E-02 	
2.8875E+00 	1.4037E-02 	
2.8877E+00 	1.3469E-02 	
2.8878E+00 	1.2200E-02 	
2.8880E+00 	1.2377E-02 	
2.8882E+00 	1.2350E-02 	
2.8883E+00 	1.1721E-02 	
2.8885E+00 	1.1211E-02 	
2.8887E+00 	1.2755E-02 	
2.8888E+00 	1.4544E-02 	
2.8890E+00 	1.4354E-02 	
2.8892E+00 	1.2295E-02 	
2.8893E+00 	1.2298E-02 	
2.8895E+00 	1.5774E-02 	
2.8897E+00 	1.7403E-02 	
2.8898E+00 	1.8522E-02 	
2.8900E+00 	2.0301E-02 	
2.8902E+00 	2.0774E-02 	
2.8903E+00 	1.8315E-02 	
2.8905E+00 	1.5678E-02 	
2.8907E+00 	1.3702E-02 	
2.8908E+00 	1.4662E-02 	
2.8910E+00 	1.7227E-02 	
2.8912E+00 	1.6280E-02 	
2.8913E+00 	1.4691E-02 	
2.8915E+00 	1.7509E-02 	
2.8917E+00 	1.6497E-02 	
2.8918E+00 	1.3823E-02 	
2.8920E+00 	1.5632E-02 	
2.8922E+00 	1.5750E-02 	
2.8923E+00 	1.3768E-02 	
2.8925E+00 	1.4927E-02 	
2.8927E+00 	1.5465E-02 	
2.8928E+00 	1.6555E-02 	
2.8930E+00 	1.8943E-02 	
2.8932E+00 	1.8776E-02 	
2.8933E+00 	1.8378E-02 	
2.8935E+00 	1.9144E-02 	
2.8937E+00 	1.7431E-02 	
2.8938E+00 	1.5523E-02 	
2.8940E+00 	1.5861E-02 	
2.8942E+00 	1.4134E-02 	
2.8943E+00 	1.0025E-02 	
2.8945E+00 	1.0414E-02 	
2.8947E+00 	1.2112E-02 	
2.8948E+00 	1.1245E-02 	
2.8950E+00 	1.0312E-02 	
2.8952E+00 	1.0900E-02 	
2.8953E+00 	1.2473E-02 	
2.8955E+00 	1.4054E-02 	
2.8957E+00 	1.2727E-02 	
2.8958E+00 	9.9837E-03 	
2.8960E+00 	1.0057E-02 	
2.8962E+00 	1.0682E-02 	
2.8963E+00 	1.1484E-02 	
2.8965E+00 	1.0677E-02 	
2.8967E+00 	9.1194E-03 	
2.8968E+00 	8.9339E-03 	
2.8970E+00 	8.5495E-03 	
2.8972E+00 	7.5577E-03 	
2.8973E+00 	8.5132E-03 	
2.8975E+00 	6.2561E-03 	
2.8977E+00 	5.2903E-03 	
2.8978E+00 	7.0759E-03 	
2.8980E+00 	8.4821E-03 	
2.8982E+00 	8.9402E-03 	
2.8983E+00 	8.6003E-03 	
2.8985E+00 	7.0002E-03 	
2.8987E+00 	6.6758E-03 	
2.8988E+00 	6.8354E-03 	
2.8990E+00 	7.4127E-03 	
2.8992E+00 	7.0396E-03 	
2.8993E+00 	6.0800E-03 	
2.8995E+00 	6.0385E-03 	
2.8997E+00 	6.1069E-03 	
2.8998E+00 	5.2882E-03 	
2.9000E+00 	7.9453E-03 	
2.9002E+00 	8.6044E-03 	
2.9003E+00 	6.2209E-03 	
2.9005E+00 	4.4426E-03 	
2.9007E+00 	3.3628E-03 	
2.9008E+00 	4.5400E-03 	
2.9010E+00 	7.0116E-03 	
2.9012E+00 	7.8448E-03 	
2.9013E+00 	9.2272E-03 	
2.9015E+00 	8.2769E-03 	
2.9017E+00 	7.7101E-03 	
2.9018E+00 	8.2707E-03 	
2.9020E+00 	7.6686E-03 	
2.9022E+00 	7.6064E-03 	
2.9023E+00 	6.0313E-03 	
2.9025E+00 	3.6903E-03 	
2.9027E+00 	4.6395E-03 	
2.9028E+00 	5.8541E-03 	
2.9030E+00 	5.8520E-03 	
2.9032E+00 	5.1950E-03 	
2.9033E+00 	3.5980E-03 	
2.9035E+00 	1.7648E-03 	
2.9037E+00 	4.4043E-03 	
2.9038E+00 	5.4157E-03 	
2.9040E+00 	5.7722E-03 	
2.9042E+00 	7.5691E-03 	
2.9043E+00 	6.4479E-03 	
2.9045E+00 	5.9204E-03 	
2.9047E+00 	6.2240E-03 	
2.9048E+00 	4.2685E-03 	
2.9050E+00 	3.8737E-03 	
2.9052E+00 	3.6260E-03 	
2.9053E+00 	5.3577E-03 	
2.9055E+00 	8.1723E-03 	
2.9057E+00 	8.8479E-03 	
2.9058E+00 	7.9609E-03 	
2.9060E+00 	6.8178E-03 	
2.9062E+00 	4.2685E-03 	
2.9063E+00 	3.0519E-03 	
2.9065E+00 	3.9856E-03 	
2.9067E+00 	4.6602E-03 	
2.9068E+00 	4.6012E-03 	
2.9070E+00 	3.1472E-03 	
2.9072E+00 	3.7638E-03 	
2.9073E+00 	3.4467E-03 	
2.9075E+00 	1.6467E-03 	
2.9077E+00 	3.0260E-03 	
2.9078E+00 	4.0561E-03 	
2.9080E+00 	5.4572E-03 	
2.9082E+00 	6.9142E-03 	
2.9083E+00 	7.9951E-03 	
2.9085E+00 	6.7380E-03 	
2.9087E+00 	5.2292E-03 	
2.9088E+00 	5.9888E-03 	
2.9090E+00 	5.9266E-03 	
2.9092E+00 	5.6696E-03 	
2.9093E+00 	5.9722E-03 	
2.9095E+00 	7.0209E-03 	
2.9097E+00 	7.0800E-03 	
2.9098E+00 	6.6240E-03 	
2.9100E+00 	5.9940E-03 	
2.9102E+00 	4.4851E-03 	
2.9103E+00 	3.8540E-03 	
2.9105E+00 	4.1286E-03 	
2.9107E+00 	2.6560E-03 	
2.9108E+00 	1.9482E-03 	
2.9110E+00 	3.6281E-03 	
2.9112E+00 	6.0727E-03 	
2.9113E+00 	6.1121E-03 	
2.9115E+00 	4.3048E-03 	
2.9117E+00 	3.1265E-03 	
2.9118E+00 	9.6583E-04 	
2.9120E+00 	7.7723E-05 	
2.9122E+00 	1.1379E-03 	
2.9123E+00 	3.9701E-03 	
2.9125E+00 	3.7638E-03 	
2.9127E+00 	4.3680E-03 	
2.9128E+00 	3.9359E-03 	
2.9130E+00 	2.6716E-03 	
2.9132E+00 	2.5462E-03 	
2.9133E+00 	4.4861E-03 	
2.9135E+00 	6.4603E-03 	
2.9137E+00 	7.0044E-03 	
2.9138E+00 	7.9660E-03 	
2.9140E+00 	8.4593E-03 	
2.9142E+00 	8.4769E-03 	
2.9143E+00 	7.3152E-03 	
2.9145E+00 	6.3339E-03 	
2.9147E+00 	7.1598E-03 	
2.9148E+00 	7.4137E-03 	
2.9150E+00 	9.3381E-03 	
2.9152E+00 	7.6676E-03 	
2.9153E+00 	5.5515E-03 	
2.9155E+00 	4.8509E-03 	
2.9157E+00 	4.7722E-03 	
2.9158E+00 	5.2976E-03 	
2.9160E+00 	6.4427E-03 	
2.9162E+00 	6.0458E-03 	
2.9163E+00 	2.7130E-03 	
2.9165E+00 	4.4519E-03 	
2.9167E+00 	4.9711E-03 	
2.9168E+00 	2.5317E-03 	
2.9170E+00 	1.8653E-03 	
2.9172E+00 	2.8115E-03 	
2.9173E+00 	3.5949E-03 	
2.9175E+00 	4.2540E-03 	
2.9177E+00 	1.7855E-03 	
2.9178E+00 	1.1192E-03 	
2.9180E+00 	3.1151E-03 	
2.9182E+00 	2.6985E-03 	
2.9183E+00 	3.9690E-03 	
2.9185E+00 	6.3660E-03 	
2.9187E+00 	6.3111E-03 	
2.9188E+00 	6.9401E-03 	
2.9190E+00 	6.4551E-03 	
2.9192E+00 	3.7089E-03 	
2.9193E+00 	3.7877E-03 	
2.9195E+00 	4.3504E-03 	
2.9197E+00 	4.1773E-03 	
2.9198E+00 	4.2260E-03 	
2.9200E+00 	4.6250E-03 	
2.9202E+00 	4.2830E-03 	
2.9203E+00 	4.3670E-03 	
2.9205E+00 	6.2489E-03 	
2.9207E+00 	6.9287E-03 	
2.9208E+00 	6.0582E-03 	
2.9210E+00 	4.8727E-03 	
2.9212E+00 	3.9908E-03 	
2.9213E+00 	6.1038E-03 	
2.9215E+00 	7.1152E-03 	
2.9217E+00 	7.0862E-03 	
2.9218E+00 	5.9401E-03 	
2.9220E+00 	7.2997E-03 	
2.9222E+00 	8.6282E-03 	
2.9223E+00 	7.0603E-03 	
2.9225E+00 	6.6137E-03 	
2.9227E+00 	6.7100E-03 	
2.9228E+00 	8.3205E-03 	
2.9230E+00 	9.4583E-03 	
2.9232E+00 	8.2262E-03 	
2.9233E+00 	5.8541E-03 	
2.9235E+00 	4.0105E-03 	
2.9237E+00 	3.7462E-03 	
2.9238E+00 	7.2106E-03 	
2.9240E+00 	1.1292E-02 	
2.9242E+00 	1.3049E-02 	
2.9243E+00 	1.1971E-02 	
2.9245E+00 	1.3049E-02 	
2.9247E+00 	1.3541E-02 	
2.9248E+00 	1.5594E-02 	
2.9250E+00 	1.8590E-02 	
2.9252E+00 	1.9579E-02 	
2.9253E+00 	1.9767E-02 	
2.9255E+00 	2.0993E-02 	
2.9257E+00 	2.0580E-02 	
2.9258E+00 	1.9345E-02 	
2.9260E+00 	1.9843E-02 	
2.9262E+00 	2.1427E-02 	
2.9263E+00 	2.4645E-02 	
2.9265E+00 	3.1150E-02 	
2.9267E+00 	3.6056E-02 	
2.9268E+00 	3.7085E-02 	
2.9270E+00 	3.7857E-02 	
2.9272E+00 	3.6694E-02 	
2.9273E+00 	3.4637E-02 	
2.9275E+00 	3.3692E-02 	
2.9277E+00 	3.4487E-02 	
2.9278E+00 	3.7106E-02 	
2.9280E+00 	4.2301E-02 	
2.9282E+00 	4.8344E-02 	
2.9283E+00 	5.2907E-02 	
2.9285E+00 	5.6491E-02 	
2.9287E+00 	6.0729E-02 	
2.9288E+00 	6.6797E-02 	
2.9290E+00 	7.2953E-02 	
2.9292E+00 	7.4742E-02 	
2.9293E+00 	7.5470E-02 	
2.9295E+00 	7.8889E-02 	
2.9297E+00 	8.1390E-02 	
2.9298E+00 	8.7964E-02 	
2.9300E+00 	9.8135E-02 	
2.9302E+00 	1.0648E-01 	
2.9303E+00 	1.1512E-01 	
2.9305E+00 	1.2794E-01 	
2.9307E+00 	1.3902E-01 	
2.9308E+00 	1.5354E-01 	
2.9310E+00 	1.7216E-01 	
2.9312E+00 	1.8937E-01 	
2.9313E+00 	2.0884E-01 	
2.9315E+00 	2.3136E-01 	
2.9317E+00 	2.5431E-01 	
2.9318E+00 	2.7854E-01 	
2.9320E+00 	3.0421E-01 	
2.9322E+00 	3.2624E-01 	
2.9323E+00 	3.4630E-01 	
2.9325E+00 	3.6597E-01 	
2.9327E+00 	3.8081E-01 	
2.9328E+00 	3.9416E-01 	
2.9330E+00 	4.0424E-01 	
2.9332E+00 	4.0642E-01 	
2.9333E+00 	4.0881E-01 	
2.9335E+00 	4.0966E-01 	
2.9337E+00 	4.0952E-01 	
2.9338E+00 	4.1473E-01 	
2.9340E+00 	4.2058E-01 	
2.9342E+00 	4.2281E-01 	
2.9343E+00 	4.3008E-01 	
2.9345E+00 	4.3680E-01 	
2.9347E+00 	4.3932E-01 	
2.9348E+00 	4.3928E-01 	
2.9350E+00 	4.3956E-01 	
2.9352E+00 	4.3755E-01 	
2.9353E+00 	4.3292E-01 	
2.9355E+00 	4.2679E-01 	
2.9357E+00 	4.2033E-01 	
2.9358E+00 	4.1590E-01 	
2.9360E+00 	4.1162E-01 	
2.9362E+00 	4.1037E-01 	
2.9363E+00 	4.1088E-01 	
2.9365E+00 	4.1040E-01 	
2.9367E+00 	4.0803E-01 	
2.9368E+00 	4.0366E-01 	
2.9370E+00 	3.9501E-01 	
2.9372E+00 	3.8370E-01 	
2.9373E+00 	3.6950E-01 	
2.9375E+00 	3.5223E-01 	
2.9377E+00 	3.3140E-01 	
2.9378E+00 	3.0695E-01 	
2.9380E+00 	2.8439E-01 	
2.9382E+00 	2.6397E-01 	
2.9383E+00 	2.4249E-01 	
2.9385E+00 	2.1907E-01 	
2.9387E+00 	1.9888E-01 	
2.9388E+00 	1.8084E-01 	
2.9390E+00 	1.6605E-01 	
2.9392E+00 	1.5430E-01 	
2.9393E+00 	1.4430E-01 	
2.9395E+00 	1.3335E-01 	
2.9397E+00 	1.2264E-01 	
2.9398E+00 	1.1394E-01 	
2.9400E+00 	1.0781E-01 	
2.9402E+00 	1.0086E-01 	
2.9403E+00 	9.4111E-02 	
2.9405E+00 	8.9499E-02 	
2.9407E+00 	8.6631E-02 	
2.9408E+00 	8.4957E-02 	
2.9410E+00 	8.0286E-02 	
2.9412E+00 	7.6245E-02 	
2.9413E+00 	7.3561E-02 	
2.9415E+00 	6.8636E-02 	
2.9417E+00 	6.6189E-02 	
2.9418E+00 	6.6409E-02 	
2.9420E+00 	6.5577E-02 	
2.9422E+00 	7.0349E-02 	
2.9423E+00 	7.4561E-02 	
2.9425E+00 	7.2154E-02 	
2.9427E+00 	7.1407E-02 	
2.9428E+00 	7.0164E-02 	
2.9430E+00 	6.6437E-02 	
2.9432E+00 	6.5185E-02 	
2.9433E+00 	6.6890E-02 	
2.9435E+00 	7.0234E-02 	
2.9437E+00 	7.3345E-02 	
2.9438E+00 	7.0915E-02 	
2.9440E+00 	6.9132E-02 	
2.9442E+00 	7.0816E-02 	
2.9443E+00 	7.1858E-02 	
2.9445E+00 	7.5100E-02 	
2.9447E+00 	7.9688E-02 	
2.9448E+00 	8.4011E-02 	
2.9450E+00 	8.6835E-02 	
2.9452E+00 	8.8467E-02 	
2.9453E+00 	8.8446E-02 	
2.9455E+00 	9.0766E-02 	
2.9457E+00 	9.6124E-02 	
2.9458E+00 	9.7333E-02 	
2.9460E+00 	9.6988E-02 	
2.9462E+00 	1.0133E-01 	
2.9463E+00 	1.0805E-01 	
2.9465E+00 	1.1236E-01 	
2.9467E+00 	1.1728E-01 	
2.9468E+00 	1.2098E-01 	
2.9470E+00 	1.2234E-01 	
2.9472E+00 	1.2653E-01 	
2.9473E+00 	1.3507E-01 	
2.9475E+00 	1.4436E-01 	
2.9477E+00 	1.5534E-01 	
2.9478E+00 	1.6563E-01 	
2.9480E+00 	1.7155E-01 	
2.9482E+00 	1.8150E-01 	
2.9483E+00 	1.9497E-01 	
2.9485E+00 	2.0897E-01 	
2.9487E+00 	2.2453E-01 	
2.9488E+00 	2.4128E-01 	
2.9490E+00 	2.5841E-01 	
2.9492E+00 	2.7897E-01 	
2.9493E+00 	3.0493E-01 	
2.9495E+00 	3.3351E-01 	
2.9497E+00 	3.6561E-01 	
2.9498E+00 	4.0068E-01 	
2.9500E+00 	4.3753E-01 	
2.9502E+00 	4.7842E-01 	
2.9503E+00 	5.2171E-01 	
2.9505E+00 	5.6629E-01 	
2.9507E+00 	6.1496E-01 	
2.9508E+00 	6.6200E-01 	
2.9510E+00 	7.0239E-01 	
2.9512E+00 	7.3791E-01 	
2.9513E+00 	7.6786E-01 	
2.9515E+00 	7.9002E-01 	
2.9517E+00 	8.0539E-01 	
2.9518E+00 	8.1538E-01 	
2.9520E+00 	8.2261E-01 	
2.9522E+00 	8.2976E-01 	
2.9523E+00 	8.3729E-01 	
2.9525E+00 	8.4580E-01 	
2.9527E+00 	8.5560E-01 	
2.9528E+00 	8.6447E-01 	
2.9530E+00 	8.7278E-01 	
2.9532E+00 	8.8347E-01 	
2.9533E+00 	8.9093E-01 	
2.9535E+00 	8.9600E-01 	
2.9537E+00 	8.9546E-01 	
2.9538E+00 	8.9113E-01 	
2.9540E+00 	8.8615E-01 	
2.9542E+00 	8.7920E-01 	
2.9543E+00 	8.7214E-01 	
2.9545E+00 	8.6724E-01 	
2.9547E+00 	8.6313E-01 	
2.9548E+00 	8.6096E-01 	
2.9550E+00 	8.6017E-01 	
2.9552E+00 	8.5675E-01 	
2.9553E+00 	8.5132E-01 	
2.9555E+00 	8.4009E-01 	
2.9557E+00 	8.2425E-01 	
2.9558E+00 	8.0436E-01 	
2.9560E+00 	7.7810E-01 	
2.9562E+00 	7.4475E-01 	
2.9563E+00 	7.0511E-01 	
2.9565E+00 	6.6397E-01 	
2.9567E+00 	6.2245E-01 	
2.9568E+00 	5.8023E-01 	
2.9570E+00 	5.3728E-01 	
2.9572E+00 	4.9975E-01 	
2.9573E+00 	4.6630E-01 	
2.9575E+00 	4.3306E-01 	
2.9577E+00 	4.0354E-01 	
2.9578E+00 	3.7533E-01 	
2.9580E+00 	3.4812E-01 	
2.9582E+00 	3.2475E-01 	
2.9583E+00 	3.0717E-01 	
2.9585E+00 	2.9107E-01 	
2.9587E+00 	2.7890E-01 	
2.9588E+00 	2.6660E-01 	
2.9590E+00 	2.5117E-01 	
2.9592E+00 	2.3409E-01 	
2.9593E+00 	2.1859E-01 	
2.9595E+00 	2.0679E-01 	
2.9597E+00 	1.9673E-01 	
2.9598E+00 	1.8550E-01 	
2.9600E+00 	1.7479E-01 	
2.9602E+00 	1.6603E-01 	
2.9603E+00 	1.5732E-01 	
2.9605E+00 	1.5029E-01 	
2.9607E+00 	1.4287E-01 	
2.9608E+00 	1.3290E-01 	
2.9610E+00 	1.2747E-01 	
2.9612E+00 	1.2357E-01 	
2.9613E+00 	1.1586E-01 	
2.9615E+00 	1.0829E-01 	
2.9617E+00 	1.0249E-01 	
2.9618E+00 	9.7019E-02 	
2.9620E+00 	9.2378E-02 	
2.9622E+00 	8.8392E-02 	
2.9623E+00 	8.3007E-02 	
2.9625E+00 	7.9995E-02 	
2.9627E+00 	7.7382E-02 	
2.9628E+00 	7.2104E-02 	
2.9630E+00 	6.7435E-02 	
2.9632E+00 	6.5034E-02 	
2.9633E+00 	6.1485E-02 	
2.9635E+00 	5.8354E-02 	
2.9637E+00 	5.6196E-02 	
2.9638E+00 	5.1024E-02 	
2.9640E+00 	4.6535E-02 	
2.9642E+00 	4.2596E-02 	
2.9643E+00 	3.8429E-02 	
2.9645E+00 	3.5487E-02 	
2.9647E+00 	3.2744E-02 	
2.9648E+00 	3.2247E-02 	
2.9650E+00 	3.2260E-02 	
2.9652E+00 	3.0273E-02 	
2.9653E+00 	2.7732E-02 	
2.9655E+00 	2.6308E-02 	
2.9657E+00 	2.3174E-02 	
2.9658E+00 	1.7929E-02 	
2.9660E+00 	1.6727E-02 	
2.9662E+00 	1.5262E-02 	
2.9663E+00 	1.6151E-02 	
2.9665E+00 	1.5399E-02 	
2.9667E+00 	1.3428E-02 	
2.9668E+00 	1.1665E-02 	
2.9670E+00 	9.7796E-03 	
2.9672E+00 	8.7194E-03 	
2.9673E+00 	9.8376E-03 	
2.9675E+00 	1.1010E-02 	
2.9677E+00 	1.1488E-02 	
2.9678E+00 	1.1984E-02 	
2.9680E+00 	1.2267E-02 	
2.9682E+00 	1.1875E-02 	
2.9683E+00 	1.1866E-02 	
2.9685E+00 	1.1843E-02 	
2.9687E+00 	1.4181E-02 	
2.9688E+00 	1.2299E-02 	
2.9690E+00 	9.6469E-03 	
2.9692E+00 	9.1526E-03 	
2.9693E+00 	9.2801E-03 	
2.9695E+00 	9.8542E-03 	
2.9697E+00 	1.0362E-02 	
2.9698E+00 	1.0438E-02 	
2.9700E+00 	1.0353E-02 	
2.9702E+00 	9.8138E-03 	
2.9703E+00 	8.1733E-03 	
2.9705E+00 	9.3650E-03 	
2.9707E+00 	1.1428E-02 	
2.9708E+00 	1.0498E-02 	
2.9710E+00 	9.3029E-03 	
2.9712E+00 	1.0683E-02 	
2.9713E+00 	1.1845E-02 	
2.9715E+00 	1.2621E-02 	
2.9717E+00 	1.1974E-02 	
2.9718E+00 	9.9765E-03 	
2.9720E+00 	9.0604E-03 	
2.9722E+00 	8.2210E-03 	
2.9723E+00 	7.1950E-03 	
2.9725E+00 	8.0645E-03 	
2.9727E+00 	8.3702E-03 	
2.9728E+00 	9.3847E-03 	
2.9730E+00 	9.4355E-03 	
2.9732E+00 	8.4821E-03 	
2.9733E+00 	7.9360E-03 	
2.9735E+00 	9.1246E-03 	
2.9737E+00 	7.0520E-03 	
2.9738E+00 	6.6603E-03 	
2.9740E+00 	7.2075E-03 	
2.9742E+00 	6.4790E-03 	
2.9743E+00 	7.3132E-03 	
2.9745E+00 	5.6250E-03 	
2.9747E+00 	5.0551E-03 	
2.9748E+00 	5.6924E-03 	
2.9750E+00 	5.9960E-03 	
2.9752E+00 	4.3670E-03 	
2.9753E+00 	4.9950E-03 	
2.9755E+00 	6.0354E-03 	
2.9757E+00 	5.1328E-03 	
2.9758E+00 	5.7919E-03 	
2.9760E+00 	6.4033E-03 	
2.9762E+00 	4.8343E-03 	
2.9763E+00 	4.6582E-03 	
2.9765E+00 	7.0085E-03 	
2.9767E+00 	6.5442E-03 	
2.9768E+00 	4.8862E-03 	
2.9770E+00 	3.2871E-03 	
2.9772E+00 	4.3628E-03 	
2.9773E+00 	5.3660E-03 	
2.9775E+00 	5.7390E-03 	
2.9777E+00 	4.6551E-03 	
2.9778E+00 	4.5079E-03 	
2.9780E+00 	6.2157E-03 	
2.9782E+00 	4.3390E-03 	
2.9783E+00 	1.6529E-03 	
2.9785E+00 	1.7431E-03 	
2.9787E+00 	6.5494E-04 	
2.9788E+00 	2.5244E-03 	
2.9790E+00 	3.4768E-03 	
2.9792E+00 	3.4115E-03 	
2.9793E+00 	5.0613E-03 	
2.9795E+00 	5.1255E-03 	
2.9797E+00 	4.7960E-03 	
2.9798E+00 	4.1297E-03 	
2.9800E+00 	3.3017E-03 	
2.9802E+00 	4.9017E-03 	
2.9803E+00 	6.4686E-03 	
2.9805E+00 	7.2655E-03 	
2.9807E+00 	3.2084E-03 	
2.9808E+00 	2.8281E-03 	
2.9810E+00 	4.2177E-03 	
2.9812E+00 	3.2291E-03 	
2.9813E+00 	2.4281E-03 	
2.9815E+00 	3.3866E-03 	
2.9817E+00 	3.9545E-03 	
2.9818E+00 	3.0529E-03 	
2.9820E+00 	3.4343E-03 	
2.9822E+00 	5.5846E-03 	
2.9823E+00 	6.3898E-03 	
2.9825E+00 	5.4862E-03 	
2.9827E+00 	2.7742E-03 	
2.9828E+00 	1.6912E-03 	
2.9830E+00 	2.7327E-03 	
2.9832E+00 	4.3587E-03 	
2.9833E+00 	5.6126E-03 	
2.9835E+00 	5.6789E-03 	
2.9837E+00 	3.5493E-03 	
2.9838E+00 	3.7929E-03 	
2.9840E+00 	5.6706E-03 	
2.9842E+00 	6.1650E-03 	
2.9843E+00 	7.0261E-03 	
2.9845E+00 	6.0903E-03 	
2.9847E+00 	4.4934E-03 	
2.9848E+00 	4.2177E-03 	
2.9850E+00 	4.6364E-03 	
2.9852E+00 	5.1794E-03 	
2.9853E+00 	7.2676E-03 	
2.9855E+00 	4.9235E-03 	
2.9857E+00 	3.8478E-03 	
2.9858E+00 	5.7504E-03 	
2.9860E+00 	5.4261E-03 	
2.9862E+00 	6.0323E-03 	
2.9863E+00 	4.7898E-03 	
2.9865E+00 	4.3079E-03 	
2.9867E+00 	4.0841E-03 	
2.9868E+00 	4.7649E-03 	
2.9870E+00 	3.2820E-03 	
2.9872E+00 	4.1773E-03 	
2.9873E+00 	3.7752E-03 	
2.9875E+00 	2.9617E-03 	
2.9877E+00 	2.9203E-03 	
2.9878E+00 	3.3224E-03 	
2.9880E+00 	5.1059E-03 	
2.9882E+00 	5.4924E-03 	
2.9883E+00 	3.9069E-03 	
2.9885E+00 	3.1162E-03 	
2.9887E+00 	5.6758E-03 	
2.9888E+00 	8.3350E-03 	
2.9890E+00 	7.1204E-03 	
2.9892E+00 	6.2624E-03 	
2.9893E+00 	5.4810E-03 	
2.9895E+00 	4.0333E-03 	
2.9897E+00 	6.0199E-03 	
2.9898E+00 	7.9381E-03 	
2.9900E+00 	7.8717E-03 	
2.9902E+00 	1.0583E-02 	
2.9903E+00 	1.2331E-02 	
2.9905E+00 	9.4666E-03 	
2.9907E+00 	6.4530E-03 	
2.9908E+00 	5.5494E-03 	
2.9910E+00 	4.0240E-03 	
2.9912E+00 	5.0002E-03 	
2.9913E+00 	7.6064E-03 	
2.9915E+00 	1.1469E-02 	
2.9917E+00 	1.4140E-02 	
2.9918E+00 	1.4152E-02 	
2.9920E+00 	1.4446E-02 	
2.9922E+00 	1.3165E-02 	
2.9923E+00 	1.3586E-02 	
2.9925E+00 	1.6271E-02 	
2.9927E+00 	1.6801E-02 	
2.9928E+00 	1.9637E-02 	
2.9930E+00 	1.9603E-02 	
2.9932E+00 	1.6403E-02 	
2.9933E+00 	1.5322E-02 	
2.9935E+00 	1.9146E-02 	
2.9937E+00 	2.3035E-02 	
2.9938E+00 	2.6390E-02 	
2.9940E+00 	3.1614E-02 	
2.9942E+00 	3.5035E-02 	
2.9943E+00 	3.6627E-02 	
2.9945E+00 	3.8166E-02 	
2.9947E+00 	4.0106E-02 	
2.9948E+00 	4.0598E-02 	
2.9950E+00 	4.2584E-02 	
2.9952E+00 	4.3998E-02 	
2.9953E+00 	4.5349E-02 	
2.9955E+00 	5.0273E-02 	
2.9957E+00 	5.6903E-02 	
2.9958E+00 	6.0023E-02 	
2.9960E+00 	6.4216E-02 	
2.9962E+00 	6.9585E-02 	
2.9963E+00 	7.1289E-02 	
2.9965E+00 	7.3487E-02 	
2.9967E+00 	7.4836E-02 	
2.9968E+00 	7.8504E-02 	
2.9970E+00 	8.3303E-02 	
2.9972E+00 	8.5764E-02 	
2.9973E+00 	8.8080E-02 	
2.9975E+00 	9.1260E-02 	
2.9977E+00 	9.7096E-02 	
2.9978E+00 	1.0542E-01 	
2.9980E+00 	1.1184E-01 	
2.9982E+00 	1.1804E-01 	
2.9983E+00 	1.2721E-01 	
2.9985E+00 	1.3488E-01 	
2.9987E+00 	1.4292E-01 	
2.9988E+00 	1.5246E-01 	
2.9990E+00 	1.6125E-01 	
2.9992E+00 	1.7371E-01 	
2.9993E+00 	1.8910E-01 	
2.9995E+00 	2.0196E-01 	
2.9997E+00 	2.1597E-01 	
2.9998E+00 	2.3305E-01 	
3.0000E+00 	2.5035E-01 	
3.0002E+00 	2.7298E-01 	
3.0003E+00 	2.9500E-01 	
3.0005E+00 	3.1714E-01 	
3.0007E+00 	3.5176E-01 	
3.0008E+00 	3.9131E-01 	
3.0010E+00 	4.3041E-01 	
3.0012E+00 	4.7246E-01 	
3.0013E+00 	5.1227E-01 	
3.0015E+00 	5.4725E-01 	
3.0017E+00 	5.8017E-01 	
3.0018E+00 	6.0880E-01 	
3.0020E+00 	6.3359E-01 	
3.0022E+00 	6.5091E-01 	
3.0023E+00 	6.5826E-01 	
3.0025E+00 	6.5958E-01 	
3.0027E+00 	6.6202E-01 	
3.0028E+00 	6.6558E-01 	
3.0030E+00 	6.6954E-01 	
3.0032E+00 	6.7584E-01 	
3.0033E+00 	6.8403E-01 	
3.0035E+00 	6.9221E-01 	
3.0037E+00 	7.0184E-01 	
3.0038E+00 	7.0967E-01 	
3.0040E+00 	7.1643E-01 	
3.0042E+00 	7.2096E-01 	
3.0043E+00 	7.1619E-01 	
3.0045E+00 	7.0827E-01 	
3.0047E+00 	7.0142E-01 	
3.0048E+00 	6.9297E-01 	
3.0050E+00 	6.8403E-01 	
3.0052E+00 	6.7574E-01 	
3.0053E+00 	6.6855E-01 	
3.0055E+00 	6.6431E-01 	
3.0057E+00 	6.6114E-01 	
3.0058E+00 	6.5739E-01 	
3.0060E+00 	6.5433E-01 	
3.0062E+00 	6.4943E-01 	
3.0063E+00 	6.3755E-01 	
3.0065E+00 	6.1849E-01 	
3.0067E+00 	5.9330E-01 	
3.0068E+00 	5.6280E-01 	
3.0070E+00 	5.2710E-01 	
3.0072E+00 	4.8814E-01 	
3.0073E+00 	4.5101E-01 	
3.0075E+00 	4.1828E-01 	
3.0077E+00 	3.8497E-01 	
3.0078E+00 	3.5433E-01 	
3.0080E+00 	3.2781E-01 	
3.0082E+00 	3.0192E-01 	
3.0083E+00 	2.7842E-01 	
3.0085E+00 	2.5877E-01 	
3.0087E+00 	2.4089E-01 	
3.0088E+00 	2.2431E-01 	
3.0090E+00 	2.1106E-01 	
3.0092E+00 	2.0009E-01 	
3.0093E+00 	1.8822E-01 	
3.0095E+00 	1.7855E-01 	
3.0097E+00 	1.6945E-01 	
3.0098E+00 	1.6155E-01 	
3.0100E+00 	1.5554E-01 	
3.0102E+00 	1.4981E-01 	
3.0103E+00 	1.4354E-01 	
3.0105E+00 	1.4005E-01 	
3.0107E+00 	1.3691E-01 	
3.0108E+00 	1.3101E-01 	
3.0110E+00 	1.2732E-01 	
3.0112E+00 	1.2731E-01 	
3.0113E+00 	1.2657E-01 	
3.0115E+00 	1.2464E-01 	
3.0117E+00 	1.2449E-01 	
3.0118E+00 	1.2643E-01 	
3.0120E+00 	1.2767E-01 	
3.0122E+00 	1.2728E-01 	
3.0123E+00 	1.2606E-01 	
3.0125E+00 	1.2632E-01 	
3.0127E+00 	1.2574E-01 	
3.0128E+00 	1.2548E-01 	
3.0130E+00 	1.2586E-01 	
3.0132E+00 	1.2733E-01 	
3.0133E+00 	1.2914E-01 	
3.0135E+00 	1.2927E-01 	
3.0137E+00 	1.2850E-01 	
3.0138E+00 	1.2920E-01 	
3.0140E+00 	1.3137E-01 	
3.0142E+00 	1.3540E-01 	
3.0143E+00 	1.3994E-01 	
3.0145E+00 	1.4100E-01 	
3.0147E+00 	1.4286E-01 	
3.0148E+00 	1.4710E-01 	
3.0150E+00 	1.4872E-01 	
3.0152E+00 	1.5320E-01 	
3.0153E+00 	1.6172E-01 	
3.0155E+00 	1.6953E-01 	
3.0157E+00 	1.7860E-01 	
3.0158E+00 	1.8801E-01 	
3.0160E+00 	1.9690E-01 	
3.0162E+00 	2.0751E-01 	
3.0163E+00 	2.2014E-01 	
3.0165E+00 	2.3462E-01 	
3.0167E+00 	2.5055E-01 	
3.0168E+00 	2.6808E-01 	
3.0170E+00 	2.8630E-01 	
3.0172E+00 	3.0537E-01 	
3.0173E+00 	3.2855E-01 	
3.0175E+00 	3.5709E-01 	
3.0177E+00 	3.9016E-01 	
3.0178E+00 	4.2677E-01 	
3.0180E+00 	4.6763E-01 	
3.0182E+00 	5.0831E-01 	
3.0183E+00 	5.4918E-01 	
3.0185E+00 	5.9108E-01 	
3.0187E+00 	6.3101E-01 	
3.0188E+00 	6.6656E-01 	
3.0190E+00 	7.0019E-01 	
3.0192E+00 	7.2777E-01 	
3.0193E+00 	7.4860E-01 	
3.0195E+00 	7.6464E-01 	
3.0197E+00 	7.7469E-01 	
3.0198E+00 	7.8150E-01 	
3.0200E+00 	7.8768E-01 	
3.0202E+00 	7.9180E-01 	
3.0203E+00 	7.9968E-01 	
3.0205E+00 	8.0805E-01 	
3.0207E+00 	8.1823E-01 	
3.0208E+00 	8.2848E-01 	
3.0210E+00 	8.3712E-01 	
3.0212E+00 	8.4350E-01 	
3.0213E+00 	8.4710E-01 	
3.0215E+00 	8.4692E-01 	
3.0217E+00 	8.4372E-01 	
3.0218E+00 	8.3809E-01 	
3.0220E+00 	8.2817E-01 	
3.0222E+00 	8.1717E-01 	
3.0223E+00 	8.0615E-01 	
3.0225E+00 	7.8624E-01 	
3.0227E+00 	7.6604E-01 	
3.0228E+00 	7.6101E-01 	
3.0230E+00 	7.6464E-01 	
3.0232E+00 	7.6563E-01 	
3.0233E+00 	7.6198E-01 	
3.0235E+00 	7.5327E-01 	
3.0237E+00 	7.3658E-01 	
3.0238E+00 	7.1229E-01 	
3.0240E+00 	6.8166E-01 	
3.0242E+00 	6.4561E-01 	
3.0243E+00 	6.0718E-01 	
3.0245E+00 	5.6820E-01 	
3.0247E+00 	5.2752E-01 	
3.0248E+00 	4.8796E-01 	
3.0250E+00 	4.5195E-01 	
3.0252E+00 	4.1879E-01 	
3.0253E+00 	3.8741E-01 	
3.0255E+00 	3.5687E-01 	
3.0257E+00 	3.3012E-01 	
3.0258E+00 	3.0792E-01 	
3.0260E+00 	2.8696E-01 	
3.0262E+00 	2.6911E-01 	
3.0263E+00 	2.5291E-01 	
3.0265E+00 	2.3592E-01 	
3.0267E+00 	2.1896E-01 	
3.0268E+00 	2.0623E-01 	
3.0270E+00 	1.9528E-01 	
3.0272E+00 	1.8274E-01 	
3.0273E+00 	1.7005E-01 	
3.0275E+00 	1.5999E-01 	
3.0277E+00 	1.5081E-01 	
3.0278E+00 	1.4466E-01 	
3.0280E+00 	1.3919E-01 	
3.0282E+00 	1.3378E-01 	
3.0283E+00 	1.2547E-01 	
3.0285E+00 	1.1660E-01 	
3.0287E+00 	1.1055E-01 	
3.0288E+00 	1.0593E-01 	
3.0290E+00 	1.0125E-01 	
3.0292E+00 	9.6798E-02 	
3.0293E+00 	9.4581E-02 	
3.0295E+00 	9.1327E-02 	
3.0297E+00 	8.6475E-02 	
3.0298E+00 	8.2511E-02 	
3.0300E+00 	7.9982E-02 	
3.0302E+00 	7.6232E-02 	
3.0303E+00 	7.1573E-02 	
3.0305E+00 	6.7618E-02 	
3.0307E+00 	6.5753E-02 	
3.0308E+00 	6.4684E-02 	
3.0310E+00 	6.1972E-02 	
3.0312E+00 	5.6045E-02 	
3.0313E+00 	5.1141E-02 	
3.0315E+00 	4.6597E-02 	
3.0317E+00 	3.9928E-02 	
3.0318E+00 	3.3794E-02 	
3.0320E+00 	3.3406E-02 	
3.0322E+00 	3.4543E-02 	
3.0323E+00 	3.2015E-02 	
3.0325E+00 	3.0562E-02 	
3.0327E+00 	2.9186E-02 	
3.0328E+00 	2.5026E-02 	
3.0330E+00 	2.3605E-02 	
3.0332E+00 	2.1897E-02 	
3.0333E+00 	2.0034E-02 	
3.0335E+00 	2.1270E-02 	
3.0337E+00 	2.2050E-02 	
3.0338E+00 	2.0720E-02 	
3.0340E+00 	1.8554E-02 	
3.0342E+00 	1.6437E-02 	
3.0343E+00 	1.5855E-02 	
3.0345E+00 	1.4073E-02 	
3.0347E+00 	1.3062E-02 	
3.0348E+00 	1.3937E-02 	
3.0350E+00 	1.3730E-02 	
3.0352E+00 	1.2710E-02 	
3.0353E+00 	1.2164E-02 	
3.0355E+00 	1.1697E-02 	
3.0357E+00 	1.1430E-02 	
3.0358E+00 	1.1667E-02 	
3.0360E+00 	1.2378E-02 	
3.0362E+00 	1.1827E-02 	
3.0363E+00 	1.1149E-02 	
3.0365E+00 	1.0375E-02 	
3.0367E+00 	7.8842E-03 	
3.0368E+00 	6.7380E-03 	
3.0370E+00 	7.2686E-03 	
3.0372E+00 	5.9929E-03 	
3.0373E+00 	5.0789E-03 	
3.0375E+00 	6.2634E-03 	
3.0377E+00 	5.7836E-03 	
3.0378E+00 	5.7193E-03 	
3.0380E+00 	5.0074E-03 	
3.0382E+00 	6.3142E-03 	
3.0383E+00 	7.2810E-03 	
3.0385E+00 	8.4479E-03 	
3.0387E+00 	7.0748E-03 	
3.0388E+00 	3.4042E-03 	
3.0390E+00 	2.0985E-03 	
3.0392E+00 	4.4478E-03 	
3.0393E+00 	4.4012E-03 	
3.0395E+00 	4.0126E-03 	
3.0397E+00 	2.8239E-03 	
3.0398E+00 	4.7587E-03 	
3.0400E+00 	5.8717E-03 	
3.0402E+00 	6.0644E-03 	
3.0403E+00 	5.1691E-03 	
3.0405E+00 	4.2551E-03 	
3.0407E+00 	2.5908E-03 	
3.0408E+00 	3.6374E-03 	
3.0410E+00 	4.5649E-03 	
3.0412E+00 	4.6188E-03 	
3.0413E+00 	4.6188E-03 	
3.0415E+00 	4.1887E-03 	
3.0417E+00 	4.7701E-03 	
3.0418E+00 	6.2064E-03 	
3.0420E+00 	5.7919E-03 	
3.0422E+00 	4.0934E-03 	
3.0423E+00 	2.6498E-03 	
3.0425E+00 	2.9203E-03 	
3.0427E+00 	3.2509E-03 	
3.0428E+00 	3.8934E-03 	
3.0430E+00 	5.0074E-03 	
3.0432E+00 	5.4613E-03 	
3.0433E+00 	2.8104E-03 	
3.0435E+00 	3.2706E-03 	
3.0437E+00 	6.2789E-03 	
3.0438E+00 	6.3090E-03 	
3.0440E+00 	2.4695E-03 	
3.0442E+00 	2.0622E-03 	
3.0443E+00 	3.3099E-03 	
3.0445E+00 	5.4623E-03 	
3.0447E+00 	4.8696E-03 	
3.0448E+00 	4.5245E-03 	
3.0450E+00 	4.2799E-03 	
3.0452E+00 	3.0198E-03 	
3.0453E+00 	4.5380E-03 	
3.0455E+00 	5.9598E-03 	
3.0457E+00 	6.4365E-03 	
3.0458E+00 	4.2540E-03 	
3.0460E+00 	3.7949E-03 	
3.0462E+00 	2.9338E-03 	
3.0463E+00 	3.2187E-03 	
3.0465E+00 	2.0840E-03 	
3.0467E+00 	3.0602E-03 	
3.0468E+00 	4.3462E-03 	
3.0470E+00 	5.9017E-03 	
3.0472E+00 	5.8178E-03 	
3.0473E+00 	5.3432E-03 	
3.0475E+00 	3.0198E-03 	
3.0477E+00 	2.4125E-03 	
3.0478E+00 	3.3473E-03 	
3.0480E+00 	3.8022E-03 	
3.0482E+00 	3.4737E-03 	
3.0483E+00 	2.7182E-03 	
3.0485E+00 	4.2530E-03 	
3.0487E+00 	6.0820E-03 	
3.0488E+00 	7.1101E-03 	
3.0490E+00 	5.4644E-03 	
3.0492E+00 	4.8188E-03 	
3.0493E+00 	3.0706E-03 	
3.0495E+00 	2.5607E-03 	
3.0497E+00 	9.0158E-04 	
3.0498E+00 	3.1296E-04 	
3.0500E+00 	1.7244E-03 	
3.0502E+00 	4.5525E-03 	
3.0503E+00 	5.1525E-03 	
3.0505E+00 	4.5628E-03 	
3.0507E+00 	3.4840E-03 	
3.0508E+00 	4.9919E-03 	
3.0510E+00 	4.2975E-03 	
3.0512E+00 	3.2861E-03 	
3.0513E+00 	3.0664E-03 	
3.0515E+00 	3.7576E-03 	
3.0517E+00 	4.5545E-03 	
3.0518E+00 	3.1483E-03 	
3.0520E+00 	2.1420E-03 	
3.0522E+00 	2.7348E-03 	
3.0523E+00 	2.9286E-03 	
3.0525E+00 	4.5317E-03 	
3.0527E+00 	3.1224E-03 	
3.0528E+00 	5.5546E-04 	
3.0530E+00 	9.1505E-04 	
3.0532E+00 	3.6913E-03 	
3.0533E+00 	5.1660E-03 	
3.0535E+00 	3.9784E-03 	
3.0537E+00 	4.8271E-03 	
3.0538E+00 	3.8530E-03 	
3.0540E+00 	2.8788E-03 	
3.0542E+00 	5.1960E-03 	
3.0543E+00 	3.7939E-03 	
3.0545E+00 	1.5617E-03 	
3.0547E+00 	2.7047E-03 	
3.0548E+00 	3.3017E-03 	
3.0550E+00 	1.0860E-03 	
3.0552E+00 	1.6425E-03 	
3.0553E+00 	2.1141E-03 	
3.0555E+00 	2.7006E-03 	
3.0557E+00 	2.7472E-03 	
3.0558E+00 	1.4425E-03 	
3.0560E+00 	2.2021E-03 	
3.0562E+00 	2.4312E-03 	
3.0563E+00 	4.4416E-03 	
3.0565E+00 	4.5048E-03 	
3.0567E+00 	2.6861E-03 	
3.0568E+00 	9.5236E-04 	
3.0570E+00 	4.2426E-03 	
3.0572E+00 	5.8520E-03 	
3.0573E+00 	5.8282E-03 	
3.0575E+00 	5.0292E-03 	
3.0577E+00 	2.8198E-03 	
3.0578E+00 	3.4270E-03 	
3.0580E+00 	5.7401E-03 	
3.0582E+00 	6.3815E-03 	
3.0583E+00 	5.0561E-03 	
3.0585E+00 	3.9017E-03 	
3.0587E+00 	4.3162E-03 	
3.0588E+00 	3.6882E-03 	
3.0590E+00 	6.1722E-03 	
3.0592E+00 	5.7722E-03 	
3.0593E+00 	4.6457E-03 	
3.0595E+00 	2.4591E-03 	
3.0597E+00 	4.2602E-03 	
3.0598E+00 	6.2686E-03 	
3.0600E+00 	4.8354E-03 	
3.0602E+00 	3.7701E-03 	
3.0603E+00 	4.5773E-03 	
3.0605E+00 	3.2436E-03 	
3.0607E+00 	1.6363E-03 	
3.0608E+00 	0.0000E+00 	
3.0610E+00 	1.4342E-03 	
3.0612E+00 	2.6933E-03 	
3.0613E+00 	2.4674E-03 	
3.0615E+00 	3.6954E-03 	
3.0617E+00 	4.5048E-03 	
3.0618E+00 	4.9214E-03 	
3.0620E+00 	4.3286E-03 	
3.0622E+00 	3.2737E-03 	
3.0623E+00 	4.0696E-03 	
3.0625E+00 	4.6074E-03 	
3.0627E+00 	2.3265E-03 	
3.0628E+00 	3.3752E-03 	
3.0630E+00 	4.5732E-03 	
3.0632E+00 	3.3939E-03 	
3.0633E+00 	3.5172E-03 	
3.0635E+00 	2.7783E-03 	
3.0637E+00 	3.9504E-03 	
3.0638E+00 	3.6654E-03 	
3.0640E+00 	2.0975E-03 	
3.0642E+00 	3.7576E-03 	
3.0643E+00 	2.7234E-03 	
3.0645E+00 	1.5576E-03 	
3.0647E+00 	2.2819E-03 	
3.0648E+00 	3.4250E-03 	
3.0650E+00 	4.1048E-03 	
3.0652E+00 	7.0386E-03 	
3.0653E+00 	6.8075E-03 	
3.0655E+00 	6.7816E-03 	
3.0657E+00 	6.6043E-03 	
3.0658E+00 	5.9784E-03 	
3.0660E+00 	4.0789E-03 	
3.0662E+00 	3.4675E-03 	
3.0663E+00 	4.8437E-03 	
3.0665E+00 	4.1141E-03 	
3.0667E+00 	4.5307E-03 	
3.0668E+00 	4.9483E-03 	
3.0670E+00 	4.2685E-03 	
3.0672E+00 	5.5463E-03 	
3.0673E+00 	6.9660E-03 	
3.0675E+00 	6.6375E-03 	
3.0677E+00 	5.5660E-03 	
3.0678E+00 	6.2593E-03 	
3.0680E+00 	6.4220E-03 	
3.0682E+00 	6.5898E-03 	
3.0683E+00 	5.1794E-03 	
3.0685E+00 	3.1452E-03 	
3.0687E+00 	3.8955E-03 	
3.0688E+00 	4.1960E-03 	
3.0690E+00 	3.8167E-03 	
3.0692E+00 	5.2945E-03 	
3.0693E+00 	5.9390E-03 	
3.0695E+00 	4.8530E-03 	
3.0697E+00 	4.0001E-03 	
3.0698E+00 	3.1628E-03 	
3.0700E+00 	3.2768E-03 	
3.0702E+00 	4.4768E-03 	
3.0703E+00 	4.0841E-03 	
3.0705E+00 	3.3524E-03 	
3.0707E+00 	6.1411E-03 	
3.0708E+00 	5.1722E-03 	
3.0710E+00 	4.1898E-03 	
3.0712E+00 	5.1898E-03 	
3.0713E+00 	4.6758E-03 	
3.0715E+00 	3.7576E-03 	
3.0717E+00 	3.4778E-03 	
3.0718E+00 	3.7607E-03 	
3.0720E+00 	2.8167E-03 	
3.0722E+00 	3.3970E-03 	
3.0723E+00 	4.5027E-03 	
3.0725E+00 	5.4644E-03 	
3.0727E+00 	5.3193E-03 	
3.0728E+00 	4.8105E-03 	
3.0730E+00 	4.9017E-03 	
3.0732E+00 	2.6591E-03 	
3.0733E+00 	2.2726E-03 	
3.0735E+00 	2.6623E-03 	
3.0737E+00 	4.5587E-03 	
3.0738E+00 	4.3214E-03 	
3.0740E+00 	3.0571E-03 	
3.0742E+00 	1.8052E-03 	
3.0743E+00 	2.4477E-03 	
3.0745E+00 	3.2871E-03 	
3.0747E+00 	2.2996E-03 	
3.0748E+00 	1.8633E-03 	
3.0750E+00 	1.8871E-03 	
3.0752E+00 	2.1389E-03 	
3.0753E+00 	1.6342E-03 	
3.0755E+00 	2.2591E-03 	
3.0757E+00 	3.4457E-03 	
3.0758E+00 	2.6001E-03 	
3.0760E+00 	1.7617E-03 	
3.0762E+00 	3.7048E-03 	
3.0763E+00 	3.9379E-03 	
3.0765E+00 	2.8011E-03 	
3.0767E+00 	1.8146E-03 	
3.0768E+00 	4.2737E-03 	
3.0770E+00 	4.8292E-03 	
3.0772E+00 	2.4135E-03 	
3.0773E+00 	1.7192E-03 	
3.0775E+00 	2.4519E-03 	
3.0777E+00 	3.2664E-03 	
3.0778E+00 	3.6022E-03 	
3.0780E+00 	3.4416E-03 	
3.0782E+00 	4.4250E-03 	
3.0783E+00 	4.9349E-03 	
3.0785E+00 	5.2271E-03 	
3.0787E+00 	3.2840E-03 	
3.0788E+00 	3.1130E-03 	
3.0790E+00 	2.9991E-03 	
3.0792E+00 	5.5732E-03 	
3.0793E+00 	8.6769E-03 	
3.0795E+00 	5.8934E-03 	
3.0797E+00 	6.1173E-03 	
3.0798E+00 	8.9246E-03 	
3.0800E+00 	7.4759E-03 	
3.0802E+00 	5.6789E-03 	
3.0803E+00 	4.4779E-03 	
3.0805E+00 	5.4644E-03 	
3.0807E+00 	8.3640E-03 	
3.0808E+00 	9.4417E-03 	
3.0810E+00 	8.0852E-03 	
3.0812E+00 	6.3981E-03 	
3.0813E+00 	5.0799E-03 	
3.0815E+00 	5.0748E-03 	
3.0817E+00 	6.1422E-03 	
3.0818E+00 	6.4520E-03 	
3.0820E+00 	8.3132E-03 	
3.0822E+00 	1.1306E-02 	
3.0823E+00 	1.1819E-02 	
3.0825E+00 	1.1728E-02 	
3.0827E+00 	1.0213E-02 	
3.0828E+00 	8.9858E-03 	
3.0830E+00 	8.7298E-03 	
3.0832E+00 	8.3267E-03 	
3.0833E+00 	9.3764E-03 	
3.0835E+00 	9.4303E-03 	
3.0837E+00 	8.5598E-03 	
3.0838E+00 	7.3360E-03 	
3.0840E+00 	6.8448E-03 	
3.0842E+00 	7.8085E-03 	
3.0843E+00 	8.1350E-03 	
3.0845E+00 	8.2189E-03 	
3.0847E+00 	8.8034E-03 	
3.0848E+00 	8.0852E-03 	
3.0850E+00 	6.9256E-03 	
3.0852E+00 	6.4613E-03 	
3.0853E+00 	6.8499E-03 	
3.0855E+00 	7.4241E-03 	
3.0857E+00 	6.8147E-03 	
3.0858E+00 	7.1764E-03 	
3.0860E+00 	7.4427E-03 	
3.0862E+00 	5.5981E-03 	
3.0863E+00 	3.9037E-03 	
3.0865E+00 	3.1276E-03 	
3.0867E+00 	2.3296E-03 	
3.0868E+00 	2.3669E-03 	
3.0870E+00 	3.4758E-03 	
3.0872E+00 	6.5038E-03 	
3.0873E+00 	9.5122E-03 	
3.0875E+00 	8.6583E-03 	
3.0877E+00 	6.1183E-03 	
3.0878E+00 	3.6612E-03 	
3.0880E+00 	4.1286E-03 	
3.0882E+00 	6.2883E-03 	
3.0883E+00 	5.9909E-03 	
3.0885E+00 	4.8893E-03 	
3.0887E+00 	3.7110E-03 	
3.0888E+00 	2.7089E-03 	
3.0890E+00 	3.4146E-03 	
3.0892E+00 	4.0789E-03 	
3.0893E+00 	4.3172E-03 	
3.0895E+00 	3.5276E-03 	
3.0897E+00 	2.3669E-03 	
3.0898E+00 	3.7276E-03 	
3.0900E+00 	5.4313E-03 	
3.0902E+00 	6.3826E-03 	
3.0903E+00 	4.9204E-03 	
3.0905E+00 	6.3277E-03 	
3.0907E+00 	7.1619E-03 	
3.0908E+00 	4.5152E-03 	
3.0910E+00 	4.0965E-03 	
3.0912E+00 	2.8229E-03 	
3.0913E+00 	4.5048E-03 	
3.0915E+00 	3.5535E-03 	
3.0917E+00 	3.9379E-03 	
3.0918E+00 	6.3142E-03 	
3.0920E+00 	6.6396E-03 	
3.0922E+00 	6.2282E-03 	
3.0923E+00 	5.9339E-03 	
3.0925E+00 	5.0136E-03 	
3.0927E+00 	3.3732E-03 	
3.0928E+00 	3.3960E-03 	
3.0930E+00 	3.0415E-03 	
3.0932E+00 	5.1463E-03 	
3.0933E+00 	7.7878E-03 	
3.0935E+00 	7.0354E-03 	
3.0937E+00 	8.0614E-03 	
3.0938E+00 	7.2966E-03 	
3.0940E+00 	5.2737E-03 	
3.0942E+00 	5.0250E-03 	
3.0943E+00 	3.9421E-03 	
3.0945E+00 	1.3897E-03 	
3.0947E+00 	1.8995E-03 	
3.0948E+00 	2.1970E-03 	
3.0950E+00 	1.7762E-03 	
3.0952E+00 	3.0623E-03 	
3.0953E+00 	3.3970E-03 	
3.0955E+00 	4.3773E-03 	
3.0957E+00 	7.4811E-03 	
3.0958E+00 	7.5577E-03 	
3.0960E+00 	5.3090E-03 	
3.0962E+00 	5.1774E-03 	
3.0963E+00 	8.1049E-03 	
3.0965E+00 	8.7080E-03 	
3.0967E+00 	9.1723E-03 	
3.0968E+00 	8.3785E-03 	
3.0970E+00 	7.9702E-03 	
3.0972E+00 	8.8780E-03 	
3.0973E+00 	8.7858E-03 	
3.0975E+00 	5.8406E-03 	
3.0977E+00 	4.7763E-03 	
3.0978E+00 	6.4603E-03 	
3.0980E+00 	6.8437E-03 	
3.0982E+00 	7.5598E-03 	
3.0983E+00 	6.2727E-03 	
3.0985E+00 	4.1214E-03 	
3.0987E+00 	2.8301E-03 	
3.0988E+00 	2.5939E-03 	
3.0990E+00 	4.2105E-03 	
3.0992E+00 	5.7142E-03 	
3.0993E+00 	5.5618E-03 	
3.0995E+00 	5.8603E-03 	
3.0997E+00 	7.6780E-03 	
3.0998E+00 	7.8894E-03 	
3.1000E+00 	6.3577E-03 	
