Start : 	  0b0000 0000 0000 0000 0000 1000, 1000.000000 us 
	  0b0000 0000 0000 0000 0000 1010, 256.000000 ns 
	  0b0000 0000 0000 0000 0000 1000, 0.020000 us 
	  0b0000 0000 0000 0000 0000 1010, 512.000000 ns 
	  0b0000 0000 0000 0000 0000 1000, 0.020000 us 
	  0b0000 0000 0000 0000 0000 1010, 256.000000 ns 
	  0b0000 0000 0000 0000 0000 1001, 0.000002 s, LOOP, 125 
	  0b0000 0000 0000 0000 0000 1000, 0.000002 s, END_LOOP 
	  0b0000 0000 0000 0000 0000 1000, 500.000000 us 
	  0b0000 0000 0000 0000 0000 1010, 256.000000 ns 
	  0b0000 0000 0000 0000 0000 1000, 0.053200 us 
	  0b0000 0000 0000 0000 0000 1010, 512.000000 ns 
	  0b0000 0000 0000 0000 0000 1000, 0.053200 us 
	  0b0000 0000 0000 0000 0000 1010, 256.000000 ns 
	  0b0000 0000 0000 0000 0000 1001, 0.000002 s, LOOP, 125 
	  0b0000 0000 0000 0000 0000 1000, 0.000002 s, END_LOOP 
	  0b0000 0000 0000 0000 0000 1000, 500.000000 us 
	  0b0000 0000 0000 0000 0000 1010, 256.000000 ns 
	  0b0000 0000 0000 0000 0000 1000, 0.086400 us 
	  0b0000 0000 0000 0000 0000 1010, 512.000000 ns 
	  0b0000 0000 0000 0000 0000 1000, 0.086400 us 
	  0b0000 0000 0000 0000 0000 1010, 256.000000 ns 
	  0b0000 0000 0000 0000 0000 1001, 0.000002 s, LOOP, 125 
	  0b0000 0000 0000 0000 0000 1000, 0.000002 s, END_LOOP 
	  0b0000 0000 0000 0000 0000 1000, 500.000000 us 
	  0b0000 0000 0000 0000 0000 1010, 256.000000 ns 
	  0b0000 0000 0000 0000 0000 1000, 0.119600 us 
	  0b0000 0000 0000 0000 0000 1010, 512.000000 ns 
	  0b0000 0000 0000 0000 0000 1000, 0.119600 us 
	  0b0000 0000 0000 0000 0000 1010, 256.000000 ns 
	  0b0000 0000 0000 0000 0000 1001, 0.000002 s, LOOP, 125 
	  0b0000 0000 0000 0000 0000 1000, 0.000002 s, END_LOOP 
	  0b0000 0000 0000 0000 0000 1000, 500.000000 us 
	  0b0000 0000 0000 0000 0000 1010, 256.000000 ns 
	  0b0000 0000 0000 0000 0000 1000, 0.152800 us 
	  0b0000 0000 0000 0000 0000 1010, 512.000000 ns 
	  0b0000 0000 0000 0000 0000 1000, 0.152800 us 
	  0b0000 0000 0000 0000 0000 1010, 256.000000 ns 
	  0b0000 0000 0000 0000 0000 1001, 0.000002 s, LOOP, 125 
	  0b0000 0000 0000 0000 0000 1000, 0.000002 s, END_LOOP 
	  0b0000 0000 0000 0000 0000 1000, 500.000000 us 
	  0b0000 0000 0000 0000 0000 1010, 256.000000 ns 
	  0b0000 0000 0000 0000 0000 1000, 0.186000 us 
	  0b0000 0000 0000 0000 0000 1010, 512.000000 ns 
	  0b0000 0000 0000 0000 0000 1000, 0.186000 us 
	  0b0000 0000 0000 0000 0000 1010, 256.000000 ns 
	  0b0000 0000 0000 0000 0000 1001, 0.000002 s, LOOP, 125 
	  0b0000 0000 0000 0000 0000 1000, 0.000002 s, END_LOOP 
	  0b0000 0000 0000 0000 0000 1000, 500.000000 us 
	  0b0000 0000 0000 0000 0000 1010, 256.000000 ns 
	  0b0000 0000 0000 0000 0000 1000, 0.219200 us 
	  0b0000 0000 0000 0000 0000 1010, 512.000000 ns 
	  0b0000 0000 0000 0000 0000 1000, 0.219200 us 
	  0b0000 0000 0000 0000 0000 1010, 256.000000 ns 
	  0b0000 0000 0000 0000 0000 1001, 0.000002 s, LOOP, 125 
	  0b0000 0000 0000 0000 0000 1000, 0.000002 s, END_LOOP 
	  0b0000 0000 0000 0000 0000 1000, 500.000000 us 
	  0b0000 0000 0000 0000 0000 1010, 256.000000 ns 
	  0b0000 0000 0000 0000 0000 1000, 0.252400 us 
	  0b0000 0000 0000 0000 0000 1010, 512.000000 ns 
	  0b0000 0000 0000 0000 0000 1000, 0.252400 us 
	  0b0000 0000 0000 0000 0000 1010, 256.000000 ns 
	  0b0000 0000 0000 0000 0000 1001, 0.000002 s, LOOP, 125 
	  0b0000 0000 0000 0000 0000 1000, 0.000002 s, END_LOOP 
	  0b0000 0000 0000 0000 0000 1000, 500.000000 us 
	  0b0000 0000 0000 0000 0000 1010, 256.000000 ns 
	  0b0000 0000 0000 0000 0000 1000, 0.285600 us 
	  0b0000 0000 0000 0000 0000 1010, 512.000000 ns 
	  0b0000 0000 0000 0000 0000 1000, 0.285600 us 
	  0b0000 0000 0000 0000 0000 1010, 256.000000 ns 
	  0b0000 0000 0000 0000 0000 1001, 0.000002 s, LOOP, 125 
	  0b0000 0000 0000 0000 0000 1000, 0.000002 s, END_LOOP 
	  0b0000 0000 0000 0000 0000 1000, 500.000000 us 
	  0b0000 0000 0000 0000 0000 1010, 256.000000 ns 
	  0b0000 0000 0000 0000 0000 1000, 0.318800 us 
	  0b0000 0000 0000 0000 0000 1010, 512.000000 ns 
	  0b0000 0000 0000 0000 0000 1000, 0.318800 us 
	  0b0000 0000 0000 0000 0000 1010, 256.000000 ns 
	  0b0000 0000 0000 0000 0000 1001, 0.000002 s, LOOP, 125 
	  0b0000 0000 0000 0000 0000 1000, 0.000002 s, END_LOOP 
	  0b0000 0000 0000 0000 0000 1000, 500.000000 us 
	  0b0000 0000 0000 0000 0000 1010, 256.000000 ns 
	  0b0000 0000 0000 0000 0000 1000, 0.352000 us 
	  0b0000 0000 0000 0000 0000 1010, 512.000000 ns 
	  0b0000 0000 0000 0000 0000 1000, 0.352000 us 
	  0b0000 0000 0000 0000 0000 1010, 256.000000 ns 
	  0b0000 0000 0000 0000 0000 1001, 0.000002 s, LOOP, 125 
	  0b0000 0000 0000 0000 0000 1000, 0.000002 s, END_LOOP 
	  0b0000 0000 0000 0000 0000 1000, 500.000000 us 
	  0b0000 0000 0000 0000 0000 1010, 256.000000 ns 
	  0b0000 0000 0000 0000 0000 1000, 0.385200 us 
	  0b0000 0000 0000 0000 0000 1010, 512.000000 ns 
	  0b0000 0000 0000 0000 0000 1000, 0.385200 us 
	  0b0000 0000 0000 0000 0000 1010, 256.000000 ns 
	  0b0000 0000 0000 0000 0000 1001, 0.000002 s, LOOP, 125 
	  0b0000 0000 0000 0000 0000 1000, 0.000002 s, END_LOOP 
	  0b0000 0000 0000 0000 0000 1000, 500.000000 us 
	  0b0000 0000 0000 0000 0000 1010, 256.000000 ns 
	  0b0000 0000 0000 0000 0000 1000, 0.418400 us 
	  0b0000 0000 0000 0000 0000 1010, 512.000000 ns 
	  0b0000 0000 0000 0000 0000 1000, 0.418400 us 
	  0b0000 0000 0000 0000 0000 1010, 256.000000 ns 
	  0b0000 0000 0000 0000 0000 1001, 0.000002 s, LOOP, 125 
	  0b0000 0000 0000 0000 0000 1000, 0.000002 s, END_LOOP 
	  0b0000 0000 0000 0000 0000 1000, 500.000000 us 
	  0b0000 0000 0000 0000 0000 1010, 256.000000 ns 
	  0b0000 0000 0000 0000 0000 1000, 0.451600 us 
	  0b0000 0000 0000 0000 0000 1010, 512.000000 ns 
	  0b0000 0000 0000 0000 0000 1000, 0.451600 us 
	  0b0000 0000 0000 0000 0000 1010, 256.000000 ns 
	  0b0000 0000 0000 0000 0000 1001, 0.000002 s, LOOP, 125 
	  0b0000 0000 0000 0000 0000 1000, 0.000002 s, END_LOOP 
	  0b0000 0000 0000 0000 0000 1000, 500.000000 us 
	  0b0000 0000 0000 0000 0000 1010, 256.000000 ns 
	  0b0000 0000 0000 0000 0000 1000, 0.484800 us 
	  0b0000 0000 0000 0000 0000 1010, 512.000000 ns 
	  0b0000 0000 0000 0000 0000 1000, 0.484800 us 
	  0b0000 0000 0000 0000 0000 1010, 256.000000 ns 
	  0b0000 0000 0000 0000 0000 1001, 0.000002 s, LOOP, 125 
	  0b0000 0000 0000 0000 0000 1000, 0.000002 s, END_LOOP 
	  0b0000 0000 0000 0000 0000 1000, 500.000000 us 
	  0b0000 0000 0000 0000 0000 1010, 256.000000 ns 
	  0b0000 0000 0000 0000 0000 1000, 0.518000 us 
	  0b0000 0000 0000 0000 0000 1010, 512.000000 ns 
	  0b0000 0000 0000 0000 0000 1000, 0.518000 us 
	  0b0000 0000 0000 0000 0000 1010, 256.000000 ns 
	  0b0000 0000 0000 0000 0000 1001, 0.000002 s, LOOP, 125 
	  0b0000 0000 0000 0000 0000 1000, 0.000002 s, END_LOOP 
	  0b0000 0000 0000 0000 0000 1000, 500.000000 us 
	  0b0000 0000 0000 0000 0000 1010, 256.000000 ns 
	  0b0000 0000 0000 0000 0000 1000, 0.551200 us 
	  0b0000 0000 0000 0000 0000 1010, 512.000000 ns 
	  0b0000 0000 0000 0000 0000 1000, 0.551200 us 
	  0b0000 0000 0000 0000 0000 1010, 256.000000 ns 
	  0b0000 0000 0000 0000 0000 1001, 0.000002 s, LOOP, 125 
	  0b0000 0000 0000 0000 0000 1000, 0.000002 s, END_LOOP 
	  0b0000 0000 0000 0000 0000 1000, 500.000000 us 
	  0b0000 0000 0000 0000 0000 1010, 256.000000 ns 
	  0b0000 0000 0000 0000 0000 1000, 0.584400 us 
	  0b0000 0000 0000 0000 0000 1010, 512.000000 ns 
	  0b0000 0000 0000 0000 0000 1000, 0.584400 us 
	  0b0000 0000 0000 0000 0000 1010, 256.000000 ns 
	  0b0000 0000 0000 0000 0000 1001, 0.000002 s, LOOP, 125 
	  0b0000 0000 0000 0000 0000 1000, 0.000002 s, END_LOOP 
	  0b0000 0000 0000 0000 0000 1000, 500.000000 us 
	  0b0000 0000 0000 0000 0000 1010, 256.000000 ns 
	  0b0000 0000 0000 0000 0000 1000, 0.617600 us 
	  0b0000 0000 0000 0000 0000 1010, 512.000000 ns 
	  0b0000 0000 0000 0000 0000 1000, 0.617600 us 
	  0b0000 0000 0000 0000 0000 1010, 256.000000 ns 
	  0b0000 0000 0000 0000 0000 1001, 0.000002 s, LOOP, 125 
	  0b0000 0000 0000 0000 0000 1000, 0.000002 s, END_LOOP 
	  0b0000 0000 0000 0000 0000 1000, 500.000000 us 
	  0b0000 0000 0000 0000 0000 1010, 256.000000 ns 
	  0b0000 0000 0000 0000 0000 1000, 0.650800 us 
	  0b0000 0000 0000 0000 0000 1010, 512.000000 ns 
	  0b0000 0000 0000 0000 0000 1000, 0.650800 us 
	  0b0000 0000 0000 0000 0000 1010, 256.000000 ns 
	  0b0000 0000 0000 0000 0000 1001, 0.000002 s, LOOP, 125 
	  0b0000 0000 0000 0000 0000 1000, 0.000002 s, END_LOOP 
	  0b0000 0000 0000 0000 0000 1000, 500.000000 us 
	  0b0000 0000 0000 0000 0000 1010, 256.000000 ns 
	  0b0000 0000 0000 0000 0000 1000, 0.684000 us 
	  0b0000 0000 0000 0000 0000 1010, 512.000000 ns 
	  0b0000 0000 0000 0000 0000 1000, 0.684000 us 
	  0b0000 0000 0000 0000 0000 1010, 256.000000 ns 
	  0b0000 0000 0000 0000 0000 1001, 0.000002 s, LOOP, 125 
	  0b0000 0000 0000 0000 0000 1000, 0.000002 s, END_LOOP 
	  0b0000 0000 0000 0000 0000 1000, 500.000000 us 
	  0b0000 0000 0000 0000 0000 1010, 256.000000 ns 
	  0b0000 0000 0000 0000 0000 1000, 0.717200 us 
	  0b0000 0000 0000 0000 0000 1010, 512.000000 ns 
	  0b0000 0000 0000 0000 0000 1000, 0.717200 us 
	  0b0000 0000 0000 0000 0000 1010, 256.000000 ns 
	  0b0000 0000 0000 0000 0000 1001, 0.000002 s, LOOP, 125 
	  0b0000 0000 0000 0000 0000 1000, 0.000002 s, END_LOOP 
	  0b0000 0000 0000 0000 0000 1000, 500.000000 us 
	  0b0000 0000 0000 0000 0000 1010, 256.000000 ns 
	  0b0000 0000 0000 0000 0000 1000, 0.750400 us 
	  0b0000 0000 0000 0000 0000 1010, 512.000000 ns 
	  0b0000 0000 0000 0000 0000 1000, 0.750400 us 
	  0b0000 0000 0000 0000 0000 1010, 256.000000 ns 
	  0b0000 0000 0000 0000 0000 1001, 0.000002 s, LOOP, 125 
	  0b0000 0000 0000 0000 0000 1000, 0.000002 s, END_LOOP 
	  0b0000 0000 0000 0000 0000 1000, 500.000000 us 
	  0b0000 0000 0000 0000 0000 1010, 256.000000 ns 
	  0b0000 0000 0000 0000 0000 1000, 0.783600 us 
	  0b0000 0000 0000 0000 0000 1010, 512.000000 ns 
	  0b0000 0000 0000 0000 0000 1000, 0.783600 us 
	  0b0000 0000 0000 0000 0000 1010, 256.000000 ns 
	  0b0000 0000 0000 0000 0000 1001, 0.000002 s, LOOP, 125 
	  0b0000 0000 0000 0000 0000 1000, 0.000002 s, END_LOOP 
	  0b0000 0000 0000 0000 0000 1000, 500.000000 us 
	  0b0000 0000 0000 0000 0000 1010, 256.000000 ns 
	  0b0000 0000 0000 0000 0000 1000, 0.816800 us 
	  0b0000 0000 0000 0000 0000 1010, 512.000000 ns 
	  0b0000 0000 0000 0000 0000 1000, 0.816800 us 
	  0b0000 0000 0000 0000 0000 1010, 256.000000 ns 
	  0b0000 0000 0000 0000 0000 1001, 0.000002 s, LOOP, 125 
	  0b0000 0000 0000 0000 0000 1000, 0.000002 s, END_LOOP 
	  0b0000 0000 0000 0000 0000 1000, 500.000000 us 
	  0b0000 0000 0000 0000 0000 1010, 256.000000 ns 
	  0b0000 0000 0000 0000 0000 1000, 0.850000 us 
	  0b0000 0000 0000 0000 0000 1010, 512.000000 ns 
	  0b0000 0000 0000 0000 0000 1000, 0.850000 us 
	  0b0000 0000 0000 0000 0000 1010, 256.000000 ns 
	  0b0000 0000 0000 0000 0000 1001, 0.000002 s, LOOP, 125 
	  0b0000 0000 0000 0000 0000 1000, 0.000002 s, END_LOOP 
	  0b0000 0000 0000 0000 0000 1000, 500.000000 us 
	  0b0000 0000 0000 0000 0000 1010, 256.000000 ns 
	  0b0000 0000 0000 0000 0000 1000, 0.883200 us 
	  0b0000 0000 0000 0000 0000 1010, 512.000000 ns 
	  0b0000 0000 0000 0000 0000 1000, 0.883200 us 
	  0b0000 0000 0000 0000 0000 1010, 256.000000 ns 
	  0b0000 0000 0000 0000 0000 1001, 0.000002 s, LOOP, 125 
	  0b0000 0000 0000 0000 0000 1000, 0.000002 s, END_LOOP 
	  0b0000 0000 0000 0000 0000 1000, 500.000000 us 
	  0b0000 0000 0000 0000 0000 1010, 256.000000 ns 
	  0b0000 0000 0000 0000 0000 1000, 0.916400 us 
	  0b0000 0000 0000 0000 0000 1010, 512.000000 ns 
	  0b0000 0000 0000 0000 0000 1000, 0.916400 us 
	  0b0000 0000 0000 0000 0000 1010, 256.000000 ns 
	  0b0000 0000 0000 0000 0000 1001, 0.000002 s, LOOP, 125 
	  0b0000 0000 0000 0000 0000 1000, 0.000002 s, END_LOOP 
	  0b0000 0000 0000 0000 0000 1000, 500.000000 us 
	  0b0000 0000 0000 0000 0000 1010, 256.000000 ns 
	  0b0000 0000 0000 0000 0000 1000, 0.949600 us 
	  0b0000 0000 0000 0000 0000 1010, 512.000000 ns 
	  0b0000 0000 0000 0000 0000 1000, 0.949600 us 
	  0b0000 0000 0000 0000 0000 1010, 256.000000 ns 
	  0b0000 0000 0000 0000 0000 1001, 0.000002 s, LOOP, 125 
	  0b0000 0000 0000 0000 0000 1000, 0.000002 s, END_LOOP 
	  0b0000 0000 0000 0000 0000 1000, 500.000000 us 
	  0b0000 0000 0000 0000 0000 1010, 256.000000 ns 
	  0b0000 0000 0000 0000 0000 1000, 0.982800 us 
	  0b0000 0000 0000 0000 0000 1010, 512.000000 ns 
	  0b0000 0000 0000 0000 0000 1000, 0.982800 us 
	  0b0000 0000 0000 0000 0000 1010, 256.000000 ns 
	  0b0000 0000 0000 0000 0000 1001, 0.000002 s, LOOP, 125 
	  0b0000 0000 0000 0000 0000 1000, 0.000002 s, END_LOOP 
	  0b0000 0000 0000 0000 0000 1000, 500.000000 us 
	  0b0000 0000 0000 0000 0000 1010, 256.000000 ns 
	  0b0000 0000 0000 0000 0000 1000, 1.016000 us 
	  0b0000 0000 0000 0000 0000 1010, 512.000000 ns 
	  0b0000 0000 0000 0000 0000 1000, 1.016000 us 
	  0b0000 0000 0000 0000 0000 1010, 256.000000 ns 
	  0b0000 0000 0000 0000 0000 1001, 0.000002 s, LOOP, 125 
	  0b0000 0000 0000 0000 0000 1000, 0.000002 s, END_LOOP 
	  0b0000 0000 0000 0000 0000 1000, 500.000000 us 
	  0b0000 0000 0000 0000 0000 1010, 256.000000 ns 
	  0b0000 0000 0000 0000 0000 1000, 1.049200 us 
	  0b0000 0000 0000 0000 0000 1010, 512.000000 ns 
	  0b0000 0000 0000 0000 0000 1000, 1.049200 us 
	  0b0000 0000 0000 0000 0000 1010, 256.000000 ns 
	  0b0000 0000 0000 0000 0000 1001, 0.000002 s, LOOP, 125 
	  0b0000 0000 0000 0000 0000 1000, 0.000002 s, END_LOOP 
	  0b0000 0000 0000 0000 0000 1000, 500.000000 us 
	  0b0000 0000 0000 0000 0000 1010, 256.000000 ns 
	  0b0000 0000 0000 0000 0000 1000, 1.082400 us 
	  0b0000 0000 0000 0000 0000 1010, 512.000000 ns 
	  0b0000 0000 0000 0000 0000 1000, 1.082400 us 
	  0b0000 0000 0000 0000 0000 1010, 256.000000 ns 
	  0b0000 0000 0000 0000 0000 1001, 0.000002 s, LOOP, 125 
	  0b0000 0000 0000 0000 0000 1000, 0.000002 s, END_LOOP 
	  0b0000 0000 0000 0000 0000 1000, 500.000000 us 
	  0b0000 0000 0000 0000 0000 1010, 256.000000 ns 
	  0b0000 0000 0000 0000 0000 1000, 1.115600 us 
	  0b0000 0000 0000 0000 0000 1010, 512.000000 ns 
	  0b0000 0000 0000 0000 0000 1000, 1.115600 us 
	  0b0000 0000 0000 0000 0000 1010, 256.000000 ns 
	  0b0000 0000 0000 0000 0000 1001, 0.000002 s, LOOP, 125 
	  0b0000 0000 0000 0000 0000 1000, 0.000002 s, END_LOOP 
	  0b0000 0000 0000 0000 0000 1000, 500.000000 us 
	  0b0000 0000 0000 0000 0000 1010, 256.000000 ns 
	  0b0000 0000 0000 0000 0000 1000, 1.148800 us 
	  0b0000 0000 0000 0000 0000 1010, 512.000000 ns 
	  0b0000 0000 0000 0000 0000 1000, 1.148800 us 
	  0b0000 0000 0000 0000 0000 1010, 256.000000 ns 
	  0b0000 0000 0000 0000 0000 1001, 0.000002 s, LOOP, 125 
	  0b0000 0000 0000 0000 0000 1000, 0.000002 s, END_LOOP 
	  0b0000 0000 0000 0000 0000 1000, 500.000000 us 
	  0b0000 0000 0000 0000 0000 1010, 256.000000 ns 
	  0b0000 0000 0000 0000 0000 1000, 1.182000 us 
	  0b0000 0000 0000 0000 0000 1010, 512.000000 ns 
	  0b0000 0000 0000 0000 0000 1000, 1.182000 us 
	  0b0000 0000 0000 0000 0000 1010, 256.000000 ns 
	  0b0000 0000 0000 0000 0000 1001, 0.000002 s, LOOP, 125 
	  0b0000 0000 0000 0000 0000 1000, 0.000002 s, END_LOOP 
	  0b0000 0000 0000 0000 0000 1000, 500.000000 us 
	  0b0000 0000 0000 0000 0000 1010, 256.000000 ns 
	  0b0000 0000 0000 0000 0000 1000, 1.215200 us 
	  0b0000 0000 0000 0000 0000 1010, 512.000000 ns 
	  0b0000 0000 0000 0000 0000 1000, 1.215200 us 
	  0b0000 0000 0000 0000 0000 1010, 256.000000 ns 
	  0b0000 0000 0000 0000 0000 1001, 0.000002 s, LOOP, 125 
	  0b0000 0000 0000 0000 0000 1000, 0.000002 s, END_LOOP 
	  0b0000 0000 0000 0000 0000 1000, 500.000000 us 
	  0b0000 0000 0000 0000 0000 1010, 256.000000 ns 
	  0b0000 0000 0000 0000 0000 1000, 1.248400 us 
	  0b0000 0000 0000 0000 0000 1010, 512.000000 ns 
	  0b0000 0000 0000 0000 0000 1000, 1.248400 us 
	  0b0000 0000 0000 0000 0000 1010, 256.000000 ns 
	  0b0000 0000 0000 0000 0000 1001, 0.000002 s, LOOP, 125 
	  0b0000 0000 0000 0000 0000 1000, 0.000002 s, END_LOOP 
	  0b0000 0000 0000 0000 0000 1000, 500.000000 us 
	  0b0000 0000 0000 0000 0000 1010, 256.000000 ns 
	  0b0000 0000 0000 0000 0000 1000, 1.281600 us 
	  0b0000 0000 0000 0000 0000 1010, 512.000000 ns 
	  0b0000 0000 0000 0000 0000 1000, 1.281600 us 
	  0b0000 0000 0000 0000 0000 1010, 256.000000 ns 
	  0b0000 0000 0000 0000 0000 1001, 0.000002 s, LOOP, 125 
	  0b0000 0000 0000 0000 0000 1000, 0.000002 s, END_LOOP 
	  0b0000 0000 0000 0000 0000 1000, 500.000000 us 
	  0b0000 0000 0000 0000 0000 1010, 256.000000 ns 
	  0b0000 0000 0000 0000 0000 1000, 1.314800 us 
	  0b0000 0000 0000 0000 0000 1010, 512.000000 ns 
	  0b0000 0000 0000 0000 0000 1000, 1.314800 us 
	  0b0000 0000 0000 0000 0000 1010, 256.000000 ns 
	  0b0000 0000 0000 0000 0000 1001, 0.000002 s, LOOP, 125 
	  0b0000 0000 0000 0000 0000 1000, 0.000002 s, END_LOOP 
	  0b0000 0000 0000 0000 0000 1000, 500.000000 us 
	  0b0000 0000 0000 0000 0000 1010, 256.000000 ns 
	  0b0000 0000 0000 0000 0000 1000, 1.348000 us 
	  0b0000 0000 0000 0000 0000 1010, 512.000000 ns 
	  0b0000 0000 0000 0000 0000 1000, 1.348000 us 
	  0b0000 0000 0000 0000 0000 1010, 256.000000 ns 
	  0b0000 0000 0000 0000 0000 1001, 0.000002 s, LOOP, 125 
	  0b0000 0000 0000 0000 0000 1000, 0.000002 s, END_LOOP 
	  0b0000 0000 0000 0000 0000 1000, 500.000000 us 
	  0b0000 0000 0000 0000 0000 1010, 256.000000 ns 
	  0b0000 0000 0000 0000 0000 1000, 1.381200 us 
	  0b0000 0000 0000 0000 0000 1010, 512.000000 ns 
	  0b0000 0000 0000 0000 0000 1000, 1.381200 us 
	  0b0000 0000 0000 0000 0000 1010, 256.000000 ns 
	  0b0000 0000 0000 0000 0000 1001, 0.000002 s, LOOP, 125 
	  0b0000 0000 0000 0000 0000 1000, 0.000002 s, END_LOOP 
	  0b0000 0000 0000 0000 0000 1000, 500.000000 us 
	  0b0000 0000 0000 0000 0000 1010, 256.000000 ns 
	  0b0000 0000 0000 0000 0000 1000, 1.414400 us 
	  0b0000 0000 0000 0000 0000 1010, 512.000000 ns 
	  0b0000 0000 0000 0000 0000 1000, 1.414400 us 
	  0b0000 0000 0000 0000 0000 1010, 256.000000 ns 
	  0b0000 0000 0000 0000 0000 1001, 0.000002 s, LOOP, 125 
	  0b0000 0000 0000 0000 0000 1000, 0.000002 s, END_LOOP 
	  0b0000 0000 0000 0000 0000 1000, 500.000000 us 
	  0b0000 0000 0000 0000 0000 1010, 256.000000 ns 
	  0b0000 0000 0000 0000 0000 1000, 1.447600 us 
	  0b0000 0000 0000 0000 0000 1010, 512.000000 ns 
	  0b0000 0000 0000 0000 0000 1000, 1.447600 us 
	  0b0000 0000 0000 0000 0000 1010, 256.000000 ns 
	  0b0000 0000 0000 0000 0000 1001, 0.000002 s, LOOP, 125 
	  0b0000 0000 0000 0000 0000 1000, 0.000002 s, END_LOOP 
	  0b0000 0000 0000 0000 0000 1000, 500.000000 us 
	  0b0000 0000 0000 0000 0000 1010, 256.000000 ns 
	  0b0000 0000 0000 0000 0000 1000, 1.480800 us 
	  0b0000 0000 0000 0000 0000 1010, 512.000000 ns 
	  0b0000 0000 0000 0000 0000 1000, 1.480800 us 
	  0b0000 0000 0000 0000 0000 1010, 256.000000 ns 
	  0b0000 0000 0000 0000 0000 1001, 0.000002 s, LOOP, 125 
	  0b0000 0000 0000 0000 0000 1000, 0.000002 s, END_LOOP 
	  0b0000 0000 0000 0000 0000 1000, 500.000000 us 
	  0b0000 0000 0000 0000 0000 1010, 256.000000 ns 
	  0b0000 0000 0000 0000 0000 1000, 1.514000 us 
	  0b0000 0000 0000 0000 0000 1010, 512.000000 ns 
	  0b0000 0000 0000 0000 0000 1000, 1.514000 us 
	  0b0000 0000 0000 0000 0000 1010, 256.000000 ns 
	  0b0000 0000 0000 0000 0000 1001, 0.000002 s, LOOP, 125 
	  0b0000 0000 0000 0000 0000 1000, 0.000002 s, END_LOOP 
	  0b0000 0000 0000 0000 0000 1000, 500.000000 us 
	  0b0000 0000 0000 0000 0000 1010, 256.000000 ns 
	  0b0000 0000 0000 0000 0000 1000, 1.547200 us 
	  0b0000 0000 0000 0000 0000 1010, 512.000000 ns 
	  0b0000 0000 0000 0000 0000 1000, 1.547200 us 
	  0b0000 0000 0000 0000 0000 1010, 256.000000 ns 
	  0b0000 0000 0000 0000 0000 1001, 0.000002 s, LOOP, 125 
	  0b0000 0000 0000 0000 0000 1000, 0.000002 s, END_LOOP 
	  0b0000 0000 0000 0000 0000 1000, 500.000000 us 
	  0b0000 0000 0000 0000 0000 1010, 256.000000 ns 
	  0b0000 0000 0000 0000 0000 1000, 1.580400 us 
	  0b0000 0000 0000 0000 0000 1010, 512.000000 ns 
	  0b0000 0000 0000 0000 0000 1000, 1.580400 us 
	  0b0000 0000 0000 0000 0000 1010, 256.000000 ns 
	  0b0000 0000 0000 0000 0000 1001, 0.000002 s, LOOP, 125 
	  0b0000 0000 0000 0000 0000 1000, 0.000002 s, END_LOOP 
	  0b0000 0000 0000 0000 0000 1000, 500.000000 us 
	  0b0000 0000 0000 0000 0000 1010, 256.000000 ns 
	  0b0000 0000 0000 0000 0000 1000, 1.613600 us 
	  0b0000 0000 0000 0000 0000 1010, 512.000000 ns 
	  0b0000 0000 0000 0000 0000 1000, 1.613600 us 
	  0b0000 0000 0000 0000 0000 1010, 256.000000 ns 
	  0b0000 0000 0000 0000 0000 1001, 0.000002 s, LOOP, 125 
	  0b0000 0000 0000 0000 0000 1000, 0.000002 s, END_LOOP 
	  0b0000 0000 0000 0000 0000 1000, 500.000000 us 
	  0b0000 0000 0000 0000 0000 1010, 256.000000 ns 
	  0b0000 0000 0000 0000 0000 1000, 1.646800 us 
	  0b0000 0000 0000 0000 0000 1010, 512.000000 ns 
	  0b0000 0000 0000 0000 0000 1000, 1.646800 us 
	  0b0000 0000 0000 0000 0000 1010, 256.000000 ns 
	  0b0000 0000 0000 0000 0000 1001, 0.000002 s, LOOP, 125 
	  0b0000 0000 0000 0000 0000 1000, 0.000002 s, END_LOOP 
	  0b0000 0000 0000 0000 0000 1000, 500.000000 us 
	  0b0000 0000 0000 0000 0000 1010, 256.000000 ns 
	  0b0000 0000 0000 0000 0000 1000, 1.680000 us 
	  0b0000 0000 0000 0000 0000 1010, 512.000000 ns 
	  0b0000 0000 0000 0000 0000 1000, 1.680000 us 
	  0b0000 0000 0000 0000 0000 1010, 256.000000 ns 
	  0b0000 0000 0000 0000 0000 1001, 0.000002 s, LOOP, 125 
	  0b0000 0000 0000 0000 0000 1000, 0.000002 s, END_LOOP 
	  0b0000 0000 0000 0000 0000 1000, 500.000000 us 
	  0b0000 0000 0000 0000 0000 1010, 256.000000 ns 
	  0b0000 0000 0000 0000 0000 1000, 1.713200 us 
	  0b0000 0000 0000 0000 0000 1010, 512.000000 ns 
	  0b0000 0000 0000 0000 0000 1000, 1.713200 us 
	  0b0000 0000 0000 0000 0000 1010, 256.000000 ns 
	  0b0000 0000 0000 0000 0000 1001, 0.000002 s, LOOP, 125 
	  0b0000 0000 0000 0000 0000 1000, 0.000002 s, END_LOOP 
	  0b0000 0000 0000 0000 0000 1000, 500.000000 us 
	  0b0000 0000 0000 0000 0000 1010, 256.000000 ns 
	  0b0000 0000 0000 0000 0000 1000, 1.746400 us 
	  0b0000 0000 0000 0000 0000 1010, 512.000000 ns 
	  0b0000 0000 0000 0000 0000 1000, 1.746400 us 
	  0b0000 0000 0000 0000 0000 1010, 256.000000 ns 
	  0b0000 0000 0000 0000 0000 1001, 0.000002 s, LOOP, 125 
	  0b0000 0000 0000 0000 0000 1000, 0.000002 s, END_LOOP 
	  0b0000 0000 0000 0000 0000 1000, 500.000000 us 
	  0b0000 0000 0000 0000 0000 1010, 256.000000 ns 
	  0b0000 0000 0000 0000 0000 1000, 1.779600 us 
	  0b0000 0000 0000 0000 0000 1010, 512.000000 ns 
	  0b0000 0000 0000 0000 0000 1000, 1.779600 us 
	  0b0000 0000 0000 0000 0000 1010, 256.000000 ns 
	  0b0000 0000 0000 0000 0000 1001, 0.000002 s, LOOP, 125 
	  0b0000 0000 0000 0000 0000 1000, 0.000002 s, END_LOOP 
	  0b0000 0000 0000 0000 0000 1000, 500.000000 us 
	  0b0000 0000 0000 0000 0000 1010, 256.000000 ns 
	  0b0000 0000 0000 0000 0000 1000, 1.812800 us 
	  0b0000 0000 0000 0000 0000 1010, 512.000000 ns 
	  0b0000 0000 0000 0000 0000 1000, 1.812800 us 
	  0b0000 0000 0000 0000 0000 1010, 256.000000 ns 
	  0b0000 0000 0000 0000 0000 1001, 0.000002 s, LOOP, 125 
	  0b0000 0000 0000 0000 0000 1000, 0.000002 s, END_LOOP 
	  0b0000 0000 0000 0000 0000 1000, 500.000000 us 
	  0b0000 0000 0000 0000 0000 1010, 256.000000 ns 
	  0b0000 0000 0000 0000 0000 1000, 1.846000 us 
	  0b0000 0000 0000 0000 0000 1010, 512.000000 ns 
	  0b0000 0000 0000 0000 0000 1000, 1.846000 us 
	  0b0000 0000 0000 0000 0000 1010, 256.000000 ns 
	  0b0000 0000 0000 0000 0000 1001, 0.000002 s, LOOP, 125 
	  0b0000 0000 0000 0000 0000 1000, 0.000002 s, END_LOOP 
	  0b0000 0000 0000 0000 0000 1000, 500.000000 us 
	  0b0000 0000 0000 0000 0000 1010, 256.000000 ns 
	  0b0000 0000 0000 0000 0000 1000, 1.879200 us 
	  0b0000 0000 0000 0000 0000 1010, 512.000000 ns 
	  0b0000 0000 0000 0000 0000 1000, 1.879200 us 
	  0b0000 0000 0000 0000 0000 1010, 256.000000 ns 
	  0b0000 0000 0000 0000 0000 1001, 0.000002 s, LOOP, 125 
	  0b0000 0000 0000 0000 0000 1000, 0.000002 s, END_LOOP 
	  0b0000 0000 0000 0000 0000 1000, 500.000000 us 
	  0b0000 0000 0000 0000 0000 1010, 256.000000 ns 
	  0b0000 0000 0000 0000 0000 1000, 1.912400 us 
	  0b0000 0000 0000 0000 0000 1010, 512.000000 ns 
	  0b0000 0000 0000 0000 0000 1000, 1.912400 us 
	  0b0000 0000 0000 0000 0000 1010, 256.000000 ns 
	  0b0000 0000 0000 0000 0000 1001, 0.000002 s, LOOP, 125 
	  0b0000 0000 0000 0000 0000 1000, 0.000002 s, END_LOOP 
	  0b0000 0000 0000 0000 0000 1000, 500.000000 us 
	  0b0000 0000 0000 0000 0000 1010, 256.000000 ns 
	  0b0000 0000 0000 0000 0000 1000, 1.945600 us 
	  0b0000 0000 0000 0000 0000 1010, 512.000000 ns 
	  0b0000 0000 0000 0000 0000 1000, 1.945600 us 
	  0b0000 0000 0000 0000 0000 1010, 256.000000 ns 
	  0b0000 0000 0000 0000 0000 1001, 0.000002 s, LOOP, 125 
	  0b0000 0000 0000 0000 0000 1000, 0.000002 s, END_LOOP 
	  0b0000 0000 0000 0000 0000 1000, 500.000000 us 
	  0b0000 0000 0000 0000 0000 1010, 256.000000 ns 
	  0b0000 0000 0000 0000 0000 1000, 1.978800 us 
	  0b0000 0000 0000 0000 0000 1010, 512.000000 ns 
	  0b0000 0000 0000 0000 0000 1000, 1.978800 us 
	  0b0000 0000 0000 0000 0000 1010, 256.000000 ns 
	  0b0000 0000 0000 0000 0000 1001, 0.000002 s, LOOP, 125 
	  0b0000 0000 0000 0000 0000 1000, 0.000002 s, END_LOOP 
	  0b0000 0000 0000 0000 0000 1000, 500.000000 us 
	  0b0000 0000 0000 0000 0000 1010, 256.000000 ns 
	  0b0000 0000 0000 0000 0000 1000, 2.012000 us 
	  0b0000 0000 0000 0000 0000 1010, 512.000000 ns 
	  0b0000 0000 0000 0000 0000 1000, 2.012000 us 
	  0b0000 0000 0000 0000 0000 1010, 256.000000 ns 
	  0b0000 0000 0000 0000 0000 1001, 0.000002 s, LOOP, 125 
	  0b0000 0000 0000 0000 0000 1000, 0.000002 s, END_LOOP 
	  0b0000 0000 0000 0000 0000 1000, 500.000000 us 
	  0b0000 0000 0000 0000 0000 1010, 256.000000 ns 
	  0b0000 0000 0000 0000 0000 1000, 2.045200 us 
	  0b0000 0000 0000 0000 0000 1010, 512.000000 ns 
	  0b0000 0000 0000 0000 0000 1000, 2.045200 us 
	  0b0000 0000 0000 0000 0000 1010, 256.000000 ns 
	  0b0000 0000 0000 0000 0000 1001, 0.000002 s, LOOP, 125 
	  0b0000 0000 0000 0000 0000 1000, 0.000002 s, END_LOOP 
	  0b0000 0000 0000 0000 0000 1000, 500.000000 us 
	  0b0000 0000 0000 0000 0000 1010, 256.000000 ns 
	  0b0000 0000 0000 0000 0000 1000, 2.078400 us 
	  0b0000 0000 0000 0000 0000 1010, 512.000000 ns 
	  0b0000 0000 0000 0000 0000 1000, 2.078400 us 
	  0b0000 0000 0000 0000 0000 1010, 256.000000 ns 
	  0b0000 0000 0000 0000 0000 1001, 0.000002 s, LOOP, 125 
	  0b0000 0000 0000 0000 0000 1000, 0.000002 s, END_LOOP 
	  0b0000 0000 0000 0000 0000 1000, 500.000000 us 
	  0b0000 0000 0000 0000 0000 1010, 256.000000 ns 
	  0b0000 0000 0000 0000 0000 1000, 2.111600 us 
	  0b0000 0000 0000 0000 0000 1010, 512.000000 ns 
	  0b0000 0000 0000 0000 0000 1000, 2.111600 us 
	  0b0000 0000 0000 0000 0000 1010, 256.000000 ns 
	  0b0000 0000 0000 0000 0000 1001, 0.000002 s, LOOP, 125 
	  0b0000 0000 0000 0000 0000 1000, 0.000002 s, END_LOOP 
	  0b0000 0000 0000 0000 0000 1000, 500.000000 us 
	  0b0000 0000 0000 0000 0000 1010, 256.000000 ns 
	  0b0000 0000 0000 0000 0000 1000, 2.144800 us 
	  0b0000 0000 0000 0000 0000 1010, 512.000000 ns 
	  0b0000 0000 0000 0000 0000 1000, 2.144800 us 
	  0b0000 0000 0000 0000 0000 1010, 256.000000 ns 
	  0b0000 0000 0000 0000 0000 1001, 0.000002 s, LOOP, 125 
	  0b0000 0000 0000 0000 0000 1000, 0.000002 s, END_LOOP 
	  0b0000 0000 0000 0000 0000 1000, 500.000000 us 
	  0b0000 0000 0000 0000 0000 1010, 256.000000 ns 
	  0b0000 0000 0000 0000 0000 1000, 2.178000 us 
	  0b0000 0000 0000 0000 0000 1010, 512.000000 ns 
	  0b0000 0000 0000 0000 0000 1000, 2.178000 us 
	  0b0000 0000 0000 0000 0000 1010, 256.000000 ns 
	  0b0000 0000 0000 0000 0000 1001, 0.000002 s, LOOP, 125 
	  0b0000 0000 0000 0000 0000 1000, 0.000002 s, END_LOOP 
	  0b0000 0000 0000 0000 0000 1000, 500.000000 us 
	  0b0000 0000 0000 0000 0000 1010, 256.000000 ns 
	  0b0000 0000 0000 0000 0000 1000, 2.211200 us 
	  0b0000 0000 0000 0000 0000 1010, 512.000000 ns 
	  0b0000 0000 0000 0000 0000 1000, 2.211200 us 
	  0b0000 0000 0000 0000 0000 1010, 256.000000 ns 
	  0b0000 0000 0000 0000 0000 1001, 0.000002 s, LOOP, 125 
	  0b0000 0000 0000 0000 0000 1000, 0.000002 s, END_LOOP 
	  0b0000 0000 0000 0000 0000 1000, 500.000000 us 
	  0b0000 0000 0000 0000 0000 1010, 256.000000 ns 
	  0b0000 0000 0000 0000 0000 1000, 2.244400 us 
	  0b0000 0000 0000 0000 0000 1010, 512.000000 ns 
	  0b0000 0000 0000 0000 0000 1000, 2.244400 us 
	  0b0000 0000 0000 0000 0000 1010, 256.000000 ns 
	  0b0000 0000 0000 0000 0000 1001, 0.000002 s, LOOP, 125 
	  0b0000 0000 0000 0000 0000 1000, 0.000002 s, END_LOOP 
	  0b0000 0000 0000 0000 0000 1000, 500.000000 us 
	  0b0000 0000 0000 0000 0000 1010, 256.000000 ns 
	  0b0000 0000 0000 0000 0000 1000, 2.277600 us 
	  0b0000 0000 0000 0000 0000 1010, 512.000000 ns 
	  0b0000 0000 0000 0000 0000 1000, 2.277600 us 
	  0b0000 0000 0000 0000 0000 1010, 256.000000 ns 
	  0b0000 0000 0000 0000 0000 1001, 0.000002 s, LOOP, 125 
	  0b0000 0000 0000 0000 0000 1000, 0.000002 s, END_LOOP 
	  0b0000 0000 0000 0000 0000 1000, 500.000000 us 
	  0b0000 0000 0000 0000 0000 1010, 256.000000 ns 
	  0b0000 0000 0000 0000 0000 1000, 2.310800 us 
	  0b0000 0000 0000 0000 0000 1010, 512.000000 ns 
	  0b0000 0000 0000 0000 0000 1000, 2.310800 us 
	  0b0000 0000 0000 0000 0000 1010, 256.000000 ns 
	  0b0000 0000 0000 0000 0000 1001, 0.000002 s, LOOP, 125 
	  0b0000 0000 0000 0000 0000 1000, 0.000002 s, END_LOOP 
	  0b0000 0000 0000 0000 0000 1000, 500.000000 us 
	  0b0000 0000 0000 0000 0000 1010, 256.000000 ns 
	  0b0000 0000 0000 0000 0000 1000, 2.344000 us 
	  0b0000 0000 0000 0000 0000 1010, 512.000000 ns 
	  0b0000 0000 0000 0000 0000 1000, 2.344000 us 
	  0b0000 0000 0000 0000 0000 1010, 256.000000 ns 
	  0b0000 0000 0000 0000 0000 1001, 0.000002 s, LOOP, 125 
	  0b0000 0000 0000 0000 0000 1000, 0.000002 s, END_LOOP 
	  0b0000 0000 0000 0000 0000 1000, 500.000000 us 
	  0b0000 0000 0000 0000 0000 1010, 256.000000 ns 
	  0b0000 0000 0000 0000 0000 1000, 2.377200 us 
	  0b0000 0000 0000 0000 0000 1010, 512.000000 ns 
	  0b0000 0000 0000 0000 0000 1000, 2.377200 us 
	  0b0000 0000 0000 0000 0000 1010, 256.000000 ns 
	  0b0000 0000 0000 0000 0000 1001, 0.000002 s, LOOP, 125 
	  0b0000 0000 0000 0000 0000 1000, 0.000002 s, END_LOOP 
	  0b0000 0000 0000 0000 0000 1000, 500.000000 us 
	  0b0000 0000 0000 0000 0000 1010, 256.000000 ns 
	  0b0000 0000 0000 0000 0000 1000, 2.410400 us 
	  0b0000 0000 0000 0000 0000 1010, 512.000000 ns 
	  0b0000 0000 0000 0000 0000 1000, 2.410400 us 
	  0b0000 0000 0000 0000 0000 1010, 256.000000 ns 
	  0b0000 0000 0000 0000 0000 1001, 0.000002 s, LOOP, 125 
	  0b0000 0000 0000 0000 0000 1000, 0.000002 s, END_LOOP 
	  0b0000 0000 0000 0000 0000 1000, 500.000000 us 
	  0b0000 0000 0000 0000 0000 1010, 256.000000 ns 
	  0b0000 0000 0000 0000 0000 1000, 2.443600 us 
	  0b0000 0000 0000 0000 0000 1010, 512.000000 ns 
	  0b0000 0000 0000 0000 0000 1000, 2.443600 us 
	  0b0000 0000 0000 0000 0000 1010, 256.000000 ns 
	  0b0000 0000 0000 0000 0000 1001, 0.000002 s, LOOP, 125 
	  0b0000 0000 0000 0000 0000 1000, 0.000002 s, END_LOOP 
	  0b0000 0000 0000 0000 0000 1000, 500.000000 us 
	  0b0000 0000 0000 0000 0000 1010, 256.000000 ns 
	  0b0000 0000 0000 0000 0000 1000, 2.476800 us 
	  0b0000 0000 0000 0000 0000 1010, 512.000000 ns 
	  0b0000 0000 0000 0000 0000 1000, 2.476800 us 
	  0b0000 0000 0000 0000 0000 1010, 256.000000 ns 
	  0b0000 0000 0000 0000 0000 1001, 0.000002 s, LOOP, 125 
	  0b0000 0000 0000 0000 0000 1000, 0.000002 s, END_LOOP 
	  0b0000 0000 0000 0000 0000 1000, 500.000000 us 
	  0b0000 0000 0000 0000 0000 1010, 256.000000 ns 
	  0b0000 0000 0000 0000 0000 1000, 2.510000 us 
	  0b0000 0000 0000 0000 0000 1010, 512.000000 ns 
	  0b0000 0000 0000 0000 0000 1000, 2.510000 us 
	  0b0000 0000 0000 0000 0000 1010, 256.000000 ns 
	  0b0000 0000 0000 0000 0000 1001, 0.000002 s, LOOP, 125 
	  0b0000 0000 0000 0000 0000 1000, 0.000002 s, END_LOOP 
	  0b0000 0000 0000 0000 0000 1000, 500.000000 us 
	  0b0000 0000 0000 0000 0000 1010, 256.000000 ns 
	  0b0000 0000 0000 0000 0000 1000, 2.543200 us 
	  0b0000 0000 0000 0000 0000 1010, 512.000000 ns 
	  0b0000 0000 0000 0000 0000 1000, 2.543200 us 
	  0b0000 0000 0000 0000 0000 1010, 256.000000 ns 
	  0b0000 0000 0000 0000 0000 1001, 0.000002 s, LOOP, 125 
	  0b0000 0000 0000 0000 0000 1000, 0.000002 s, END_LOOP 
	  0b0000 0000 0000 0000 0000 1000, 500.000000 us 
	  0b0000 0000 0000 0000 0000 1010, 256.000000 ns 
	  0b0000 0000 0000 0000 0000 1000, 2.576400 us 
	  0b0000 0000 0000 0000 0000 1010, 512.000000 ns 
	  0b0000 0000 0000 0000 0000 1000, 2.576400 us 
	  0b0000 0000 0000 0000 0000 1010, 256.000000 ns 
	  0b0000 0000 0000 0000 0000 1001, 0.000002 s, LOOP, 125 
	  0b0000 0000 0000 0000 0000 1000, 0.000002 s, END_LOOP 
	  0b0000 0000 0000 0000 0000 1000, 500.000000 us 
	  0b0000 0000 0000 0000 0000 1010, 256.000000 ns 
	  0b0000 0000 0000 0000 0000 1000, 2.609600 us 
	  0b0000 0000 0000 0000 0000 1010, 512.000000 ns 
	  0b0000 0000 0000 0000 0000 1000, 2.609600 us 
	  0b0000 0000 0000 0000 0000 1010, 256.000000 ns 
	  0b0000 0000 0000 0000 0000 1001, 0.000002 s, LOOP, 125 
	  0b0000 0000 0000 0000 0000 1000, 0.000002 s, END_LOOP 
	  0b0000 0000 0000 0000 0000 1000, 500.000000 us 
	  0b0000 0000 0000 0000 0000 1010, 256.000000 ns 
	  0b0000 0000 0000 0000 0000 1000, 2.642800 us 
	  0b0000 0000 0000 0000 0000 1010, 512.000000 ns 
	  0b0000 0000 0000 0000 0000 1000, 2.642800 us 
	  0b0000 0000 0000 0000 0000 1010, 256.000000 ns 
	  0b0000 0000 0000 0000 0000 1001, 0.000002 s, LOOP, 125 
	  0b0000 0000 0000 0000 0000 1000, 0.000002 s, END_LOOP 
	  0b0000 0000 0000 0000 0000 1000, 500.000000 us 
	  0b0000 0000 0000 0000 0000 1010, 256.000000 ns 
	  0b0000 0000 0000 0000 0000 1000, 2.676000 us 
	  0b0000 0000 0000 0000 0000 1010, 512.000000 ns 
	  0b0000 0000 0000 0000 0000 1000, 2.676000 us 
	  0b0000 0000 0000 0000 0000 1010, 256.000000 ns 
	  0b0000 0000 0000 0000 0000 1001, 0.000002 s, LOOP, 125 
	  0b0000 0000 0000 0000 0000 1000, 0.000002 s, END_LOOP 
	  0b0000 0000 0000 0000 0000 1000, 500.000000 us 
	  0b0000 0000 0000 0000 0000 1010, 256.000000 ns 
	  0b0000 0000 0000 0000 0000 1000, 2.709200 us 
	  0b0000 0000 0000 0000 0000 1010, 512.000000 ns 
	  0b0000 0000 0000 0000 0000 1000, 2.709200 us 
	  0b0000 0000 0000 0000 0000 1010, 256.000000 ns 
	  0b0000 0000 0000 0000 0000 1001, 0.000002 s, LOOP, 125 
	  0b0000 0000 0000 0000 0000 1000, 0.000002 s, END_LOOP 
	  0b0000 0000 0000 0000 0000 1000, 500.000000 us 
	  0b0000 0000 0000 0000 0000 1010, 256.000000 ns 
	  0b0000 0000 0000 0000 0000 1000, 2.742400 us 
	  0b0000 0000 0000 0000 0000 1010, 512.000000 ns 
	  0b0000 0000 0000 0000 0000 1000, 2.742400 us 
	  0b0000 0000 0000 0000 0000 1010, 256.000000 ns 
	  0b0000 0000 0000 0000 0000 1001, 0.000002 s, LOOP, 125 
	  0b0000 0000 0000 0000 0000 1000, 0.000002 s, END_LOOP 
	  0b0000 0000 0000 0000 0000 1000, 500.000000 us 
	  0b0000 0000 0000 0000 0000 1010, 256.000000 ns 
	  0b0000 0000 0000 0000 0000 1000, 2.775600 us 
	  0b0000 0000 0000 0000 0000 1010, 512.000000 ns 
	  0b0000 0000 0000 0000 0000 1000, 2.775600 us 
	  0b0000 0000 0000 0000 0000 1010, 256.000000 ns 
	  0b0000 0000 0000 0000 0000 1001, 0.000002 s, LOOP, 125 
	  0b0000 0000 0000 0000 0000 1000, 0.000002 s, END_LOOP 
	  0b0000 0000 0000 0000 0000 1000, 500.000000 us 
	  0b0000 0000 0000 0000 0000 1010, 256.000000 ns 
	  0b0000 0000 0000 0000 0000 1000, 2.808800 us 
	  0b0000 0000 0000 0000 0000 1010, 512.000000 ns 
	  0b0000 0000 0000 0000 0000 1000, 2.808800 us 
	  0b0000 0000 0000 0000 0000 1010, 256.000000 ns 
	  0b0000 0000 0000 0000 0000 1001, 0.000002 s, LOOP, 125 
	  0b0000 0000 0000 0000 0000 1000, 0.000002 s, END_LOOP 
	  0b0000 0000 0000 0000 0000 1000, 500.000000 us 
	  0b0000 0000 0000 0000 0000 1010, 256.000000 ns 
	  0b0000 0000 0000 0000 0000 1000, 2.842000 us 
	  0b0000 0000 0000 0000 0000 1010, 512.000000 ns 
	  0b0000 0000 0000 0000 0000 1000, 2.842000 us 
	  0b0000 0000 0000 0000 0000 1010, 256.000000 ns 
	  0b0000 0000 0000 0000 0000 1001, 0.000002 s, LOOP, 125 
	  0b0000 0000 0000 0000 0000 1000, 0.000002 s, END_LOOP 
	  0b0000 0000 0000 0000 0000 1000, 500.000000 us 
	  0b0000 0000 0000 0000 0000 1010, 256.000000 ns 
	  0b0000 0000 0000 0000 0000 1000, 2.875200 us 
	  0b0000 0000 0000 0000 0000 1010, 512.000000 ns 
	  0b0000 0000 0000 0000 0000 1000, 2.875200 us 
	  0b0000 0000 0000 0000 0000 1010, 256.000000 ns 
	  0b0000 0000 0000 0000 0000 1001, 0.000002 s, LOOP, 125 
	  0b0000 0000 0000 0000 0000 1000, 0.000002 s, END_LOOP 
	  0b0000 0000 0000 0000 0000 1000, 500.000000 us 
	  0b0000 0000 0000 0000 0000 1010, 256.000000 ns 
	  0b0000 0000 0000 0000 0000 1000, 2.908400 us 
	  0b0000 0000 0000 0000 0000 1010, 512.000000 ns 
	  0b0000 0000 0000 0000 0000 1000, 2.908400 us 
	  0b0000 0000 0000 0000 0000 1010, 256.000000 ns 
	  0b0000 0000 0000 0000 0000 1001, 0.000002 s, LOOP, 125 
	  0b0000 0000 0000 0000 0000 1000, 0.000002 s, END_LOOP 
	  0b0000 0000 0000 0000 0000 1000, 500.000000 us 
	  0b0000 0000 0000 0000 0000 1010, 256.000000 ns 
	  0b0000 0000 0000 0000 0000 1000, 2.941600 us 
	  0b0000 0000 0000 0000 0000 1010, 512.000000 ns 
	  0b0000 0000 0000 0000 0000 1000, 2.941600 us 
	  0b0000 0000 0000 0000 0000 1010, 256.000000 ns 
	  0b0000 0000 0000 0000 0000 1001, 0.000002 s, LOOP, 125 
	  0b0000 0000 0000 0000 0000 1000, 0.000002 s, END_LOOP 
	  0b0000 0000 0000 0000 0000 1000, 500.000000 us 
	  0b0000 0000 0000 0000 0000 1010, 256.000000 ns 
	  0b0000 0000 0000 0000 0000 1000, 2.974800 us 
	  0b0000 0000 0000 0000 0000 1010, 512.000000 ns 
	  0b0000 0000 0000 0000 0000 1000, 2.974800 us 
	  0b0000 0000 0000 0000 0000 1010, 256.000000 ns 
	  0b0000 0000 0000 0000 0000 1001, 0.000002 s, LOOP, 125 
	  0b0000 0000 0000 0000 0000 1000, 0.000002 s, END_LOOP 
	  0b0000 0000 0000 0000 0000 1000, 500.000000 us 
	  0b0000 0000 0000 0000 0000 1010, 256.000000 ns 
	  0b0000 0000 0000 0000 0000 1000, 3.008000 us 
	  0b0000 0000 0000 0000 0000 1010, 512.000000 ns 
	  0b0000 0000 0000 0000 0000 1000, 3.008000 us 
	  0b0000 0000 0000 0000 0000 1010, 256.000000 ns 
	  0b0000 0000 0000 0000 0000 1001, 0.000002 s, LOOP, 125 
	  0b0000 0000 0000 0000 0000 1000, 0.000002 s, END_LOOP 
	  0b0000 0000 0000 0000 0000 1000, 500.000000 us 
	  0b0000 0000 0000 0000 0000 1010, 256.000000 ns 
	  0b0000 0000 0000 0000 0000 1000, 3.041200 us 
	  0b0000 0000 0000 0000 0000 1010, 512.000000 ns 
	  0b0000 0000 0000 0000 0000 1000, 3.041200 us 
	  0b0000 0000 0000 0000 0000 1010, 256.000000 ns 
	  0b0000 0000 0000 0000 0000 1001, 0.000002 s, LOOP, 125 
	  0b0000 0000 0000 0000 0000 1000, 0.000002 s, END_LOOP 
	  0b0000 0000 0000 0000 0000 1000, 500.000000 us 
	  0b0000 0000 0000 0000 0000 1010, 256.000000 ns 
	  0b0000 0000 0000 0000 0000 1000, 3.074400 us 
	  0b0000 0000 0000 0000 0000 1010, 512.000000 ns 
	  0b0000 0000 0000 0000 0000 1000, 3.074400 us 
	  0b0000 0000 0000 0000 0000 1010, 256.000000 ns 
	  0b0000 0000 0000 0000 0000 1001, 0.000002 s, LOOP, 125 
	  0b0000 0000 0000 0000 0000 1000, 0.000002 s, END_LOOP 
	  0b0000 0000 0000 0000 0000 1000, 500.000000 us 
	  0b0000 0000 0000 0000 0000 1010, 256.000000 ns 
	  0b0000 0000 0000 0000 0000 1000, 3.107600 us 
	  0b0000 0000 0000 0000 0000 1010, 512.000000 ns 
	  0b0000 0000 0000 0000 0000 1000, 3.107600 us 
	  0b0000 0000 0000 0000 0000 1010, 256.000000 ns 
	  0b0000 0000 0000 0000 0000 1001, 0.000002 s, LOOP, 125 
	  0b0000 0000 0000 0000 0000 1000, 0.000002 s, END_LOOP 
	  0b0000 0000 0000 0000 0000 1000, 500.000000 us 
	  0b0000 0000 0000 0000 0000 1010, 256.000000 ns 
	  0b0000 0000 0000 0000 0000 1000, 3.140800 us 
	  0b0000 0000 0000 0000 0000 1010, 512.000000 ns 
	  0b0000 0000 0000 0000 0000 1000, 3.140800 us 
	  0b0000 0000 0000 0000 0000 1010, 256.000000 ns 
	  0b0000 0000 0000 0000 0000 1001, 0.000002 s, LOOP, 125 
	  0b0000 0000 0000 0000 0000 1000, 0.000002 s, END_LOOP 
	  0b0000 0000 0000 0000 0000 1000, 500.000000 us 
	  0b0000 0000 0000 0000 0000 1010, 256.000000 ns 
	  0b0000 0000 0000 0000 0000 1000, 3.174000 us 
	  0b0000 0000 0000 0000 0000 1010, 512.000000 ns 
	  0b0000 0000 0000 0000 0000 1000, 3.174000 us 
	  0b0000 0000 0000 0000 0000 1010, 256.000000 ns 
	  0b0000 0000 0000 0000 0000 1001, 0.000002 s, LOOP, 125 
	  0b0000 0000 0000 0000 0000 1000, 0.000002 s, END_LOOP 
	  0b0000 0000 0000 0000 0000 1000, 500.000000 us 
	  0b0000 0000 0000 0000 0000 1010, 256.000000 ns 
	  0b0000 0000 0000 0000 0000 1000, 3.207200 us 
	  0b0000 0000 0000 0000 0000 1010, 512.000000 ns 
	  0b0000 0000 0000 0000 0000 1000, 3.207200 us 
	  0b0000 0000 0000 0000 0000 1010, 256.000000 ns 
	  0b0000 0000 0000 0000 0000 1001, 0.000002 s, LOOP, 125 
	  0b0000 0000 0000 0000 0000 1000, 0.000002 s, END_LOOP 
	  0b0000 0000 0000 0000 0000 1000, 500.000000 us 
	  0b0000 0000 0000 0000 0000 1010, 256.000000 ns 
	  0b0000 0000 0000 0000 0000 1000, 3.240400 us 
	  0b0000 0000 0000 0000 0000 1010, 512.000000 ns 
	  0b0000 0000 0000 0000 0000 1000, 3.240400 us 
	  0b0000 0000 0000 0000 0000 1010, 256.000000 ns 
	  0b0000 0000 0000 0000 0000 1001, 0.000002 s, LOOP, 125 
	  0b0000 0000 0000 0000 0000 1000, 0.000002 s, END_LOOP 
	  0b0000 0000 0000 0000 0000 1000, 500.000000 us 
	  0b0000 0000 0000 0000 0000 1010, 256.000000 ns 
	  0b0000 0000 0000 0000 0000 1000, 3.273600 us 
	  0b0000 0000 0000 0000 0000 1010, 512.000000 ns 
	  0b0000 0000 0000 0000 0000 1000, 3.273600 us 
	  0b0000 0000 0000 0000 0000 1010, 256.000000 ns 
	  0b0000 0000 0000 0000 0000 1001, 0.000002 s, LOOP, 125 
	  0b0000 0000 0000 0000 0000 1000, 0.000002 s, END_LOOP 
	  0b0000 0000 0000 0000 0000 1000, 500.000000 us 
	  0b0000 0000 0000 0000 0000 1010, 256.000000 ns 
	  0b0000 0000 0000 0000 0000 1000, 3.306800 us 
	  0b0000 0000 0000 0000 0000 1010, 512.000000 ns 
	  0b0000 0000 0000 0000 0000 1000, 3.306800 us 
	  0b0000 0000 0000 0000 0000 1010, 256.000000 ns 
	  0b0000 0000 0000 0000 0000 1001, 0.000002 s, LOOP, 125 
	  0b0000 0000 0000 0000 0000 1000, 0.000002 s, END_LOOP 
	  0b0000 0000 0000 0000 0000 1000, 500.000000 us 
	  0b0000 0000 0000 0000 0000 1010, 256.000000 ns 
	  0b0000 0000 0000 0000 0000 1000, 3.340000 us 
	  0b0000 0000 0000 0000 0000 1010, 512.000000 ns 
	  0b0000 0000 0000 0000 0000 1000, 3.340000 us 
	  0b0000 0000 0000 0000 0000 1010, 256.000000 ns 
	  0b0000 0000 0000 0000 0000 1001, 0.000002 s, LOOP, 125 
	  0b0000 0000 0000 0000 0000 1000, 0.000002 s, END_LOOP 
	  0b0000 0000 0000 0000 0000 1000, 500.000000 us 
	  0b0000 0000 0000 0000 0000 1010, 256.000000 ns 
	  0b0000 0000 0000 0000 0000 1000, 3.373200 us 
	  0b0000 0000 0000 0000 0000 1010, 512.000000 ns 
	  0b0000 0000 0000 0000 0000 1000, 3.373200 us 
	  0b0000 0000 0000 0000 0000 1010, 256.000000 ns 
	  0b0000 0000 0000 0000 0000 1001, 0.000002 s, LOOP, 125 
	  0b0000 0000 0000 0000 0000 1000, 0.000002 s, END_LOOP 
	  0b0000 0000 0000 0000 0000 1000, 500.000000 us 
	  0b0000 0000 0000 0000 0000 1010, 256.000000 ns 
	  0b0000 0000 0000 0000 0000 1000, 3.406400 us 
	  0b0000 0000 0000 0000 0000 1010, 512.000000 ns 
	  0b0000 0000 0000 0000 0000 1000, 3.406400 us 
	  0b0000 0000 0000 0000 0000 1010, 256.000000 ns 
	  0b0000 0000 0000 0000 0000 1001, 0.000002 s, LOOP, 125 
	  0b0000 0000 0000 0000 0000 1000, 0.000002 s, END_LOOP 
	  0b0000 0000 0000 0000 0000 1000, 500.000000 us 
	  0b0000 0000 0000 0000 0000 1010, 256.000000 ns 
	  0b0000 0000 0000 0000 0000 1000, 3.439600 us 
	  0b0000 0000 0000 0000 0000 1010, 512.000000 ns 
	  0b0000 0000 0000 0000 0000 1000, 3.439600 us 
	  0b0000 0000 0000 0000 0000 1010, 256.000000 ns 
	  0b0000 0000 0000 0000 0000 1001, 0.000002 s, LOOP, 125 
	  0b0000 0000 0000 0000 0000 1000, 0.000002 s, END_LOOP 
	  0b0000 0000 0000 0000 0000 1000, 500.000000 us 
	  0b0000 0000 0000 0000 0000 1010, 256.000000 ns 
	  0b0000 0000 0000 0000 0000 1000, 3.472800 us 
	  0b0000 0000 0000 0000 0000 1010, 512.000000 ns 
	  0b0000 0000 0000 0000 0000 1000, 3.472800 us 
	  0b0000 0000 0000 0000 0000 1010, 256.000000 ns 
	  0b0000 0000 0000 0000 0000 1001, 0.000002 s, LOOP, 125 
	  0b0000 0000 0000 0000 0000 1000, 0.000002 s, END_LOOP 
	  0b0000 0000 0000 0000 0000 1000, 500.000000 us 
	  0b0000 0000 0000 0000 0000 1010, 256.000000 ns 
	  0b0000 0000 0000 0000 0000 1000, 3.506000 us 
	  0b0000 0000 0000 0000 0000 1010, 512.000000 ns 
	  0b0000 0000 0000 0000 0000 1000, 3.506000 us 
	  0b0000 0000 0000 0000 0000 1010, 256.000000 ns 
	  0b0000 0000 0000 0000 0000 1001, 0.000002 s, LOOP, 125 
	  0b0000 0000 0000 0000 0000 1000, 0.000002 s, END_LOOP 
	  0b0000 0000 0000 0000 0000 1000, 500.000000 us 
	  0b0000 0000 0000 0000 0000 1010, 256.000000 ns 
	  0b0000 0000 0000 0000 0000 1000, 3.539200 us 
	  0b0000 0000 0000 0000 0000 1010, 512.000000 ns 
	  0b0000 0000 0000 0000 0000 1000, 3.539200 us 
	  0b0000 0000 0000 0000 0000 1010, 256.000000 ns 
	  0b0000 0000 0000 0000 0000 1001, 0.000002 s, LOOP, 125 
	  0b0000 0000 0000 0000 0000 1000, 0.000002 s, END_LOOP 
	  0b0000 0000 0000 0000 0000 1000, 500.000000 us 
	  0b0000 0000 0000 0000 0000 1010, 256.000000 ns 
	  0b0000 0000 0000 0000 0000 1000, 3.572400 us 
	  0b0000 0000 0000 0000 0000 1010, 512.000000 ns 
	  0b0000 0000 0000 0000 0000 1000, 3.572400 us 
	  0b0000 0000 0000 0000 0000 1010, 256.000000 ns 
	  0b0000 0000 0000 0000 0000 1001, 0.000002 s, LOOP, 125 
	  0b0000 0000 0000 0000 0000 1000, 0.000002 s, END_LOOP 
	  0b0000 0000 0000 0000 0000 1000, 500.000000 us 
	  0b0000 0000 0000 0000 0000 1010, 256.000000 ns 
	  0b0000 0000 0000 0000 0000 1000, 3.605600 us 
	  0b0000 0000 0000 0000 0000 1010, 512.000000 ns 
	  0b0000 0000 0000 0000 0000 1000, 3.605600 us 
	  0b0000 0000 0000 0000 0000 1010, 256.000000 ns 
	  0b0000 0000 0000 0000 0000 1001, 0.000002 s, LOOP, 125 
	  0b0000 0000 0000 0000 0000 1000, 0.000002 s, END_LOOP 
	  0b0000 0000 0000 0000 0000 1000, 500.000000 us 
	  0b0000 0000 0000 0000 0000 1010, 256.000000 ns 
	  0b0000 0000 0000 0000 0000 1000, 3.638800 us 
	  0b0000 0000 0000 0000 0000 1010, 512.000000 ns 
	  0b0000 0000 0000 0000 0000 1000, 3.638800 us 
	  0b0000 0000 0000 0000 0000 1010, 256.000000 ns 
	  0b0000 0000 0000 0000 0000 1001, 0.000002 s, LOOP, 125 
	  0b0000 0000 0000 0000 0000 1000, 0.000002 s, END_LOOP 
	  0b0000 0000 0000 0000 0000 1000, 500.000000 us 
	  0b0000 0000 0000 0000 0000 1010, 256.000000 ns 
	  0b0000 0000 0000 0000 0000 1000, 3.672000 us 
	  0b0000 0000 0000 0000 0000 1010, 512.000000 ns 
	  0b0000 0000 0000 0000 0000 1000, 3.672000 us 
	  0b0000 0000 0000 0000 0000 1010, 256.000000 ns 
	  0b0000 0000 0000 0000 0000 1001, 0.000002 s, LOOP, 125 
	  0b0000 0000 0000 0000 0000 1000, 0.000002 s, END_LOOP 
	  0b0000 0000 0000 0000 0000 1000, 500.000000 us 
	  0b0000 0000 0000 0000 0000 1010, 256.000000 ns 
	  0b0000 0000 0000 0000 0000 1000, 3.705200 us 
	  0b0000 0000 0000 0000 0000 1010, 512.000000 ns 
	  0b0000 0000 0000 0000 0000 1000, 3.705200 us 
	  0b0000 0000 0000 0000 0000 1010, 256.000000 ns 
	  0b0000 0000 0000 0000 0000 1001, 0.000002 s, LOOP, 125 
	  0b0000 0000 0000 0000 0000 1000, 0.000002 s, END_LOOP 
	  0b0000 0000 0000 0000 0000 1000, 500.000000 us 
	  0b0000 0000 0000 0000 0000 1010, 256.000000 ns 
	  0b0000 0000 0000 0000 0000 1000, 3.738400 us 
	  0b0000 0000 0000 0000 0000 1010, 512.000000 ns 
	  0b0000 0000 0000 0000 0000 1000, 3.738400 us 
	  0b0000 0000 0000 0000 0000 1010, 256.000000 ns 
	  0b0000 0000 0000 0000 0000 1001, 0.000002 s, LOOP, 125 
	  0b0000 0000 0000 0000 0000 1000, 0.000002 s, END_LOOP 
	  0b0000 0000 0000 0000 0000 1000, 500.000000 us 
	  0b0000 0000 0000 0000 0000 1010, 256.000000 ns 
	  0b0000 0000 0000 0000 0000 1000, 3.771600 us 
	  0b0000 0000 0000 0000 0000 1010, 512.000000 ns 
	  0b0000 0000 0000 0000 0000 1000, 3.771600 us 
	  0b0000 0000 0000 0000 0000 1010, 256.000000 ns 
	  0b0000 0000 0000 0000 0000 1001, 0.000002 s, LOOP, 125 
	  0b0000 0000 0000 0000 0000 1000, 0.000002 s, END_LOOP 
	  0b0000 0000 0000 0000 0000 1000, 500.000000 us 
	  0b0000 0000 0000 0000 0000 1010, 256.000000 ns 
	  0b0000 0000 0000 0000 0000 1000, 3.804800 us 
	  0b0000 0000 0000 0000 0000 1010, 512.000000 ns 
	  0b0000 0000 0000 0000 0000 1000, 3.804800 us 
	  0b0000 0000 0000 0000 0000 1010, 256.000000 ns 
	  0b0000 0000 0000 0000 0000 1001, 0.000002 s, LOOP, 125 
	  0b0000 0000 0000 0000 0000 1000, 0.000002 s, END_LOOP 
	  0b0000 0000 0000 0000 0000 1000, 500.000000 us 
	  0b0000 0000 0000 0000 0000 1010, 256.000000 ns 
	  0b0000 0000 0000 0000 0000 1000, 3.838000 us 
	  0b0000 0000 0000 0000 0000 1010, 512.000000 ns 
	  0b0000 0000 0000 0000 0000 1000, 3.838000 us 
	  0b0000 0000 0000 0000 0000 1010, 256.000000 ns 
	  0b0000 0000 0000 0000 0000 1001, 0.000002 s, LOOP, 125 
	  0b0000 0000 0000 0000 0000 1000, 0.000002 s, END_LOOP 
	  0b0000 0000 0000 0000 0000 1000, 500.000000 us 
	  0b0000 0000 0000 0000 0000 1010, 256.000000 ns 
	  0b0000 0000 0000 0000 0000 1000, 3.871200 us 
	  0b0000 0000 0000 0000 0000 1010, 512.000000 ns 
	  0b0000 0000 0000 0000 0000 1000, 3.871200 us 
	  0b0000 0000 0000 0000 0000 1010, 256.000000 ns 
	  0b0000 0000 0000 0000 0000 1001, 0.000002 s, LOOP, 125 
	  0b0000 0000 0000 0000 0000 1000, 0.000002 s, END_LOOP 
	  0b0000 0000 0000 0000 0000 1000, 500.000000 us 
	  0b0000 0000 0000 0000 0000 1010, 256.000000 ns 
	  0b0000 0000 0000 0000 0000 1000, 3.904400 us 
	  0b0000 0000 0000 0000 0000 1010, 512.000000 ns 
	  0b0000 0000 0000 0000 0000 1000, 3.904400 us 
	  0b0000 0000 0000 0000 0000 1010, 256.000000 ns 
	  0b0000 0000 0000 0000 0000 1001, 0.000002 s, LOOP, 125 
	  0b0000 0000 0000 0000 0000 1000, 0.000002 s, END_LOOP 
	  0b0000 0000 0000 0000 0000 1000, 500.000000 us 
	  0b0000 0000 0000 0000 0000 1010, 256.000000 ns 
	  0b0000 0000 0000 0000 0000 1000, 3.937600 us 
	  0b0000 0000 0000 0000 0000 1010, 512.000000 ns 
	  0b0000 0000 0000 0000 0000 1000, 3.937600 us 
	  0b0000 0000 0000 0000 0000 1010, 256.000000 ns 
	  0b0000 0000 0000 0000 0000 1001, 0.000002 s, LOOP, 125 
	  0b0000 0000 0000 0000 0000 1000, 0.000002 s, END_LOOP 
	  0b0000 0000 0000 0000 0000 1000, 500.000000 us 
	  0b0000 0000 0000 0000 0000 1010, 256.000000 ns 
	  0b0000 0000 0000 0000 0000 1000, 3.970800 us 
	  0b0000 0000 0000 0000 0000 1010, 512.000000 ns 
	  0b0000 0000 0000 0000 0000 1000, 3.970800 us 
	  0b0000 0000 0000 0000 0000 1010, 256.000000 ns 
	  0b0000 0000 0000 0000 0000 1001, 0.000002 s, LOOP, 125 
	  0b0000 0000 0000 0000 0000 1000, 0.000002 s, END_LOOP 
	  0b0000 0000 0000 0000 0000 1000, 500.000000 us 
	  0b0000 0000 0000 0000 0000 1010, 256.000000 ns 
	  0b0000 0000 0000 0000 0000 1000, 4.004000 us 
	  0b0000 0000 0000 0000 0000 1010, 512.000000 ns 
	  0b0000 0000 0000 0000 0000 1000, 4.004000 us 
	  0b0000 0000 0000 0000 0000 1010, 256.000000 ns 
	  0b0000 0000 0000 0000 0000 1001, 0.000002 s, LOOP, 125 
	  0b0000 0000 0000 0000 0000 1000, 0.000002 s, END_LOOP 
	  0b0000 0000 0000 0000 0000 1000, 500.000000 us 
	  0b0000 0000 0000 0000 0000 1010, 256.000000 ns 
	  0b0000 0000 0000 0000 0000 1000, 4.037200 us 
	  0b0000 0000 0000 0000 0000 1010, 512.000000 ns 
	  0b0000 0000 0000 0000 0000 1000, 4.037200 us 
	  0b0000 0000 0000 0000 0000 1010, 256.000000 ns 
	  0b0000 0000 0000 0000 0000 1001, 0.000002 s, LOOP, 125 
	  0b0000 0000 0000 0000 0000 1000, 0.000002 s, END_LOOP 
	  0b0000 0000 0000 0000 0000 1000, 500.000000 us 
	  0b0000 0000 0000 0000 0000 1010, 256.000000 ns 
	  0b0000 0000 0000 0000 0000 1000, 4.070400 us 
	  0b0000 0000 0000 0000 0000 1010, 512.000000 ns 
	  0b0000 0000 0000 0000 0000 1000, 4.070400 us 
	  0b0000 0000 0000 0000 0000 1010, 256.000000 ns 
	  0b0000 0000 0000 0000 0000 1001, 0.000002 s, LOOP, 125 
	  0b0000 0000 0000 0000 0000 1000, 0.000002 s, END_LOOP 
	  0b0000 0000 0000 0000 0000 1000, 500.000000 us 
	  0b0000 0000 0000 0000 0000 1010, 256.000000 ns 
	  0b0000 0000 0000 0000 0000 1000, 4.103600 us 
	  0b0000 0000 0000 0000 0000 1010, 512.000000 ns 
	  0b0000 0000 0000 0000 0000 1000, 4.103600 us 
	  0b0000 0000 0000 0000 0000 1010, 256.000000 ns 
	  0b0000 0000 0000 0000 0000 1001, 0.000002 s, LOOP, 125 
	  0b0000 0000 0000 0000 0000 1000, 0.000002 s, END_LOOP 
	  0b0000 0000 0000 0000 0000 1000, 500.000000 us 
	  0b0000 0000 0000 0000 0000 1010, 256.000000 ns 
	  0b0000 0000 0000 0000 0000 1000, 4.136800 us 
	  0b0000 0000 0000 0000 0000 1010, 512.000000 ns 
	  0b0000 0000 0000 0000 0000 1000, 4.136800 us 
	  0b0000 0000 0000 0000 0000 1010, 256.000000 ns 
	  0b0000 0000 0000 0000 0000 1001, 0.000002 s, LOOP, 125 
	  0b0000 0000 0000 0000 0000 1000, 0.000002 s, END_LOOP 
	  0b0000 0000 0000 0000 0000 1000, 500.000000 us 
	  0b0000 0000 0000 0000 0000 1010, 256.000000 ns 
	  0b0000 0000 0000 0000 0000 1000, 4.170000 us 
	  0b0000 0000 0000 0000 0000 1010, 512.000000 ns 
	  0b0000 0000 0000 0000 0000 1000, 4.170000 us 
	  0b0000 0000 0000 0000 0000 1010, 256.000000 ns 
	  0b0000 0000 0000 0000 0000 1001, 0.000002 s, LOOP, 125 
	  0b0000 0000 0000 0000 0000 1000, 0.000002 s, END_LOOP 
	  0b0000 0000 0000 0000 0000 1000, 500.000000 us 
	  0b0000 0000 0000 0000 0000 1010, 256.000000 ns 
	  0b0000 0000 0000 0000 0000 1000, 4.203200 us 
	  0b0000 0000 0000 0000 0000 1010, 512.000000 ns 
	  0b0000 0000 0000 0000 0000 1000, 4.203200 us 
	  0b0000 0000 0000 0000 0000 1010, 256.000000 ns 
	  0b0000 0000 0000 0000 0000 1001, 0.000002 s, LOOP, 125 
	  0b0000 0000 0000 0000 0000 1000, 0.000002 s, END_LOOP 
	  0b0000 0000 0000 0000 0000 1000, 500.000000 us 
	  0b0000 0000 0000 0000 0000 1010, 256.000000 ns 
	  0b0000 0000 0000 0000 0000 1000, 4.236400 us 
	  0b0000 0000 0000 0000 0000 1010, 512.000000 ns 
	  0b0000 0000 0000 0000 0000 1000, 4.236400 us 
	  0b0000 0000 0000 0000 0000 1010, 256.000000 ns 
	  0b0000 0000 0000 0000 0000 1001, 0.000002 s, LOOP, 125 
	  0b0000 0000 0000 0000 0000 1000, 0.000002 s, END_LOOP 
	  0b0000 0000 0000 0000 0000 1000, 500.000000 us 
	  0b0000 0000 0000 0000 0000 1010, 256.000000 ns 
	  0b0000 0000 0000 0000 0000 1000, 4.269600 us 
	  0b0000 0000 0000 0000 0000 1010, 512.000000 ns 
	  0b0000 0000 0000 0000 0000 1000, 4.269600 us 
	  0b0000 0000 0000 0000 0000 1010, 256.000000 ns 
	  0b0000 0000 0000 0000 0000 1001, 0.000002 s, LOOP, 125 
	  0b0000 0000 0000 0000 0000 1000, 0.000002 s, END_LOOP 
	  0b0000 0000 0000 0000 0000 1000, 500.000000 us 
	  0b0000 0000 0000 0000 0000 1010, 256.000000 ns 
	  0b0000 0000 0000 0000 0000 1000, 4.302800 us 
	  0b0000 0000 0000 0000 0000 1010, 512.000000 ns 
	  0b0000 0000 0000 0000 0000 1000, 4.302800 us 
	  0b0000 0000 0000 0000 0000 1010, 256.000000 ns 
	  0b0000 0000 0000 0000 0000 1001, 0.000002 s, LOOP, 125 
	  0b0000 0000 0000 0000 0000 1000, 0.000002 s, END_LOOP 
	  0b0000 0000 0000 0000 0000 1000, 500.000000 us 
	  0b0000 0000 0000 0000 0000 1010, 256.000000 ns 
	  0b0000 0000 0000 0000 0000 1000, 4.336000 us 
	  0b0000 0000 0000 0000 0000 1010, 512.000000 ns 
	  0b0000 0000 0000 0000 0000 1000, 4.336000 us 
	  0b0000 0000 0000 0000 0000 1010, 256.000000 ns 
	  0b0000 0000 0000 0000 0000 1001, 0.000002 s, LOOP, 125 
	  0b0000 0000 0000 0000 0000 1000, 0.000002 s, END_LOOP 
	  0b0000 0000 0000 0000 0000 1000, 500.000000 us 
	  0b0000 0000 0000 0000 0000 1010, 256.000000 ns 
	  0b0000 0000 0000 0000 0000 1000, 4.369200 us 
	  0b0000 0000 0000 0000 0000 1010, 512.000000 ns 
	  0b0000 0000 0000 0000 0000 1000, 4.369200 us 
	  0b0000 0000 0000 0000 0000 1010, 256.000000 ns 
	  0b0000 0000 0000 0000 0000 1001, 0.000002 s, LOOP, 125 
	  0b0000 0000 0000 0000 0000 1000, 0.000002 s, END_LOOP 
	  0b0000 0000 0000 0000 0000 1000, 500.000000 us 
	  0b0000 0000 0000 0000 0000 1010, 256.000000 ns 
	  0b0000 0000 0000 0000 0000 1000, 4.402400 us 
	  0b0000 0000 0000 0000 0000 1010, 512.000000 ns 
	  0b0000 0000 0000 0000 0000 1000, 4.402400 us 
	  0b0000 0000 0000 0000 0000 1010, 256.000000 ns 
	  0b0000 0000 0000 0000 0000 1001, 0.000002 s, LOOP, 125 
	  0b0000 0000 0000 0000 0000 1000, 0.000002 s, END_LOOP 
	  0b0000 0000 0000 0000 0000 1000, 500.000000 us 
	  0b0000 0000 0000 0000 0000 1010, 256.000000 ns 
	  0b0000 0000 0000 0000 0000 1000, 4.435600 us 
	  0b0000 0000 0000 0000 0000 1010, 512.000000 ns 
	  0b0000 0000 0000 0000 0000 1000, 4.435600 us 
	  0b0000 0000 0000 0000 0000 1010, 256.000000 ns 
	  0b0000 0000 0000 0000 0000 1001, 0.000002 s, LOOP, 125 
	  0b0000 0000 0000 0000 0000 1000, 0.000002 s, END_LOOP 
	  0b0000 0000 0000 0000 0000 1000, 500.000000 us 
	  0b0000 0000 0000 0000 0000 1010, 256.000000 ns 
	  0b0000 0000 0000 0000 0000 1000, 4.468800 us 
	  0b0000 0000 0000 0000 0000 1010, 512.000000 ns 
	  0b0000 0000 0000 0000 0000 1000, 4.468800 us 
	  0b0000 0000 0000 0000 0000 1010, 256.000000 ns 
	  0b0000 0000 0000 0000 0000 1001, 0.000002 s, LOOP, 125 
	  0b0000 0000 0000 0000 0000 1000, 0.000002 s, END_LOOP 
	  0b0000 0000 0000 0000 0000 1000, 500.000000 us 
	  0b0000 0000 0000 0000 0000 1010, 256.000000 ns 
	  0b0000 0000 0000 0000 0000 1000, 4.502000 us 
	  0b0000 0000 0000 0000 0000 1010, 512.000000 ns 
	  0b0000 0000 0000 0000 0000 1000, 4.502000 us 
	  0b0000 0000 0000 0000 0000 1010, 256.000000 ns 
	  0b0000 0000 0000 0000 0000 1001, 0.000002 s, LOOP, 125 
	  0b0000 0000 0000 0000 0000 1000, 0.000002 s, END_LOOP 
	  0b0000 0000 0000 0000 0000 1000, 500.000000 us 
	  0b0000 0000 0000 0000 0000 1010, 256.000000 ns 
	  0b0000 0000 0000 0000 0000 1000, 4.535200 us 
	  0b0000 0000 0000 0000 0000 1010, 512.000000 ns 
	  0b0000 0000 0000 0000 0000 1000, 4.535200 us 
	  0b0000 0000 0000 0000 0000 1010, 256.000000 ns 
	  0b0000 0000 0000 0000 0000 1001, 0.000002 s, LOOP, 125 
	  0b0000 0000 0000 0000 0000 1000, 0.000002 s, END_LOOP 
	  0b0000 0000 0000 0000 0000 1000, 500.000000 us 
	  0b0000 0000 0000 0000 0000 1010, 256.000000 ns 
	  0b0000 0000 0000 0000 0000 1000, 4.568400 us 
	  0b0000 0000 0000 0000 0000 1010, 512.000000 ns 
	  0b0000 0000 0000 0000 0000 1000, 4.568400 us 
	  0b0000 0000 0000 0000 0000 1010, 256.000000 ns 
	  0b0000 0000 0000 0000 0000 1001, 0.000002 s, LOOP, 125 
	  0b0000 0000 0000 0000 0000 1000, 0.000002 s, END_LOOP 
	  0b0000 0000 0000 0000 0000 1000, 500.000000 us 
	  0b0000 0000 0000 0000 0000 1010, 256.000000 ns 
	  0b0000 0000 0000 0000 0000 1000, 4.601600 us 
	  0b0000 0000 0000 0000 0000 1010, 512.000000 ns 
	  0b0000 0000 0000 0000 0000 1000, 4.601600 us 
	  0b0000 0000 0000 0000 0000 1010, 256.000000 ns 
	  0b0000 0000 0000 0000 0000 1001, 0.000002 s, LOOP, 125 
	  0b0000 0000 0000 0000 0000 1000, 0.000002 s, END_LOOP 
	  0b0000 0000 0000 0000 0000 1000, 500.000000 us 
	  0b0000 0000 0000 0000 0000 1010, 256.000000 ns 
	  0b0000 0000 0000 0000 0000 1000, 4.634800 us 
	  0b0000 0000 0000 0000 0000 1010, 512.000000 ns 
	  0b0000 0000 0000 0000 0000 1000, 4.634800 us 
	  0b0000 0000 0000 0000 0000 1010, 256.000000 ns 
	  0b0000 0000 0000 0000 0000 1001, 0.000002 s, LOOP, 125 
	  0b0000 0000 0000 0000 0000 1000, 0.000002 s, END_LOOP 
	  0b0000 0000 0000 0000 0000 1000, 500.000000 us 
	  0b0000 0000 0000 0000 0000 1010, 256.000000 ns 
	  0b0000 0000 0000 0000 0000 1000, 4.668000 us 
	  0b0000 0000 0000 0000 0000 1010, 512.000000 ns 
	  0b0000 0000 0000 0000 0000 1000, 4.668000 us 
	  0b0000 0000 0000 0000 0000 1010, 256.000000 ns 
	  0b0000 0000 0000 0000 0000 1001, 0.000002 s, LOOP, 125 
	  0b0000 0000 0000 0000 0000 1000, 0.000002 s, END_LOOP 
	  0b0000 0000 0000 0000 0000 1000, 500.000000 us 
	  0b0000 0000 0000 0000 0000 1010, 256.000000 ns 
	  0b0000 0000 0000 0000 0000 1000, 4.701200 us 
	  0b0000 0000 0000 0000 0000 1010, 512.000000 ns 
	  0b0000 0000 0000 0000 0000 1000, 4.701200 us 
	  0b0000 0000 0000 0000 0000 1010, 256.000000 ns 
	  0b0000 0000 0000 0000 0000 1001, 0.000002 s, LOOP, 125 
	  0b0000 0000 0000 0000 0000 1000, 0.000002 s, END_LOOP 
	  0b0000 0000 0000 0000 0000 1000, 500.000000 us 
	  0b0000 0000 0000 0000 0000 1010, 256.000000 ns 
	  0b0000 0000 0000 0000 0000 1000, 4.734400 us 
	  0b0000 0000 0000 0000 0000 1010, 512.000000 ns 
	  0b0000 0000 0000 0000 0000 1000, 4.734400 us 
	  0b0000 0000 0000 0000 0000 1010, 256.000000 ns 
	  0b0000 0000 0000 0000 0000 1001, 0.000002 s, LOOP, 125 
	  0b0000 0000 0000 0000 0000 1000, 0.000002 s, END_LOOP 
	  0b0000 0000 0000 0000 0000 1000, 500.000000 us 
	  0b0000 0000 0000 0000 0000 1010, 256.000000 ns 
	  0b0000 0000 0000 0000 0000 1000, 4.767600 us 
	  0b0000 0000 0000 0000 0000 1010, 512.000000 ns 
	  0b0000 0000 0000 0000 0000 1000, 4.767600 us 
	  0b0000 0000 0000 0000 0000 1010, 256.000000 ns 
	  0b0000 0000 0000 0000 0000 1001, 0.000002 s, LOOP, 125 
	  0b0000 0000 0000 0000 0000 1000, 0.000002 s, END_LOOP 
	  0b0000 0000 0000 0000 0000 1000, 500.000000 us 
	  0b0000 0000 0000 0000 0000 1010, 256.000000 ns 
	  0b0000 0000 0000 0000 0000 1000, 4.800800 us 
	  0b0000 0000 0000 0000 0000 1010, 512.000000 ns 
	  0b0000 0000 0000 0000 0000 1000, 4.800800 us 
	  0b0000 0000 0000 0000 0000 1010, 256.000000 ns 
	  0b0000 0000 0000 0000 0000 1001, 0.000002 s, LOOP, 125 
	  0b0000 0000 0000 0000 0000 1000, 0.000002 s, END_LOOP 
	  0b0000 0000 0000 0000 0000 1000, 500.000000 us 
	  0b0000 0000 0000 0000 0000 1010, 256.000000 ns 
	  0b0000 0000 0000 0000 0000 1000, 4.834000 us 
	  0b0000 0000 0000 0000 0000 1010, 512.000000 ns 
	  0b0000 0000 0000 0000 0000 1000, 4.834000 us 
	  0b0000 0000 0000 0000 0000 1010, 256.000000 ns 
	  0b0000 0000 0000 0000 0000 1001, 0.000002 s, LOOP, 125 
	  0b0000 0000 0000 0000 0000 1000, 0.000002 s, END_LOOP 
	  0b0000 0000 0000 0000 0000 1000, 500.000000 us 
	  0b0000 0000 0000 0000 0000 1010, 256.000000 ns 
	  0b0000 0000 0000 0000 0000 1000, 4.867200 us 
	  0b0000 0000 0000 0000 0000 1010, 512.000000 ns 
	  0b0000 0000 0000 0000 0000 1000, 4.867200 us 
	  0b0000 0000 0000 0000 0000 1010, 256.000000 ns 
	  0b0000 0000 0000 0000 0000 1001, 0.000002 s, LOOP, 125 
	  0b0000 0000 0000 0000 0000 1000, 0.000002 s, END_LOOP 
	  0b0000 0000 0000 0000 0000 1000, 500.000000 us 
	  0b0000 0000 0000 0000 0000 1010, 256.000000 ns 
	  0b0000 0000 0000 0000 0000 1000, 4.900400 us 
	  0b0000 0000 0000 0000 0000 1010, 512.000000 ns 
	  0b0000 0000 0000 0000 0000 1000, 4.900400 us 
	  0b0000 0000 0000 0000 0000 1010, 256.000000 ns 
	  0b0000 0000 0000 0000 0000 1001, 0.000002 s, LOOP, 125 
	  0b0000 0000 0000 0000 0000 1000, 0.000002 s, END_LOOP 
	  0b0000 0000 0000 0000 0000 1000, 500.000000 us 
	  0b0000 0000 0000 0000 0000 1010, 256.000000 ns 
	  0b0000 0000 0000 0000 0000 1000, 4.933600 us 
	  0b0000 0000 0000 0000 0000 1010, 512.000000 ns 
	  0b0000 0000 0000 0000 0000 1000, 4.933600 us 
	  0b0000 0000 0000 0000 0000 1010, 256.000000 ns 
	  0b0000 0000 0000 0000 0000 1001, 0.000002 s, LOOP, 125 
	  0b0000 0000 0000 0000 0000 1000, 0.000002 s, END_LOOP 
	  0b0000 0000 0000 0000 0000 1000, 500.000000 us 
	  0b0000 0000 0000 0000 0000 1010, 256.000000 ns 
	  0b0000 0000 0000 0000 0000 1000, 4.966800 us 
	  0b0000 0000 0000 0000 0000 1010, 512.000000 ns 
	  0b0000 0000 0000 0000 0000 1000, 4.966800 us 
	  0b0000 0000 0000 0000 0000 1010, 256.000000 ns 
	  0b0000 0000 0000 0000 0000 1001, 0.000002 s, LOOP, 125 
	  0b0000 0000 0000 0000 0000 1000, 0.000002 s, END_LOOP 
	  0b0000 0000 0000 0000 0000 1000, 500.000000 us 
	  0b0000 0000 0000 0000 0000 1010, 256.000000 ns 
	  0b0000 0000 0000 0000 0000 1000, 5.000000 us 
	  0b0000 0000 0000 0000 0000 1010, 512.000000 ns 
	  0b0000 0000 0000 0000 0000 1000, 5.000000 us 
	  0b0000 0000 0000 0000 0000 1010, 256.000000 ns 
	  0b0000 0000 0000 0000 0000 1001, 0.000002 s, LOOP, 125 
	  0b0000 0000 0000 0000 0000 1000, 0.000002 s, END_LOOP 
	  0b0000 0000 0000 0000 0000 1000, 500.000000 us 
	  0b0000 0000 0000 0000 0000 1000, 20 ns, WAIT 
	  0b0000 0000 0000 0000 0000 1000, 20 ns, BRANCH, Start 
