Temps - Tracé 0	Amplitude - Tracé 0	
2.76	2.92743E+6	
2.7603	2.92678E+6	
2.7606	2.92635E+6	
2.7609	2.9258E+6	
2.7612	2.92679E+6	
2.7615	2.92671E+6	
2.7618	2.92634E+6	
2.7621	2.92831E+6	
2.7624	2.92663E+6	
2.7627	2.92693E+6	
2.763	2.92636E+6	
2.7633	2.92652E+6	
2.7636	2.92642E+6	
2.7639	2.9265E+6	
2.7642	2.92587E+6	
2.7645	2.92656E+6	
2.7648	2.92599E+6	
2.7651	2.92553E+6	
2.7654	2.92811E+6	
2.7657	2.9263E+6	
2.766	2.92681E+6	
2.7663	2.92603E+6	
2.7666	2.92566E+6	
2.7669	2.92719E+6	
2.7672	2.92657E+6	
2.7675	2.92571E+6	
2.7678	2.92725E+6	
2.7681	2.92753E+6	
2.7684	2.92515E+6	
2.7687	2.92535E+6	
2.769	2.92548E+6	
2.7693	2.92532E+6	
2.7696	2.92642E+6	
2.7699	2.92843E+6	
2.7702	2.92485E+6	
2.7705	2.92726E+6	
2.7708	2.92539E+6	
2.7711	2.92663E+6	
2.7714	2.92593E+6	
2.7717	2.92788E+6	
2.772	2.92706E+6	
2.7723	2.92693E+6	
2.7726	2.92661E+6	
2.7729	2.92748E+6	
2.7732	2.92682E+6	
2.7735	2.92711E+6	
2.7738	2.9267E+6	
2.7741	2.92594E+6	
2.7744	2.92602E+6	
2.7747	2.92576E+6	
2.775	2.92498E+6	
2.7753	2.92566E+6	
2.7756	2.92604E+6	
2.7759	2.92628E+6	
2.7762	2.92694E+6	
2.7765	2.92545E+6	
2.7768	2.9267E+6	
2.7771	2.92646E+6	
2.7774	2.92664E+6	
2.7777	2.92495E+6	
2.778	2.92498E+6	
2.7783	2.92582E+6	
2.7786	2.9251E+6	
2.7789	2.92569E+6	
2.7792	2.927E+6	
2.7795	2.9262E+6	
2.7798	2.92618E+6	
2.7801	2.92565E+6	
2.7804	2.92621E+6	
2.7807	2.92697E+6	
2.781	2.92651E+6	
2.7813	2.92545E+6	
2.7816	2.92584E+6	
2.7819	2.92518E+6	
2.7822	2.92489E+6	
2.7825	2.92569E+6	
2.7828	2.92385E+6	
2.7831	2.92622E+6	
2.7834	2.92455E+6	
2.7837	2.9259E+6	
2.784	2.92325E+6	
2.7843	2.92392E+6	
2.7846	2.92566E+6	
2.7849	2.92432E+6	
2.7852	2.92266E+6	
2.7855	2.92305E+6	
2.7858	2.92284E+6	
2.7861	2.92221E+6	
2.7864	2.92219E+6	
2.7867	2.92155E+6	
2.787	2.92072E+6	
2.7873	2.9212E+6	
2.7876	2.92061E+6	
2.7879	2.9207E+6	
2.7882	2.91971E+6	
2.7885	2.92021E+6	
2.7888	2.91913E+6	
2.7891	2.91762E+6	
2.7894	2.91947E+6	
2.7897	2.91835E+6	
2.79	2.91743E+6	
2.7903	2.91757E+6	
2.7906	2.91724E+6	
2.7909	2.91646E+6	
2.7912	2.91687E+6	
2.7915	2.91668E+6	
2.7918	2.91689E+6	
2.7921	2.91584E+6	
2.7924	2.9163E+6	
2.7927	2.91588E+6	
2.793	2.91394E+6	
2.7933	2.91527E+6	
2.7936	2.91335E+6	
2.7939	2.91464E+6	
2.7942	2.9127E+6	
2.7945	2.91302E+6	
2.7948	2.91248E+6	
2.7951	2.91294E+6	
2.7954	2.91273E+6	
2.7957	2.91232E+6	
2.796	2.91216E+6	
2.7963	2.9136E+6	
2.7966	2.91345E+6	
2.7969	2.9129E+6	
2.7972	2.91317E+6	
2.7975	2.91318E+6	
2.7978	2.91387E+6	
2.7981	2.91495E+6	
2.7984	2.91533E+6	
2.7987	2.91601E+6	
2.799	2.91683E+6	
2.7993	2.91689E+6	
2.7996	2.91719E+6	
2.7999	2.91744E+6	
2.8002	2.91935E+6	
2.8005	2.92044E+6	
2.8008	2.92077E+6	
2.8011	2.92037E+6	
2.8014	2.9215E+6	
2.8017	2.92183E+6	
2.802	2.92312E+6	
2.8023	2.92233E+6	
2.8026	2.92316E+6	
2.8029	2.92249E+6	
2.8032	2.92307E+6	
2.8035	2.9243E+6	
2.8038	2.92276E+6	
2.8041	2.92354E+6	
2.8044	2.92391E+6	
2.8047	2.9226E+6	
2.805	2.92701E+6	
2.8053	2.92529E+6	
2.8056	2.92412E+6	
2.8059	2.92474E+6	
2.8062	2.92434E+6	
2.8065	2.92636E+6	
2.8068	2.92499E+6	
2.8071	2.92489E+6	
2.8074	2.92429E+6	
2.8077	2.92552E+6	
2.808	2.92528E+6	
2.8083	2.92713E+6	
2.8086	2.92522E+6	
2.8089	2.92365E+6	
2.8092	2.9254E+6	
2.8095	2.92375E+6	
2.8098	2.92563E+6	
2.8101	2.92682E+6	
2.8104	2.92649E+6	
2.8107	2.9254E+6	
2.811	2.92744E+6	
2.8113	2.92586E+6	
2.8116	2.92643E+6	
2.8119	2.9237E+6	
2.8122	2.92602E+6	
2.8125	2.92524E+6	
2.8128	2.92408E+6	
2.8131	2.92671E+6	
2.8134	2.92653E+6	
2.8137	2.92644E+6	
2.814	2.92634E+6	
2.8143	2.92694E+6	
2.8146	2.92707E+6	
2.8149	2.92525E+6	
2.8152	2.92605E+6	
2.8155	2.92855E+6	
2.8158	2.92597E+6	
2.8161	2.92509E+6	
2.8164	2.92512E+6	
2.8167	2.92674E+6	
2.817	2.92547E+6	
2.8173	2.92776E+6	
2.8176	2.92708E+6	
2.8179	2.92727E+6	
2.8182	2.92567E+6	
2.8185	2.92703E+6	
2.8188	2.92669E+6	
2.8191	2.92735E+6	
2.8194	2.92695E+6	
2.8197	2.92705E+6	
2.82	2.92699E+6	
