2.7000E+00 	4.9556E+06 	
2.7002E+00 	4.9580E+06 	
2.7003E+00 	4.9565E+06 	
2.7005E+00 	4.9554E+06 	
2.7007E+00 	4.9565E+06 	
2.7008E+00 	4.9564E+06 	
2.7010E+00 	4.9535E+06 	
2.7012E+00 	4.9563E+06 	
2.7013E+00 	4.9548E+06 	
2.7015E+00 	4.9598E+06 	
2.7017E+00 	4.9547E+06 	
2.7018E+00 	4.9563E+06 	
2.7020E+00 	4.9580E+06 	
2.7022E+00 	4.9597E+06 	
2.7023E+00 	4.9579E+06 	
2.7025E+00 	4.9585E+06 	
2.7027E+00 	4.9565E+06 	
2.7028E+00 	4.9554E+06 	
2.7030E+00 	4.9548E+06 	
2.7032E+00 	4.9535E+06 	
2.7033E+00 	4.9552E+06 	
2.7035E+00 	4.9591E+06 	
2.7037E+00 	4.9549E+06 	
2.7038E+00 	4.9582E+06 	
2.7040E+00 	4.9555E+06 	
2.7042E+00 	4.9556E+06 	
2.7043E+00 	4.9551E+06 	
2.7045E+00 	4.9536E+06 	
2.7047E+00 	4.9565E+06 	
2.7048E+00 	4.9565E+06 	
2.7050E+00 	4.9573E+06 	
2.7052E+00 	4.9563E+06 	
2.7053E+00 	4.9590E+06 	
2.7055E+00 	4.9579E+06 	
2.7057E+00 	4.9582E+06 	
2.7058E+00 	4.9564E+06 	
2.7060E+00 	4.9543E+06 	
2.7062E+00 	4.9526E+06 	
2.7063E+00 	4.9548E+06 	
2.7065E+00 	4.9542E+06 	
2.7067E+00 	4.9556E+06 	
2.7068E+00 	4.9547E+06 	
2.7070E+00 	4.9541E+06 	
2.7072E+00 	4.9567E+06 	
2.7073E+00 	4.9554E+06 	
2.7075E+00 	4.9551E+06 	
2.7077E+00 	4.9534E+06 	
2.7078E+00 	4.9562E+06 	
2.7080E+00 	4.9533E+06 	
2.7082E+00 	4.9585E+06 	
2.7083E+00 	4.9562E+06 	
2.7085E+00 	4.9553E+06 	
2.7087E+00 	4.9588E+06 	
2.7088E+00 	4.9588E+06 	
2.7090E+00 	4.9543E+06 	
2.7092E+00 	4.9539E+06 	
2.7093E+00 	4.9557E+06 	
2.7095E+00 	4.9552E+06 	
2.7097E+00 	4.9553E+06 	
2.7098E+00 	4.9573E+06 	
2.7100E+00 	4.9591E+06 	
2.7102E+00 	4.9576E+06 	
2.7103E+00 	4.9581E+06 	
2.7105E+00 	4.9588E+06 	
2.7107E+00 	4.9530E+06 	
2.7108E+00 	4.9613E+06 	
2.7110E+00 	4.9550E+06 	
2.7112E+00 	4.9578E+06 	
2.7113E+00 	4.9558E+06 	
2.7115E+00 	4.9525E+06 	
2.7117E+00 	4.9556E+06 	
2.7118E+00 	4.9589E+06 	
2.7120E+00 	4.9568E+06 	
2.7122E+00 	4.9549E+06 	
2.7123E+00 	4.9572E+06 	
2.7125E+00 	4.9572E+06 	
2.7127E+00 	4.9529E+06 	
2.7128E+00 	4.9570E+06 	
2.7130E+00 	4.9535E+06 	
2.7132E+00 	4.9557E+06 	
2.7133E+00 	4.9549E+06 	
2.7135E+00 	4.9553E+06 	
2.7137E+00 	4.9574E+06 	
2.7138E+00 	4.9595E+06 	
2.7140E+00 	4.9540E+06 	
2.7142E+00 	4.9563E+06 	
2.7143E+00 	4.9571E+06 	
2.7145E+00 	4.9586E+06 	
2.7147E+00 	4.9574E+06 	
2.7148E+00 	4.9551E+06 	
2.7150E+00 	4.9582E+06 	
2.7152E+00 	4.9549E+06 	
2.7153E+00 	4.9531E+06 	
2.7155E+00 	4.9569E+06 	
2.7157E+00 	4.9553E+06 	
2.7158E+00 	4.9513E+06 	
2.7160E+00 	4.9589E+06 	
2.7162E+00 	4.9519E+06 	
2.7163E+00 	4.9570E+06 	
2.7165E+00 	4.9526E+06 	
2.7167E+00 	4.9576E+06 	
2.7168E+00 	4.9528E+06 	
2.7170E+00 	4.9528E+06 	
2.7172E+00 	4.9548E+06 	
2.7173E+00 	4.9554E+06 	
2.7175E+00 	4.9554E+06 	
2.7177E+00 	4.9554E+06 	
2.7178E+00 	4.9529E+06 	
2.7180E+00 	4.9545E+06 	
2.7182E+00 	4.9538E+06 	
2.7183E+00 	4.9541E+06 	
2.7185E+00 	4.9569E+06 	
2.7187E+00 	4.9526E+06 	
2.7188E+00 	4.9565E+06 	
2.7190E+00 	4.9535E+06 	
2.7192E+00 	4.9483E+06 	
2.7193E+00 	4.9535E+06 	
2.7195E+00 	4.9516E+06 	
2.7197E+00 	4.9517E+06 	
2.7198E+00 	4.9550E+06 	
2.7200E+00 	4.9566E+06 	
2.7202E+00 	4.9483E+06 	
2.7203E+00 	4.9563E+06 	
2.7205E+00 	4.9504E+06 	
2.7207E+00 	4.9560E+06 	
2.7208E+00 	4.9525E+06 	
2.7210E+00 	4.9503E+06 	
2.7212E+00 	4.9489E+06 	
2.7213E+00 	4.9454E+06 	
2.7215E+00 	4.9488E+06 	
2.7217E+00 	4.9494E+06 	
2.7218E+00 	4.9475E+06 	
2.7220E+00 	4.9449E+06 	
2.7222E+00 	4.9460E+06 	
2.7223E+00 	4.9476E+06 	
2.7225E+00 	4.9432E+06 	
2.7227E+00 	4.9402E+06 	
2.7228E+00 	4.9452E+06 	
2.7230E+00 	4.9462E+06 	
2.7232E+00 	4.9408E+06 	
2.7233E+00 	4.9421E+06 	
2.7235E+00 	4.9384E+06 	
2.7237E+00 	4.9372E+06 	
2.7238E+00 	4.9424E+06 	
2.7240E+00 	4.9341E+06 	
2.7242E+00 	4.9421E+06 	
2.7243E+00 	4.9400E+06 	
2.7245E+00 	4.9417E+06 	
2.7247E+00 	4.9392E+06 	
2.7248E+00 	4.9386E+06 	
2.7250E+00 	4.9349E+06 	
2.7252E+00 	4.9424E+06 	
2.7253E+00 	4.9401E+06 	
2.7255E+00 	4.9410E+06 	
2.7257E+00 	4.9365E+06 	
2.7258E+00 	4.9362E+06 	
2.7260E+00 	4.9362E+06 	
2.7262E+00 	4.9402E+06 	
2.7263E+00 	4.9408E+06 	
2.7265E+00 	4.9410E+06 	
2.7267E+00 	4.9439E+06 	
2.7268E+00 	4.9396E+06 	
2.7270E+00 	4.9400E+06 	
2.7272E+00 	4.9407E+06 	
2.7273E+00 	4.9418E+06 	
2.7275E+00 	4.9424E+06 	
2.7277E+00 	4.9402E+06 	
2.7278E+00 	4.9390E+06 	
2.7280E+00 	4.9443E+06 	
2.7282E+00 	4.9396E+06 	
2.7283E+00 	4.9468E+06 	
2.7285E+00 	4.9431E+06 	
2.7287E+00 	4.9442E+06 	
2.7288E+00 	4.9469E+06 	
2.7290E+00 	4.9480E+06 	
2.7292E+00 	4.9480E+06 	
2.7293E+00 	4.9485E+06 	
2.7295E+00 	4.9474E+06 	
2.7297E+00 	4.9483E+06 	
2.7298E+00 	4.9510E+06 	
2.7300E+00 	4.9491E+06 	
2.7302E+00 	4.9521E+06 	
2.7303E+00 	4.9489E+06 	
2.7305E+00 	4.9538E+06 	
2.7307E+00 	4.9542E+06 	
2.7308E+00 	4.9477E+06 	
2.7310E+00 	4.9527E+06 	
2.7312E+00 	4.9569E+06 	
2.7313E+00 	4.9528E+06 	
2.7315E+00 	4.9517E+06 	
2.7317E+00 	4.9517E+06 	
2.7318E+00 	4.9565E+06 	
2.7320E+00 	4.9592E+06 	
2.7322E+00 	4.9559E+06 	
2.7323E+00 	4.9572E+06 	
2.7325E+00 	4.9543E+06 	
2.7327E+00 	4.9520E+06 	
2.7328E+00 	4.9541E+06 	
2.7330E+00 	4.9538E+06 	
2.7332E+00 	4.9554E+06 	
2.7333E+00 	4.9587E+06 	
2.7335E+00 	4.9559E+06 	
2.7337E+00 	4.9527E+06 	
2.7338E+00 	4.9546E+06 	
2.7340E+00 	4.9552E+06 	
2.7342E+00 	4.9577E+06 	
2.7343E+00 	4.9523E+06 	
2.7345E+00 	4.9551E+06 	
2.7347E+00 	4.9573E+06 	
2.7348E+00 	4.9562E+06 	
2.7350E+00 	4.9601E+06 	
2.7352E+00 	4.9552E+06 	
2.7353E+00 	4.9583E+06 	
2.7355E+00 	4.9550E+06 	
2.7357E+00 	4.9539E+06 	
2.7358E+00 	4.9579E+06 	
2.7360E+00 	4.9521E+06 	
2.7362E+00 	4.9567E+06 	
2.7363E+00 	4.9568E+06 	
2.7365E+00 	4.9558E+06 	
2.7367E+00 	4.9603E+06 	
2.7368E+00 	4.9548E+06 	
2.7370E+00 	4.9548E+06 	
2.7372E+00 	4.9543E+06 	
2.7373E+00 	4.9588E+06 	
2.7375E+00 	4.9532E+06 	
2.7377E+00 	4.9532E+06 	
2.7378E+00 	4.9550E+06 	
2.7380E+00 	4.9587E+06 	
2.7382E+00 	4.9582E+06 	
2.7383E+00 	4.9586E+06 	
2.7385E+00 	4.9566E+06 	
2.7387E+00 	4.9556E+06 	
2.7388E+00 	4.9570E+06 	
2.7390E+00 	4.9580E+06 	
2.7392E+00 	4.9555E+06 	
2.7393E+00 	4.9561E+06 	
2.7395E+00 	4.9573E+06 	
2.7397E+00 	4.9563E+06 	
2.7398E+00 	4.9542E+06 	
2.7400E+00 	4.9553E+06 	
2.7402E+00 	4.9505E+06 	
2.7403E+00 	4.9566E+06 	
2.7405E+00 	4.9588E+06 	
2.7407E+00 	4.9565E+06 	
2.7408E+00 	4.9592E+06 	
2.7410E+00 	4.9557E+06 	
2.7412E+00 	4.9523E+06 	
2.7413E+00 	4.9527E+06 	
2.7415E+00 	4.9586E+06 	
2.7417E+00 	4.9575E+06 	
2.7418E+00 	4.9564E+06 	
2.7420E+00 	4.9563E+06 	
2.7422E+00 	4.9568E+06 	
2.7423E+00 	4.9565E+06 	
2.7425E+00 	4.9539E+06 	
2.7427E+00 	4.9571E+06 	
2.7428E+00 	4.9568E+06 	
2.7430E+00 	4.9588E+06 	
2.7432E+00 	4.9606E+06 	
2.7433E+00 	4.9529E+06 	
2.7435E+00 	4.9595E+06 	
2.7437E+00 	4.9557E+06 	
2.7438E+00 	4.9552E+06 	
2.7440E+00 	4.9582E+06 	
2.7442E+00 	4.9572E+06 	
2.7443E+00 	4.9552E+06 	
2.7445E+00 	4.9560E+06 	
2.7447E+00 	4.9573E+06 	
2.7448E+00 	4.9538E+06 	
2.7450E+00 	4.9558E+06 	
2.7452E+00 	4.9544E+06 	
2.7453E+00 	4.9578E+06 	
2.7455E+00 	4.9576E+06 	
2.7457E+00 	4.9575E+06 	
2.7458E+00 	4.9563E+06 	
2.7460E+00 	4.9576E+06 	
2.7462E+00 	4.9563E+06 	
2.7463E+00 	4.9555E+06 	
2.7465E+00 	4.9545E+06 	
2.7467E+00 	4.9582E+06 	
2.7468E+00 	4.9560E+06 	
2.7470E+00 	4.9575E+06 	
2.7472E+00 	4.9555E+06 	
2.7473E+00 	4.9571E+06 	
2.7475E+00 	4.9567E+06 	
2.7477E+00 	4.9591E+06 	
2.7478E+00 	4.9538E+06 	
2.7480E+00 	4.9526E+06 	
2.7482E+00 	4.9569E+06 	
2.7483E+00 	4.9539E+06 	
2.7485E+00 	4.9561E+06 	
2.7487E+00 	4.9542E+06 	
2.7488E+00 	4.9539E+06 	
2.7490E+00 	4.9570E+06 	
2.7492E+00 	4.9553E+06 	
2.7493E+00 	4.9556E+06 	
2.7495E+00 	4.9565E+06 	
2.7497E+00 	4.9566E+06 	
2.7498E+00 	4.9560E+06 	
