Temps - Tracé 0	Amplitude - Tracé 0	Temps - Tracé 1	Amplitude - Tracé 1	
2.6481	3.06027E+6	2.6481	3.06027E+6	
2.6481	3.06012E+6	2.6481	3.06012E+6	
2.64811	3.06548E+6	2.64811	3.06548E+6	
2.64811	3.06428E+6	2.64811	3.06428E+6	
2.64812	3.06658E+6	2.64812	3.06658E+6	
2.64812	3.05726E+6	2.64812	3.05726E+6	
2.64813	3.0616E+6	2.64813	3.0616E+6	
2.64813	3.06187E+6	2.64813	3.06187E+6	
2.64814	3.05709E+6	2.64814	3.05709E+6	
2.64814	3.06507E+6	2.64814	3.06507E+6	
2.64815	3.05861E+6	2.64815	3.05861E+6	
2.64816	3.06214E+6	2.64816	3.06214E+6	
2.64816	3.06151E+6	2.64816	3.06151E+6	
2.64817	3.06044E+6	2.64817	3.06044E+6	
2.64817	3.06206E+6	2.64817	3.06206E+6	
2.64817	3.06183E+6	2.64817	3.06183E+6	
2.64818	3.05785E+6	2.64818	3.05785E+6	
2.64818	3.06176E+6	2.64818	3.06176E+6	
2.64819	3.0613E+6	2.64819	3.0613E+6	
2.64819	3.06104E+6	2.64819	3.06104E+6	
2.6482	3.05944E+6	2.6482	3.05944E+6	
2.6482	3.05949E+6	2.6482	3.05949E+6	
2.64821	3.06131E+6	2.64821	3.06131E+6	
2.64821	3.05848E+6	2.64821	3.05848E+6	
2.64822	3.06214E+6	2.64822	3.06214E+6	
2.64823	3.05976E+6	2.64823	3.05976E+6	
2.64823	3.05839E+6	2.64823	3.05839E+6	
2.64823	3.05898E+6	2.64823	3.05898E+6	
2.64824	3.05617E+6	2.64824	3.05617E+6	
2.64824	3.0641E+6	2.64824	3.0641E+6	
2.64825	3.05784E+6	2.64825	3.05784E+6	
2.64825	3.05495E+6	2.64825	3.05495E+6	
2.64826	3.05802E+6	2.64826	3.05802E+6	
2.64826	3.05803E+6	2.64826	3.05803E+6	
2.64827	3.05809E+6	2.64827	3.05809E+6	
2.64827	3.05673E+6	2.64827	3.05673E+6	
2.64828	3.0549E+6	2.64828	3.0549E+6	
2.64829	3.0593E+6	2.64829	3.0593E+6	
2.64829	3.06141E+6	2.64829	3.06141E+6	
2.6483	3.0607E+6	2.6483	3.0607E+6	
2.6483	3.05925E+6	2.6483	3.05925E+6	
2.6483	3.05516E+6	2.6483	3.05516E+6	
2.64831	3.05456E+6	2.64831	3.05456E+6	
2.64831	3.05389E+6	2.64831	3.05389E+6	
2.64832	3.05407E+6	2.64832	3.05407E+6	
2.64832	3.05485E+6	2.64832	3.05485E+6	
2.64833	3.05483E+6	2.64833	3.05483E+6	
2.64833	3.05311E+6	2.64833	3.05311E+6	
2.64834	3.05493E+6	2.64834	3.05493E+6	
2.64834	3.05588E+6	2.64834	3.05588E+6	
2.64835	3.05763E+6	2.64835	3.05763E+6	
2.64836	3.05209E+6	2.64836	3.05209E+6	
2.64836	3.05445E+6	2.64836	3.05445E+6	
2.64837	3.05098E+6	2.64837	3.05098E+6	
2.64837	3.04883E+6	2.64837	3.04883E+6	
2.64837	3.05767E+6	2.64837	3.05767E+6	
2.64838	3.05173E+6	2.64838	3.05173E+6	
2.64838	3.0487E+6	2.64838	3.0487E+6	
2.64839	3.05352E+6	2.64839	3.05352E+6	
2.64839	3.05396E+6	2.64839	3.05396E+6	
2.6484	3.05357E+6	2.6484	3.05357E+6	
2.6484	3.04808E+6	2.6484	3.04808E+6	
2.64841	3.04751E+6	2.64841	3.04751E+6	
2.64841	3.04639E+6	2.64841	3.04639E+6	
2.64842	3.04609E+6	2.64842	3.04609E+6	
2.64843	3.04886E+6	2.64843	3.04886E+6	
2.64843	3.04857E+6	2.64843	3.04857E+6	
2.64843	3.04551E+6	2.64843	3.04551E+6	
2.64844	3.04496E+6	2.64844	3.04496E+6	
2.64844	3.04902E+6	2.64844	3.04902E+6	
2.64845	3.0465E+6	2.64845	3.0465E+6	
2.64845	3.04511E+6	2.64845	3.04511E+6	
2.64846	3.04555E+6	2.64846	3.04555E+6	
2.64846	3.04349E+6	2.64846	3.04349E+6	
2.64847	3.03877E+6	2.64847	3.03877E+6	
2.64847	3.04185E+6	2.64847	3.04185E+6	
2.64848	3.03901E+6	2.64848	3.03901E+6	
2.64848	3.03328E+6	2.64848	3.03328E+6	
2.64849	3.03734E+6	2.64849	3.03734E+6	
2.6485	3.03203E+6	2.6485	3.03203E+6	
2.6485	3.02705E+6	2.6485	3.02705E+6	
2.6485	3.0266E+6	2.6485	3.0266E+6	
2.64851	3.0307E+6	2.64851	3.0307E+6	
2.64851	3.03439E+6	2.64851	3.03439E+6	
2.64852	3.03061E+6	2.64852	3.03061E+6	
2.64852	3.02604E+6	2.64852	3.02604E+6	
2.64853	3.02354E+6	2.64853	3.02354E+6	
2.64853	3.02839E+6	2.64853	3.02839E+6	
2.64854	3.02418E+6	2.64854	3.02418E+6	
2.64854	3.02256E+6	2.64854	3.02256E+6	
2.64855	3.02362E+6	2.64855	3.02362E+6	
2.64855	3.02188E+6	2.64855	3.02188E+6	
2.64856	3.02408E+6	2.64856	3.02408E+6	
2.64857	3.02253E+6	2.64857	3.02253E+6	
2.64857	3.02399E+6	2.64857	3.02399E+6	
2.64857	3.0284E+6	2.64857	3.0284E+6	
2.64858	3.02633E+6	2.64858	3.02633E+6	
2.64858	3.03047E+6	2.64858	3.03047E+6	
2.64859	3.03775E+6	2.64859	3.03775E+6	
2.64859	3.04613E+6	2.64859	3.04613E+6	
2.6486	3.05251E+6	2.6486	3.05251E+6	
2.6486	3.04988E+6	2.6486	3.04988E+6	
2.64861	3.05301E+6	2.64861	3.05301E+6	
2.64861	3.04619E+6	2.64861	3.04619E+6	
2.64862	3.04603E+6	2.64862	3.04603E+6	
2.64863	3.03599E+6	2.64863	3.03599E+6	
2.64863	3.03293E+6	2.64863	3.03293E+6	
2.64863	3.0288E+6	2.64863	3.0288E+6	
2.64864	3.03004E+6	2.64864	3.03004E+6	
2.64864	3.02454E+6	2.64864	3.02454E+6	
2.64865	3.02626E+6	2.64865	3.02626E+6	
2.64865	3.02619E+6	2.64865	3.02619E+6	
2.64866	3.02346E+6	2.64866	3.02346E+6	
2.64866	3.02327E+6	2.64866	3.02327E+6	
2.64867	3.02282E+6	2.64867	3.02282E+6	
2.64867	3.02229E+6	2.64867	3.02229E+6	
2.64868	3.02399E+6	2.64868	3.02399E+6	
2.64868	3.02911E+6	2.64868	3.02911E+6	
2.64869	3.02701E+6	2.64869	3.02701E+6	
2.6487	3.02645E+6	2.6487	3.02645E+6	
2.6487	3.02772E+6	2.6487	3.02772E+6	
2.6487	3.02803E+6	2.6487	3.02803E+6	
2.64871	3.02699E+6	2.64871	3.02699E+6	
2.64871	3.03338E+6	2.64871	3.03338E+6	
2.64872	3.03132E+6	2.64872	3.03132E+6	
2.64872	3.0297E+6	2.64872	3.0297E+6	
2.64873	3.03279E+6	2.64873	3.03279E+6	
2.64873	3.03464E+6	2.64873	3.03464E+6	
2.64874	3.03343E+6	2.64874	3.03343E+6	
2.64874	3.03584E+6	2.64874	3.03584E+6	
2.64875	3.03247E+6	2.64875	3.03247E+6	
2.64875	3.04305E+6	2.64875	3.04305E+6	
2.64876	3.03739E+6	2.64876	3.03739E+6	
2.64877	3.04099E+6	2.64877	3.04099E+6	
2.64877	3.03863E+6	2.64877	3.03863E+6	
2.64877	3.04752E+6	2.64877	3.04752E+6	
2.64878	3.04016E+6	2.64878	3.04016E+6	
2.64878	3.04217E+6	2.64878	3.04217E+6	
2.64879	3.04578E+6	2.64879	3.04578E+6	
2.64879	3.04408E+6	2.64879	3.04408E+6	
2.6488	3.04832E+6	2.6488	3.04832E+6	
2.6488	3.04918E+6	2.6488	3.04918E+6	
2.64881	3.04931E+6	2.64881	3.04931E+6	
2.64881	3.04648E+6	2.64881	3.04648E+6	
2.64882	3.04675E+6	2.64882	3.04675E+6	
2.64882	3.04508E+6	2.64882	3.04508E+6	
2.64883	3.04653E+6	2.64883	3.04653E+6	
2.64883	3.05236E+6	2.64883	3.05236E+6	
2.64884	3.04984E+6	2.64884	3.04984E+6	
2.64884	3.05571E+6	2.64884	3.05571E+6	
2.64885	3.05423E+6	2.64885	3.05423E+6	
2.64885	3.0471E+6	2.64885	3.0471E+6	
2.64886	3.04874E+6	2.64886	3.04874E+6	
2.64886	3.05477E+6	2.64886	3.05477E+6	
2.64887	3.05084E+6	2.64887	3.05084E+6	
2.64887	3.05831E+6	2.64887	3.05831E+6	
2.64888	3.056E+6	2.64888	3.056E+6	
2.64888	3.05382E+6	2.64888	3.05382E+6	
2.64889	3.05413E+6	2.64889	3.05413E+6	
2.64889	3.056E+6	2.64889	3.056E+6	
2.6489	3.05978E+6	2.6489	3.05978E+6	
2.6489	3.05537E+6	2.6489	3.05537E+6	
2.64891	3.05731E+6	2.64891	3.05731E+6	
2.64891	3.05442E+6	2.64891	3.05442E+6	
2.64892	3.0605E+6	2.64892	3.0605E+6	
2.64892	3.0587E+6	2.64892	3.0587E+6	
2.64893	3.05566E+6	2.64893	3.05566E+6	
2.64893	3.05637E+6	2.64893	3.05637E+6	
2.64894	3.05796E+6	2.64894	3.05796E+6	
2.64894	3.06216E+6	2.64894	3.06216E+6	
2.64895	3.05772E+6	2.64895	3.05772E+6	
2.64895	3.05992E+6	2.64895	3.05992E+6	
2.64896	3.05407E+6	2.64896	3.05407E+6	
2.64897	3.05452E+6	2.64897	3.05452E+6	
2.64897	3.05577E+6	2.64897	3.05577E+6	
2.64897	3.05957E+6	2.64897	3.05957E+6	
2.64898	3.06055E+6	2.64898	3.06055E+6	
2.64898	3.06146E+6	2.64898	3.06146E+6	
2.64899	3.06032E+6	2.64899	3.06032E+6	
2.64899	3.05696E+6	2.64899	3.05696E+6	
2.649	3.05712E+6	2.649	3.05712E+6	
2.649	3.06009E+6	2.649	3.06009E+6	
2.64901	3.05798E+6	2.64901	3.05798E+6	
2.64901	3.06083E+6	2.64901	3.06083E+6	
2.64902	3.06562E+6	2.64902	3.06562E+6	
2.64902	3.0621E+6	2.64902	3.0621E+6	
2.64903	3.05959E+6	2.64903	3.05959E+6	
2.64903	3.05738E+6	2.64903	3.05738E+6	
2.64904	3.06169E+6	2.64904	3.06169E+6	
2.64904	3.06387E+6	2.64904	3.06387E+6	
2.64905	3.05701E+6	2.64905	3.05701E+6	
2.64905	3.06444E+6	2.64905	3.06444E+6	
2.64906	3.05478E+6	2.64906	3.05478E+6	
2.64906	3.05833E+6	2.64906	3.05833E+6	
2.64907	3.05689E+6	2.64907	3.05689E+6	
2.64907	3.05787E+6	2.64907	3.05787E+6	
2.64908	3.05811E+6	2.64908	3.05811E+6	
2.64908	3.06371E+6	2.64908	3.06371E+6	
2.64909	3.06162E+6	2.64909	3.06162E+6	
2.64909	3.061E+6	2.64909	3.061E+6	
2.6491	3.06272E+6	2.6491	3.06272E+6	
