Temps - Tracé 0	Amplitude - Tracé 0	Temps - Tracé 1	Amplitude - Tracé 1	
2.6481	6.24491E+6	2.6481	6.24491E+6	
2.6481	6.24624E+6	2.6481	6.24624E+6	
2.64811	6.24489E+6	2.64811	6.24489E+6	
2.64811	6.24957E+6	2.64811	6.24957E+6	
2.64812	6.248E+6	2.64812	6.248E+6	
2.64812	6.244E+6	2.64812	6.244E+6	
2.64813	6.24382E+6	2.64813	6.24382E+6	
2.64813	6.24606E+6	2.64813	6.24606E+6	
2.64814	6.24473E+6	2.64814	6.24473E+6	
2.64814	6.24562E+6	2.64814	6.24562E+6	
2.64815	6.24861E+6	2.64815	6.24861E+6	
2.64816	6.24297E+6	2.64816	6.24297E+6	
2.64816	6.24531E+6	2.64816	6.24531E+6	
2.64817	6.23775E+6	2.64817	6.23775E+6	
2.64817	6.24435E+6	2.64817	6.24435E+6	
2.64817	6.24908E+6	2.64817	6.24908E+6	
2.64818	6.25024E+6	2.64818	6.25024E+6	
2.64818	6.24861E+6	2.64818	6.24861E+6	
2.64819	6.24349E+6	2.64819	6.24349E+6	
2.64819	6.24615E+6	2.64819	6.24615E+6	
2.6482	6.24139E+6	2.6482	6.24139E+6	
2.6482	6.24636E+6	2.6482	6.24636E+6	
2.64821	6.24648E+6	2.64821	6.24648E+6	
2.64821	6.24052E+6	2.64821	6.24052E+6	
2.64822	6.2458E+6	2.64822	6.2458E+6	
2.64823	6.24209E+6	2.64823	6.24209E+6	
2.64823	6.24218E+6	2.64823	6.24218E+6	
2.64823	6.24663E+6	2.64823	6.24663E+6	
2.64824	6.2397E+6	2.64824	6.2397E+6	
2.64824	6.24649E+6	2.64824	6.24649E+6	
2.64825	6.23446E+6	2.64825	6.23446E+6	
2.64825	6.24051E+6	2.64825	6.24051E+6	
2.64826	6.24441E+6	2.64826	6.24441E+6	
2.64826	6.24016E+6	2.64826	6.24016E+6	
2.64827	6.23691E+6	2.64827	6.23691E+6	
2.64827	6.24358E+6	2.64827	6.24358E+6	
2.64828	6.23965E+6	2.64828	6.23965E+6	
2.64829	6.2387E+6	2.64829	6.2387E+6	
2.64829	6.23737E+6	2.64829	6.23737E+6	
2.6483	6.23518E+6	2.6483	6.23518E+6	
2.6483	6.23844E+6	2.6483	6.23844E+6	
2.6483	6.24045E+6	2.6483	6.24045E+6	
2.64831	6.23779E+6	2.64831	6.23779E+6	
2.64831	6.24169E+6	2.64831	6.24169E+6	
2.64832	6.2341E+6	2.64832	6.2341E+6	
2.64832	6.22955E+6	2.64832	6.22955E+6	
2.64833	6.23624E+6	2.64833	6.23624E+6	
2.64833	6.2334E+6	2.64833	6.2334E+6	
2.64834	6.23758E+6	2.64834	6.23758E+6	
2.64834	6.23283E+6	2.64834	6.23283E+6	
2.64835	6.22816E+6	2.64835	6.22816E+6	
2.64836	6.23417E+6	2.64836	6.23417E+6	
2.64836	6.23433E+6	2.64836	6.23433E+6	
2.64837	6.23158E+6	2.64837	6.23158E+6	
2.64837	6.22089E+6	2.64837	6.22089E+6	
2.64837	6.22902E+6	2.64837	6.22902E+6	
2.64838	6.23087E+6	2.64838	6.23087E+6	
2.64838	6.23046E+6	2.64838	6.23046E+6	
2.64839	6.22631E+6	2.64839	6.22631E+6	
2.64839	6.2266E+6	2.64839	6.2266E+6	
2.6484	6.22479E+6	2.6484	6.22479E+6	
2.6484	6.22515E+6	2.6484	6.22515E+6	
2.64841	6.22736E+6	2.64841	6.22736E+6	
2.64841	6.22929E+6	2.64841	6.22929E+6	
2.64842	6.22622E+6	2.64842	6.22622E+6	
2.64843	6.21986E+6	2.64843	6.21986E+6	
2.64843	6.22057E+6	2.64843	6.22057E+6	
2.64843	6.21959E+6	2.64843	6.21959E+6	
2.64844	6.22041E+6	2.64844	6.22041E+6	
2.64844	6.21612E+6	2.64844	6.21612E+6	
2.64845	6.21659E+6	2.64845	6.21659E+6	
2.64845	6.21263E+6	2.64845	6.21263E+6	
2.64846	6.2052E+6	2.64846	6.2052E+6	
2.64846	6.21201E+6	2.64846	6.21201E+6	
2.64847	6.21561E+6	2.64847	6.21561E+6	
2.64847	6.20838E+6	2.64847	6.20838E+6	
2.64848	6.20508E+6	2.64848	6.20508E+6	
2.64848	6.21212E+6	2.64848	6.21212E+6	
2.64849	6.20803E+6	2.64849	6.20803E+6	
2.6485	6.20509E+6	2.6485	6.20509E+6	
2.6485	6.20325E+6	2.6485	6.20325E+6	
2.6485	6.19865E+6	2.6485	6.19865E+6	
2.64851	6.19657E+6	2.64851	6.19657E+6	
2.64851	6.20282E+6	2.64851	6.20282E+6	
2.64852	6.19408E+6	2.64852	6.19408E+6	
2.64852	6.19415E+6	2.64852	6.19415E+6	
2.64853	6.20029E+6	2.64853	6.20029E+6	
2.64853	6.19588E+6	2.64853	6.19588E+6	
2.64854	6.1921E+6	2.64854	6.1921E+6	
2.64854	6.19765E+6	2.64854	6.19765E+6	
2.64855	6.20078E+6	2.64855	6.20078E+6	
2.64855	6.19725E+6	2.64855	6.19725E+6	
2.64856	6.2001E+6	2.64856	6.2001E+6	
2.64857	6.19613E+6	2.64857	6.19613E+6	
2.64857	6.19718E+6	2.64857	6.19718E+6	
2.64857	6.2065E+6	2.64857	6.2065E+6	
2.64858	6.20952E+6	2.64858	6.20952E+6	
2.64858	6.21591E+6	2.64858	6.21591E+6	
2.64859	6.21873E+6	2.64859	6.21873E+6	
2.64859	6.22819E+6	2.64859	6.22819E+6	
2.6486	6.23223E+6	2.6486	6.23223E+6	
2.6486	6.23627E+6	2.6486	6.23627E+6	
2.64861	6.22719E+6	2.64861	6.22719E+6	
2.64861	6.23082E+6	2.64861	6.23082E+6	
2.64862	6.2217E+6	2.64862	6.2217E+6	
2.64863	6.21621E+6	2.64863	6.21621E+6	
2.64863	6.21174E+6	2.64863	6.21174E+6	
2.64863	6.20692E+6	2.64863	6.20692E+6	
2.64864	6.20868E+6	2.64864	6.20868E+6	
2.64864	6.19957E+6	2.64864	6.19957E+6	
2.64865	6.20378E+6	2.64865	6.20378E+6	
2.64865	6.19732E+6	2.64865	6.19732E+6	
2.64866	6.2017E+6	2.64866	6.2017E+6	
2.64866	6.19986E+6	2.64866	6.19986E+6	
2.64867	6.20321E+6	2.64867	6.20321E+6	
2.64867	6.2061E+6	2.64867	6.2061E+6	
2.64868	6.20736E+6	2.64868	6.20736E+6	
2.64868	6.20967E+6	2.64868	6.20967E+6	
2.64869	6.20455E+6	2.64869	6.20455E+6	
2.6487	6.21126E+6	2.6487	6.21126E+6	
2.6487	6.2068E+6	2.6487	6.2068E+6	
2.6487	6.20956E+6	2.6487	6.20956E+6	
2.64871	6.21182E+6	2.64871	6.21182E+6	
2.64871	6.209E+6	2.64871	6.209E+6	
2.64872	6.21672E+6	2.64872	6.21672E+6	
2.64872	6.21956E+6	2.64872	6.21956E+6	
2.64873	6.21289E+6	2.64873	6.21289E+6	
2.64873	6.21756E+6	2.64873	6.21756E+6	
2.64874	6.21696E+6	2.64874	6.21696E+6	
2.64874	6.21945E+6	2.64874	6.21945E+6	
2.64875	6.22153E+6	2.64875	6.22153E+6	
2.64875	6.22407E+6	2.64875	6.22407E+6	
2.64876	6.23032E+6	2.64876	6.23032E+6	
2.64877	6.22394E+6	2.64877	6.22394E+6	
2.64877	6.2253E+6	2.64877	6.2253E+6	
2.64877	6.22098E+6	2.64877	6.22098E+6	
2.64878	6.23075E+6	2.64878	6.23075E+6	
2.64878	6.22277E+6	2.64878	6.22277E+6	
2.64879	6.22299E+6	2.64879	6.22299E+6	
2.64879	6.23243E+6	2.64879	6.23243E+6	
2.6488	6.23044E+6	2.6488	6.23044E+6	
2.6488	6.23116E+6	2.6488	6.23116E+6	
2.64881	6.23094E+6	2.64881	6.23094E+6	
2.64881	6.24012E+6	2.64881	6.24012E+6	
2.64882	6.23145E+6	2.64882	6.23145E+6	
2.64882	6.2356E+6	2.64882	6.2356E+6	
2.64883	6.23887E+6	2.64883	6.23887E+6	
2.64883	6.23622E+6	2.64883	6.23622E+6	
2.64884	6.23194E+6	2.64884	6.23194E+6	
2.64884	6.2414E+6	2.64884	6.2414E+6	
2.64885	6.23526E+6	2.64885	6.23526E+6	
2.64885	6.23622E+6	2.64885	6.23622E+6	
2.64886	6.23353E+6	2.64886	6.23353E+6	
2.64886	6.24536E+6	2.64886	6.24536E+6	
2.64887	6.23406E+6	2.64887	6.23406E+6	
2.64887	6.24269E+6	2.64887	6.24269E+6	
2.64888	6.23612E+6	2.64888	6.23612E+6	
2.64888	6.23834E+6	2.64888	6.23834E+6	
2.64889	6.24119E+6	2.64889	6.24119E+6	
2.64889	6.237E+6	2.64889	6.237E+6	
2.6489	6.2322E+6	2.6489	6.2322E+6	
2.6489	6.24467E+6	2.6489	6.24467E+6	
2.64891	6.24013E+6	2.64891	6.24013E+6	
2.64891	6.23849E+6	2.64891	6.23849E+6	
2.64892	6.24007E+6	2.64892	6.24007E+6	
2.64892	6.2391E+6	2.64892	6.2391E+6	
2.64893	6.2412E+6	2.64893	6.2412E+6	
2.64893	6.24021E+6	2.64893	6.24021E+6	
2.64894	6.239E+6	2.64894	6.239E+6	
2.64894	6.2384E+6	2.64894	6.2384E+6	
2.64895	6.24125E+6	2.64895	6.24125E+6	
2.64895	6.24532E+6	2.64895	6.24532E+6	
2.64896	6.24176E+6	2.64896	6.24176E+6	
2.64897	6.23969E+6	2.64897	6.23969E+6	
2.64897	6.24752E+6	2.64897	6.24752E+6	
2.64897	6.23908E+6	2.64897	6.23908E+6	
2.64898	6.24449E+6	2.64898	6.24449E+6	
2.64898	6.24675E+6	2.64898	6.24675E+6	
2.64899	6.24525E+6	2.64899	6.24525E+6	
2.64899	6.24135E+6	2.64899	6.24135E+6	
2.649	6.24132E+6	2.649	6.24132E+6	
2.649	6.24135E+6	2.649	6.24135E+6	
2.64901	6.24368E+6	2.64901	6.24368E+6	
2.64901	6.24441E+6	2.64901	6.24441E+6	
2.64902	6.24532E+6	2.64902	6.24532E+6	
2.64902	6.24323E+6	2.64902	6.24323E+6	
2.64903	6.24647E+6	2.64903	6.24647E+6	
2.64903	6.24325E+6	2.64903	6.24325E+6	
2.64904	6.24417E+6	2.64904	6.24417E+6	
2.64904	6.25167E+6	2.64904	6.25167E+6	
2.64905	6.24859E+6	2.64905	6.24859E+6	
2.64905	6.2491E+6	2.64905	6.2491E+6	
2.64906	6.23643E+6	2.64906	6.23643E+6	
2.64906	6.24393E+6	2.64906	6.24393E+6	
2.64907	6.24124E+6	2.64907	6.24124E+6	
2.64907	6.24888E+6	2.64907	6.24888E+6	
2.64908	6.24272E+6	2.64908	6.24272E+6	
2.64908	6.24381E+6	2.64908	6.24381E+6	
2.64909	6.24807E+6	2.64909	6.24807E+6	
2.64909	6.24594E+6	2.64909	6.24594E+6	
2.6491	6.24782E+6	2.6491	6.24782E+6	
