2.405260	8860817.000000
2.372826	8860294.000000
2.352411	8862990.000000
2.332654	8862336.000000
2.318330	8862733.000000
2.310263	8865972.000000
2.297421	8863061.000000
2.288531	8863336.000000
2.277006	8861679.000000
2.268115	8862932.000000
2.256261	8862085.000000
2.243255	8864123.000000
2.235682	8857962.000000
2.223992	8863742.000000
2.210327	8863052.000000
2.204730	8861979.000000
2.192052	8860813.000000
2.183326	8863071.000000
2.171637	8860312.000000
2.159125	8858234.000000
2.152374	8859914.000000
2.140356	8859983.000000
2.132288	8858423.000000
2.119940	8856790.000000
2.108580	8856814.000000
2.100678	8859086.000000
2.089153	8854937.000000
2.080921	8858245.000000
2.070055	8853889.000000
2.057378	8853466.000000
2.047993	8854837.000000
2.038609	8855318.000000
2.030048	8852858.000000
2.017700	8859120.000000
2.006175	8854315.000000
1.998602	8854590.000000
1.986418	8853732.000000
1.979010	8856476.000000
1.967814	8853302.000000
1.955466	8852171.000000
1.948222	8850974.000000
1.937191	8851322.000000
1.928465	8849061.000000
1.916611	8850723.000000
1.905251	8845383.000000
1.896525	8848478.000000
1.884836	8849682.000000
1.878909	8844310.000000
1.866396	8846360.000000
1.856189	8846624.000000
1.847628	8843262.000000
1.837914	8845332.000000
1.828694	8841508.000000
1.816181	8842647.000000
1.803669	8848584.000000
1.797577	8842378.000000
1.785229	8842745.000000
1.777821	8845101.000000
1.766131	8845726.000000
1.753619	8841578.000000
1.746539	8842134.000000
1.734685	8839060.000000
1.726947	8842874.000000
1.715422	8839788.000000
1.704391	8835866.000000
1.696983	8838981.000000
1.684964	8838594.000000
1.677061	8837304.000000
1.665701	8834021.000000
1.652530	8834549.000000
1.646274	8829283.000000
1.635408	8828084.000000
1.627505	8826428.000000
1.615980	8822862.000000
1.603797	8816859.000000
1.595236	8813305.000000
1.584369	8812480.000000
1.577619	8804122.000000
1.564613	8804093.000000
1.553417	8807208.000000
1.546008	8803997.000000
1.534484	8804309.000000
1.527404	8805698.000000
1.515056	8809550.000000
1.502544	8811251.000000
1.496452	8813286.000000
1.484104	8816363.000000
1.476201	8816721.000000
1.464841	8821516.000000
1.452658	8823931.000000
1.444755	8822933.000000
1.434054	8820243.000000
1.426315	8820080.000000
1.414461	8823287.000000
1.403266	8824411.000000
1.396022	8821607.000000
1.383345	8827487.000000
1.376430	8820384.000000
1.365399	8820020.000000
1.353216	8816996.000000
1.345477	8822956.000000
1.333953	8816617.000000
1.326050	8817952.000000
1.313867	8820557.000000
1.303165	8817267.000000
1.295592	8814733.000000
1.283738	8818258.000000
1.270896	8817335.000000
1.264310	8810215.000000
1.252291	8811785.000000
1.245047	8810417.000000
1.233523	8811931.000000
1.225620	8810966.000000
1.214754	8809849.000000
1.201912	8809812.000000
1.195820	8809068.000000
1.183637	8807847.000000
1.170630	8807269.000000
1.163715	8809330.000000
1.152520	8805758.000000
1.144452	8802312.000000
1.133257	8804529.000000
1.125684	8804681.000000
1.113665	8803710.000000
1.101975	8802909.000000
1.095554	8801670.000000
1.082548	8796555.000000
1.071023	8795699.000000
1.063285	8797804.000000
1.052090	8799445.000000
1.044516	8797083.000000
1.033815	8793968.000000
1.026241	8796454.000000
1.013564	8793073.000000
1.001874	8793149.000000
0.994630	8794848.000000
0.982776	8790394.000000
0.971087	8787157.000000
0.963843	8790470.000000
0.952153	8786886.000000
0.945074	8790217.000000
0.933549	8789161.000000
0.921036	8791439.000000
0.913792	8787926.000000
0.901609	8784860.000000
0.894858	8785732.000000
0.883334	8778254.000000
0.870492	8781721.000000
0.864071	8782934.000000
0.852217	8778976.000000
0.845302	8782595.000000
0.833612	8778834.000000
0.821264	8780537.000000
0.813526	8780419.000000
0.802002	8772828.000000
0.794757	8774504.000000
0.783562	8772880.000000
0.770720	8775278.000000
0.763970	8777566.000000
0.752116	8771659.000000
0.744707	8771757.000000
0.733676	8771162.000000
0.720505	8771615.000000
0.714578	8767802.000000
0.701736	8769076.000000
0.694492	8766647.000000
0.683461	8765741.000000
0.670289	8767157.000000
0.664198	8761888.000000
0.652014	8766239.000000
0.645264	8760137.000000
0.633081	8760074.000000
0.621227	8763092.000000
0.614476	8759668.000000
0.602458	8761281.000000
0.595214	8758933.000000
0.583359	8755079.000000
0.571176	8754852.000000
0.564755	8755901.000000
0.551749	8754900.000000
0.543681	8755622.000000
0.534132	8754855.000000
0.521125	8753661.000000
0.514046	8751976.000000
0.502686	8750673.000000
0.494618	8749446.000000
0.482764	8750416.000000
0.471733	8749195.000000
0.464489	8747598.000000
0.452635	8747539.000000
0.445062	8746750.000000
0.432878	8747546.000000
0.422012	8746225.000000
0.414109	8746950.000000
0.401597	8748602.000000
0.395011	8749307.000000
0.382663	8747786.000000
0.371797	8747972.000000
0.363729	8747815.000000
0.352369	8749920.000000
0.345619	8751808.000000
0.333600	8749585.000000
0.321417	8750775.000000
0.314666	8747541.000000
0.302977	8751902.000000
0.295074	8756695.000000
0.284043	8756337.000000
0.272189	8753169.000000
0.264286	8749957.000000
0.250951	8750234.000000
0.244036	8757027.000000
0.232675	8754474.000000
0.221151	8756391.000000
0.214400	8758230.000000
0.202875	8758408.000000
0.195302	8756402.000000
0.183119	8760858.000000
0.171264	8758102.000000
0.164514	8759198.000000
0.152002	8764431.000000
0.144593	8758868.000000
0.134056	8759056.000000
0.122202	8758686.000000
0.114793	8761272.000000
0.101951	8760751.000000
0.095694	8762417.000000
0.083182	8759912.000000
0.071822	8761138.000000
0.064907	8764596.000000
0.052559	8765523.000000
0.041363	8762309.000000
0.033625	8765030.000000
0.022429	8763873.000000
0.014691	8768244.000000
0.003331	8768376.000000
-0.004242	8766787.000000
-0.015603	8769165.000000
-0.027292	8767200.000000
-0.035689	8766805.000000
-0.047049	8769154.000000
-0.059232	8771758.000000
-0.067300	8772608.000000
-0.077837	8772642.000000
-0.084258	8771611.000000
-0.097265	8776984.000000
-0.104179	8772097.000000
-0.116034	8770360.000000
-0.126406	8776434.000000
-0.135132	8775909.000000
-0.147315	8778477.000000
-0.158676	8781066.000000
-0.165755	8778487.000000
-0.178762	8780119.000000
-0.185347	8773739.000000
-0.196708	8778366.000000
-0.204116	8781569.000000
-0.215641	8777620.000000
-0.226837	8781407.000000
-0.235234	8781057.000000
-0.245606	8778531.000000
-0.258448	8780512.000000
-0.265692	8783153.000000
-0.277382	8781473.000000
-0.284626	8781581.000000
-0.296315	8784022.000000
-0.303889	8783239.000000
-0.315249	8784408.000000
-0.327268	8787928.000000
-0.333854	8786714.000000
-0.345708	8788215.000000
-0.358056	8786154.000000
-0.364806	8789756.000000
-0.377154	8786722.000000
-0.383740	8787962.000000
-0.396253	8789113.000000
-0.407448	8786537.000000
-0.414857	8791486.000000
-0.426547	8791922.000000
-0.433955	8790273.000000
-0.446303	8793607.000000
-0.458487	8794652.000000
-0.464908	8791992.000000
-0.476762	8793352.000000
-0.483512	8797089.000000
-0.495367	8797292.000000
-0.507550	8792340.000000
-0.514794	8798694.000000
-0.525825	8797088.000000
-0.533893	8794779.000000
-0.545253	8796983.000000
-0.557107	8800834.000000
-0.563693	8797907.000000
-0.577193	8797470.000000
-0.583285	8799809.000000
-0.594975	8798845.000000
-0.606829	8801920.000000
-0.614238	8800712.000000
-0.625762	8803478.000000
-0.632842	8802953.000000
-0.644202	8799025.000000
-0.656880	8803106.000000
-0.664124	8804666.000000
-0.675649	8803799.000000
-0.683058	8808539.000000
-0.694253	8804579.000000
-0.707095	8808209.000000
-0.713681	8807529.000000
-0.725535	8811635.000000
-0.733109	8807817.000000
-0.744469	8811262.000000
-0.756323	8811816.000000
-0.763073	8807857.000000
-0.774598	8805171.000000
-0.782501	8810029.000000
-0.794685	8811420.000000
-0.806209	8804729.000000
-0.813618	8803336.000000
-0.825473	8799393.000000
-0.831894	8793404.000000
-0.843418	8789571.000000
-0.855931	8790483.000000
-0.864657	8786829.000000
-0.875359	8785797.000000
-0.881451	8786003.000000
-0.892976	8789301.000000
-0.905324	8789506.000000
-0.912239	8791852.000000
-0.924916	8798678.000000
-0.931666	8806432.000000
-0.943521	8806269.000000
-0.954716	8810895.000000
-0.962619	8816180.000000
-0.974144	8817918.000000
-0.981553	8818818.000000
-0.993242	8823852.000000
-1.005426	8823764.000000
-1.011682	8820841.000000
-1.023701	8824148.000000
-1.031439	8824749.000000
-1.043129	8822334.000000
-1.054818	8827040.000000
-1.062227	8824953.000000
-1.073258	8825736.000000
-1.082149	8827772.000000
-1.092686	8830214.000000
-1.104540	8831405.000000
-1.111620	8828924.000000
-1.123639	8830699.000000
-1.130554	8829377.000000
-1.142408	8832273.000000
-1.154591	8829062.000000
-1.161671	8826144.000000
-1.174513	8828454.000000
-1.181099	8827313.000000
-1.191965	8828244.000000
-1.203655	8831486.000000
-1.211393	8830888.000000
-1.222753	8833070.000000
-1.230656	8835013.000000
-1.241522	8831354.000000
-1.253706	8837841.000000
-1.260621	8833665.000000
-1.272146	8831824.000000
-1.284329	8835352.000000
-1.291573	8840003.000000
-1.303098	8838128.000000
-1.310178	8838166.000000
-1.322526	8835877.000000
-1.329606	8842710.000000
-1.340143	8839966.000000
-1.352820	8843218.000000
-1.360723	8841277.000000
-1.371589	8840899.000000
-1.383938	8844571.000000
-1.391017	8842564.000000
-1.402378	8843513.000000
-1.409786	8845788.000000
-1.421476	8843708.000000
-1.429708	8846295.000000
-1.441068	8847221.000000
-1.452429	8845574.000000
-1.459344	8848966.000000
-1.471527	8848378.000000
-1.483217	8845509.000000
-1.490790	8845986.000000
-1.501986	8850576.000000
-1.508901	8849562.000000
-1.520591	8850186.000000
-1.528658	8851033.000000
-1.540512	8848324.000000
-1.551873	8848400.000000
-1.558129	8851179.000000
-1.570313	8849969.000000
-1.582990	8850574.000000
-1.589411	8854720.000000
-1.600771	8853361.000000
-1.608839	8853883.000000
-1.620199	8850901.000000
-1.632053	8853056.000000
-1.638968	8851643.000000
-1.650987	8854731.000000
-1.658890	8853446.000000
-1.670744	8852006.000000
-1.682105	8852882.000000
-1.689514	8850702.000000
-1.699722	8855593.000000
-1.707130	8854170.000000
-1.720137	8855406.000000
-1.731662	8857651.000000
-1.738577	8853780.000000
-1.750431	8858530.000000
-1.757840	8859530.000000
-1.770353	8859783.000000
-1.781549	8861476.000000
-1.789452	8858172.000000
-1.799660	8860789.000000
-1.806575	8864038.000000
-1.819581	8863917.000000
-1.831106	8860703.000000
-1.837857	8865598.000000
-1.849546	8866466.000000
-1.857120	8866455.000000
-1.867986	8867998.000000
-1.881322	8871204.000000
-1.887414	8871568.000000
-1.898116	8871507.000000
-1.906348	8872868.000000
-1.918696	8875962.000000
-1.929398	8876620.000000
-1.936971	8876736.000000
-1.948826	8877162.000000
-1.955411	8880251.000000
-1.967760	8878381.000000
-1.979943	8875716.000000
-1.985706	8876615.000000
-1.998219	8880040.000000
-2.005463	8880324.000000
-2.017646	8879569.000000
-2.028677	8882718.000000
-2.037404	8876789.000000
-2.047611	8882586.000000
-2.055844	8883104.000000
-2.066710	8878250.000000
-2.078070	8879965.000000
-2.085479	8877561.000000
-2.097498	8876842.000000
-2.103919	8877546.000000
-2.116761	8872253.000000
-2.128122	8876900.000000
-2.135860	8877390.000000
-2.147550	8870999.000000
-2.155617	8868735.000000
-2.167142	8874744.000000
-2.178503	8870548.000000
-2.184924	8868395.000000
-2.195790	8872958.000000
-2.204187	8868464.000000
-2.216370	8868895.000000
-2.227401	8867314.000000
-2.233987	8863834.000000
-2.246171	8868028.000000
-2.253580	8863813.000000
-2.265434	8860633.000000
-2.277288	8864159.000000
-2.283874	8861363.000000
-2.295234	8859990.000000
-2.305278	8860157.000000
-2.315156	8861801.000000
-2.326846	8861544.000000
-2.333596	8860008.000000
-2.345945	8861508.000000
-2.351872	8859511.000000
-2.363561	8857073.000000
-2.376074	8854626.000000
-2.383483	8858872.000000
-2.394679	8854922.000000
