2.400156	8332944.000000
2.385338	8333830.000000
2.359984	8335372.000000
2.339569	8332733.000000
2.326068	8331729.000000
2.313391	8329987.000000
2.299397	8334868.000000
2.292811	8332314.000000
2.278982	8331680.000000
2.271244	8331659.000000
2.258237	8332048.000000
2.246712	8334342.000000
2.239304	8334947.000000
2.226462	8332726.000000
2.219218	8334070.000000
2.206211	8334871.000000
2.193699	8338361.000000
2.186619	8334809.000000
2.175095	8333633.000000
2.167027	8334117.000000
2.155173	8331504.000000
2.143155	8332872.000000
2.135087	8334413.000000
2.123563	8330168.000000
2.115331	8327672.000000
2.103641	8331284.000000
2.091293	8329289.000000
2.084378	8332009.000000
2.072031	8328309.000000
2.064951	8325031.000000
2.052274	8325793.000000
2.039926	8326670.000000
2.031694	8326214.000000
2.021486	8328382.000000
2.013090	8322881.000000
2.001565	8326440.000000
1.989217	8323688.000000
1.981808	8327932.000000
1.970942	8324167.000000
1.963040	8323463.000000
1.951021	8325835.000000
1.937520	8319847.000000
1.932252	8320761.000000
1.919904	8321119.000000
1.912989	8319836.000000
1.900971	8317307.000000
1.888129	8320133.000000
1.880885	8318091.000000
1.869525	8316354.000000
1.861786	8317528.000000
1.849603	8319211.000000
1.837585	8318066.000000
1.831164	8314062.000000
1.818816	8316265.000000
1.811407	8316600.000000
1.800541	8315919.000000
1.788522	8314308.000000
1.780125	8311445.000000
1.768601	8318766.000000
1.761357	8314345.000000
1.749832	8314371.000000
1.737484	8314984.000000
1.730404	8312828.000000
1.718221	8315719.000000
1.710483	8312569.000000
1.699617	8313361.000000
1.687434	8311690.000000
1.679531	8313374.000000
1.668006	8312867.000000
1.661091	8309139.000000
1.650060	8308772.000000
1.637383	8308514.000000
1.630139	8310085.000000
1.618614	8306632.000000
1.606431	8304770.000000
1.598858	8305954.000000
1.588156	8307059.000000
1.579924	8304797.000000
1.568564	8303932.000000
1.561320	8306438.000000
1.547984	8305266.000000
1.536789	8299964.000000
1.529874	8299080.000000
1.518349	8296844.000000
1.505836	8291869.000000
1.499251	8288725.000000
1.486574	8282609.000000
1.479823	8279697.000000
1.467969	8271912.000000
1.460067	8268638.000000
1.448542	8268941.000000
1.437182	8266337.000000
1.429444	8264981.000000
1.417260	8266099.000000
1.405900	8263645.000000
1.399150	8266885.000000
1.386637	8267070.000000
1.379723	8271025.000000
1.367539	8273453.000000
1.360789	8279473.000000
1.349100	8283392.000000
1.336587	8285314.000000
1.329178	8287243.000000
1.318147	8288402.000000
1.305799	8288102.000000
1.298061	8285300.000000
1.286866	8285679.000000
1.279292	8287499.000000
1.267274	8286725.000000
1.260688	8285786.000000
1.249163	8289747.000000
1.236651	8283344.000000
1.230230	8285486.000000
1.217553	8281466.000000
1.205369	8286437.000000
1.198784	8282865.000000
1.186106	8283944.000000
1.179356	8277605.000000
1.167831	8280958.000000
1.155483	8280339.000000
1.146922	8279948.000000
1.135727	8276760.000000
1.129470	8277045.000000
1.116958	8278866.000000
1.105433	8273835.000000
1.098024	8275921.000000
1.085347	8271779.000000
1.079584	8271487.000000
1.067895	8270944.000000
1.055547	8269924.000000
1.048303	8271595.000000
1.037272	8270661.000000
1.028546	8269280.000000
1.017186	8271627.000000
1.005167	8268705.000000
0.997429	8267579.000000
0.986069	8267753.000000
0.978331	8266211.000000
0.966971	8264984.000000
0.955611	8265407.000000
0.948860	8262374.000000
0.936348	8260362.000000
0.929762	8261393.000000
0.916591	8262857.000000
0.905231	8262520.000000
0.897987	8259452.000000
0.885968	8257007.000000
0.878888	8257044.000000
0.867199	8252840.000000
0.855180	8253019.000000
0.848430	8253563.000000
0.836905	8251694.000000
0.829826	8255407.000000
0.816819	8249320.000000
0.805130	8253823.000000
0.798379	8253382.000000
0.785538	8251930.000000
0.779446	8249577.000000
0.767262	8245455.000000
0.755573	8247463.000000
0.748329	8249968.000000
0.736639	8245672.000000
0.729395	8246953.000000
0.718035	8243852.000000
0.705522	8248905.000000
0.697620	8245234.000000
0.686260	8243040.000000
0.680168	8241992.000000
0.662551	8240384.000000
0.655966	8241437.000000
0.648722	8237958.000000
0.637032	8237468.000000
0.629294	8238294.000000
0.617111	8236125.000000
0.606409	8239312.000000
0.598836	8232902.000000
0.586982	8235250.000000
0.579573	8236868.000000
0.568377	8232501.000000
0.556194	8230338.000000
0.548291	8229877.000000
0.537260	8229226.000000
0.528864	8227909.000000
0.518162	8229698.000000
0.506308	8227763.000000
0.499393	8226066.000000
0.487210	8223030.000000
0.480295	8226121.000000
0.467617	8225998.000000
0.456093	8224095.000000
0.449013	8225206.000000
0.437159	8224419.000000
0.429091	8220258.000000
0.418390	8219207.000000
0.406042	8219105.000000
0.398798	8220400.000000
0.387273	8222075.000000
0.379864	8222850.000000
0.368668	8222645.000000
0.356485	8223262.000000
0.348747	8221216.000000
0.337551	8225611.000000
0.328990	8225886.000000
0.318782	8226678.000000
0.306764	8221969.000000
0.298696	8223925.000000
0.287665	8225743.000000
0.274988	8224771.000000
0.268567	8224563.000000
0.254408	8223114.000000
0.247987	8225387.000000
0.236462	8227555.000000
0.229383	8225937.000000
0.217858	8226973.000000
0.205839	8230553.000000
0.198759	8228995.000000
0.187893	8230119.000000
0.174887	8229328.000000
0.168466	8229974.000000
0.157105	8227563.000000
0.149038	8230030.000000
0.138007	8232740.000000
0.130269	8230875.000000
0.118415	8231074.000000
0.106396	8233987.000000
0.098987	8232023.000000
0.085816	8232922.000000
0.075279	8231818.000000
0.067870	8234753.000000
0.057004	8236462.000000
0.048936	8234017.000000
0.039223	8234716.000000
0.030497	8235181.000000
0.018643	8235920.000000
0.006788	8238027.000000
-0.000291	8239784.000000
-0.010663	8239139.000000
-0.023835	8239634.000000
-0.030914	8238071.000000
-0.043427	8239112.000000
-0.050177	8239958.000000
-0.061702	8242579.000000
-0.073721	8239145.000000
-0.080800	8244859.000000
-0.092819	8243426.000000
-0.099899	8243896.000000
-0.112082	8245645.000000
-0.123278	8240282.000000
-0.131674	8244737.000000
-0.142376	8240419.000000
-0.148962	8247224.000000
-0.160816	8249089.000000
-0.173658	8246684.000000
-0.180408	8246546.000000
-0.191768	8247048.000000
-0.199177	8252091.000000
-0.210867	8251018.000000
-0.223379	8247497.000000
-0.230953	8248026.000000
-0.241655	8250962.000000
-0.249063	8253140.000000
-0.261741	8251426.000000
-0.273760	8250870.000000
-0.280181	8250464.000000
-0.292035	8252158.000000
-0.299773	8252704.000000
-0.310639	8255001.000000
-0.323152	8254097.000000
-0.330067	8258708.000000
-0.342086	8255337.000000
-0.349001	8255548.000000
-0.360361	8260549.000000
-0.373532	8262020.000000
-0.379459	8259246.000000
-0.391643	8260036.000000
-0.399216	8261652.000000
-0.410412	8261655.000000
-0.422101	8260787.000000
-0.428358	8258182.000000
-0.440870	8260164.000000
-0.447950	8265116.000000
-0.458158	8261485.000000
-0.471987	8261703.000000
-0.479396	8264127.000000
-0.491415	8266854.000000
-0.498659	8265640.000000
-0.510184	8263601.000000
-0.521874	8269135.000000
-0.528789	8266940.000000
-0.540808	8269814.000000
-0.547722	8267505.000000
-0.560071	8266943.000000
-0.570772	8271499.000000
-0.578840	8272146.000000
-0.590365	8272539.000000
-0.597609	8271060.000000
-0.609628	8274887.000000
-0.620988	8275244.000000
-0.628561	8272373.000000
-0.640251	8270668.000000
-0.648154	8271493.000000
-0.659349	8273656.000000
-0.671862	8273767.000000
-0.678612	8277423.000000
-0.689643	8274807.000000
-0.697381	8274292.000000
-0.709071	8273400.000000
-0.720596	8272067.000000
-0.727840	8268193.000000
-0.739694	8270675.000000
-0.746445	8266759.000000
-0.758793	8261578.000000
-0.770153	8259716.000000
-0.777726	8255004.000000
-0.790075	8252736.000000
-0.796660	8250126.000000
-0.808514	8245237.000000
-0.820533	8243453.000000
-0.828107	8247847.000000
-0.839467	8253183.000000
-0.846711	8256705.000000
-0.858236	8257129.000000
-0.869926	8262865.000000
-0.877170	8267336.000000
-0.888860	8275315.000000
-0.896762	8274869.000000
-0.907793	8283734.000000
-0.919483	8281177.000000
-0.927386	8281049.000000
-0.938911	8284244.000000
-0.951094	8285423.000000
-0.958174	8289724.000000
-0.969863	8289477.000000
-0.976120	8290243.000000
-0.988468	8288913.000000
-0.996206	8290681.000000
-1.007402	8295549.000000
-1.019256	8294233.000000
-1.026006	8292569.000000
-1.037696	8292669.000000
-1.049714	8295108.000000
-1.057617	8295968.000000
-1.068978	8298010.000000
-1.075893	8294519.000000
-1.088405	8300028.000000
-1.095814	8298208.000000
-1.107010	8301497.000000
-1.119193	8295079.000000
-1.125779	8298871.000000
-1.137139	8298108.000000
-1.150311	8298893.000000
-1.156732	8298920.000000
-1.168092	8298583.000000
-1.175830	8296970.000000
-1.187026	8296219.000000
-1.195258	8296450.000000
-1.206289	8300295.000000
-1.217978	8300490.000000
-1.225387	8298938.000000
-1.236254	8302622.000000
-1.249096	8300601.000000
-1.256011	8302793.000000
-1.267700	8303324.000000
-1.274945	8304575.000000
-1.286799	8305989.000000
-1.294372	8303212.000000
-1.305403	8306952.000000
-1.316928	8307706.000000
-1.324996	8304352.000000
-1.335533	8304894.000000
-1.347716	8308556.000000
-1.355455	8309390.000000
-1.366650	8306388.000000
-1.374553	8310069.000000
-1.386078	8309839.000000
-1.397768	8310746.000000
-1.404189	8309572.000000
-1.417195	8313806.000000
-1.423122	8314472.000000
-1.435800	8313513.000000
-1.447490	8312843.000000
-1.454240	8314176.000000
-1.467411	8317043.000000
-1.473338	8314358.000000
-1.485522	8311998.000000
-1.497047	8318943.000000
-1.503962	8315098.000000
-1.514993	8316736.000000
-1.523883	8318739.000000
-1.533762	8320509.000000
-1.547263	8318591.000000
-1.554342	8316093.000000
-1.565538	8321667.000000
-1.572453	8321393.000000
-1.584966	8318966.000000
-1.596820	8318528.000000
-1.602583	8323736.000000
-1.615754	8321552.000000
-1.622669	8321081.000000
-1.633700	8320071.000000
-1.646707	8320702.000000
-1.652634	8323040.000000
-1.664653	8324485.000000
-1.672885	8320975.000000
-1.683916	8322387.000000
-1.695770	8321430.000000
-1.702356	8325528.000000
-1.714210	8322398.000000
-1.722113	8323513.000000
-1.733638	8324433.000000
-1.744669	8327403.000000
-1.751419	8324319.000000
-1.763932	8324600.000000
-1.770682	8324208.000000
-1.782537	8326984.000000
-1.795214	8326480.000000
-1.801471	8328989.000000
-1.812337	8325913.000000
-1.822051	8329285.000000
-1.832423	8328872.000000
-1.844772	8330419.000000
-1.852510	8333004.000000
-1.863047	8336288.000000
-1.870291	8331439.000000
-1.881652	8337902.000000
-1.893835	8334066.000000
-1.901244	8335742.000000
-1.913098	8336923.000000
-1.919849	8335872.000000
-1.931374	8339244.000000
-1.942899	8339866.000000
-1.950966	8342112.000000
-1.961997	8341428.000000
-1.969735	8346410.000000
-1.981425	8346071.000000
-1.993609	8344019.000000
-2.000688	8345487.000000
-2.011719	8342322.000000
-2.019293	8340847.000000
-2.030653	8342831.000000
-2.043001	8346191.000000
-2.049422	8349730.000000
-2.061606	8345051.000000
-2.068686	8347983.000000
-2.080869	8345708.000000
-2.091406	8347843.000000
-2.099309	8347039.000000
-2.111164	8346311.000000
-2.117914	8344437.000000
-2.129768	8343335.000000
-2.141952	8343838.000000
-2.149196	8347888.000000
-2.161380	8346172.000000
-2.167471	8342705.000000
-2.180314	8340268.000000
-2.191345	8342361.000000
-2.198424	8343873.000000
-2.210608	8344254.000000
-2.217523	8341173.000000
-2.229048	8339028.000000
-2.240738	8338256.000000
-2.247817	8340225.000000
-2.260495	8336161.000000
-2.270373	8338766.000000
-2.279264	8338865.000000
-2.289801	8334542.000000
-2.297539	8331858.000000
-2.309558	8334003.000000
-2.317461	8329180.000000
-2.327669	8332005.000000
-2.339853	8326481.000000
-2.347591	8330383.000000
-2.358128	8326093.000000
-2.369653	8327062.000000
-2.378379	8331625.000000
-2.389575	8330880.000000
