2.402790	7182750.000000
2.381881	7178997.000000
2.355209	7179118.000000
2.334465	7181711.000000
2.324587	7178569.000000
2.310263	7180554.000000
2.302525	7181843.000000
2.288860	7181693.000000
2.276183	7181713.000000
2.269927	7180691.000000
2.256591	7183793.000000
2.248359	7180066.000000
2.236176	7182349.000000
2.223828	7183598.000000
2.216748	7186813.000000
2.203577	7184255.000000
2.196004	7184315.000000
2.183820	7179862.000000
2.171143	7180233.000000
2.164887	7182467.000000
2.152704	7180095.000000
2.143978	7177446.000000
2.133112	7180216.000000
2.119776	7180899.000000
2.113355	7177831.000000
2.101007	7182264.000000
2.093763	7177276.000000
2.080756	7181108.000000
2.069890	7181938.000000
2.063305	7180345.000000
2.049310	7178686.000000
2.041737	7179099.000000
2.029718	7175437.000000
2.018194	7173070.000000
2.011114	7177357.000000
1.999260	7176658.000000
1.991522	7174983.000000
1.979997	7176358.000000
1.968143	7176992.000000
1.961064	7174477.000000
1.948057	7173659.000000
1.940649	7171159.000000
1.929289	7172148.000000
1.917599	7172396.000000
1.910684	7173256.000000
1.897678	7170972.000000
1.890928	7168432.000000
1.879074	7163864.000000
1.866726	7166919.000000
1.859811	7166727.000000
1.847298	7165821.000000
1.839725	7164237.000000
1.828529	7164638.000000
1.816840	7164583.000000
1.809102	7166805.000000
1.797742	7168947.000000
1.790662	7167587.000000
1.777821	7165709.000000
1.766790	7165275.000000
1.759546	7166270.000000
1.746210	7161666.000000
1.739789	7162694.000000
1.728593	7165314.000000
1.715258	7165689.000000
1.709166	7166570.000000
1.697806	7164156.000000
1.689245	7162853.000000
1.677226	7161039.000000
1.665701	7161628.000000
1.658622	7163982.000000
1.647591	7161621.000000
1.639688	7161198.000000
1.627505	7161233.000000
1.615815	7160603.000000
1.609065	7160312.000000
1.595894	7156619.000000
1.589309	7160225.000000
1.576961	7157404.000000
1.565600	7158752.000000
1.558686	7158815.000000
1.545844	7155433.000000
1.533660	7158282.000000
1.528227	7153675.000000
1.515385	7151755.000000
1.507647	7154140.000000
1.496781	7157164.000000
1.488385	7152598.000000
1.477024	7151914.000000
1.464841	7153128.000000
1.457597	7152615.000000
1.445084	7149763.000000
1.434054	7150299.000000
1.426974	7149438.000000
1.414132	7151447.000000
1.409028	7147929.000000
1.396186	7150800.000000
1.388942	7147910.000000
1.377253	7146793.000000
1.363917	7146366.000000
1.358319	7146739.000000
1.346136	7145900.000000
1.333953	7143286.000000
1.326544	7148217.000000
1.315019	7141676.000000
1.306623	7143570.000000
1.295921	7140661.000000
1.288512	7141736.000000
1.276987	7141955.000000
1.265792	7143720.000000
1.257889	7139459.000000
1.248011	7138625.000000
1.233193	7135827.000000
1.227596	7141589.000000
1.214754	7138108.000000
1.207016	7138742.000000
1.195820	7135187.000000
1.186600	7137020.000000
1.176393	7137459.000000
1.165362	7137016.000000
1.157459	7136228.000000
1.144617	7134494.000000
1.133092	7132578.000000
1.126671	7131968.000000
1.113665	7131251.000000
1.107244	7129446.000000
1.096378	7128954.000000
1.082713	7133176.000000
1.076621	7128974.000000
1.064438	7124276.000000
1.057358	7123558.000000
1.045339	7118509.000000
1.033156	7117546.000000
1.026735	7117874.000000
1.014387	7110119.000000
1.007472	7107148.000000
0.994466	7103183.000000
0.983435	7104253.000000
0.976191	7097091.000000
0.964995	7097619.000000
0.957257	7090817.000000
0.945897	7095411.000000
0.933714	7091827.000000
0.926305	7092692.000000
0.914451	7091580.000000
0.907536	7093632.000000
0.895846	7097133.000000
0.883004	7099727.000000
0.876583	7099732.000000
0.864894	7106388.000000
0.858473	7109347.000000
0.844808	7109101.000000
0.834106	7109431.000000
0.826533	7104495.000000
0.814679	7110960.000000
0.807599	7110247.000000
0.795581	7109865.000000
0.783891	7105878.000000
0.775988	7108718.000000
0.765451	7107812.000000
0.757549	7103832.000000
0.745530	7109051.000000
0.734170	7105857.000000
0.726596	7107574.000000
0.714413	7103282.000000
0.707169	7099569.000000
0.696138	7099700.000000
0.683625	7102271.000000
0.676052	7098872.000000
0.665021	7095124.000000
0.657448	7097842.000000
0.645758	7101044.000000
0.633904	7099145.000000
0.627648	7095014.000000
0.614970	7095313.000000
0.607068	7096230.000000
0.595872	7090193.000000
0.585006	7095194.000000
0.576115	7092328.000000
0.565414	7093306.000000
0.557840	7091445.000000
0.544504	7089670.000000
0.534626	7093321.000000
0.527052	7089841.000000
0.515363	7090072.000000
0.507460	7088774.000000
0.496265	7087193.000000
0.485069	7087718.000000
0.476837	7083409.000000
0.465312	7086523.000000
0.457245	7084954.000000
0.446049	7084181.000000
0.434031	7082996.000000
0.427116	7086466.000000
0.414768	7077130.000000
0.407030	7084547.000000
0.396822	7085199.000000
0.383815	7081551.000000
0.376900	7084803.000000
0.365540	7085742.000000
0.357802	7087012.000000
0.346277	7082933.000000
0.336070	7083585.000000
0.327014	7082494.000000
0.315490	7086952.000000
0.302812	7091179.000000
0.297050	7086340.000000
0.284866	7086606.000000
0.277622	7086764.000000
0.266427	7088027.000000
0.256878	7088164.000000
0.245682	7089224.000000
0.234322	7088213.000000
0.226584	7090624.000000
0.214894	7089877.000000
0.202382	7089713.000000
0.196125	7089382.000000
0.184765	7090097.000000
0.177850	7093710.000000
0.165831	7092091.000000
0.157929	7091113.000000
0.145581	7090540.000000
0.134879	7093376.000000
0.127799	7095404.000000
0.115451	7093492.000000
0.102774	7095148.000000
0.096024	7093416.000000
0.083346	7094801.000000
0.076761	7094254.000000
0.066224	7095372.000000
0.057827	7094226.000000
0.046796	7099240.000000
0.034613	7098706.000000
0.027862	7099078.000000
0.015679	7091728.000000
0.003660	7101721.000000
-0.002925	7097000.000000
-0.014615	7102055.000000
-0.022518	7100943.000000
-0.033713	7099711.000000
-0.042110	7101852.000000
-0.053305	7100100.000000
-0.064336	7099621.000000
-0.072404	7100171.000000
-0.084258	7103316.000000
-0.095947	7101662.000000
-0.102862	7103537.000000
-0.115540	7099713.000000
-0.121961	7101085.000000
-0.131839	7101556.000000
-0.145998	7100914.000000
-0.153078	7102042.000000
-0.164603	7102178.000000
-0.171353	7100699.000000
-0.183866	7095852.000000
-0.196543	7094488.000000
-0.202964	7087836.000000
-0.214160	7086866.000000
-0.221239	7088124.000000
-0.233258	7086973.000000
-0.245112	7085428.000000
-0.252356	7086427.000000
-0.264210	7081311.000000
-0.271784	7082463.000000
-0.283144	7081966.000000
-0.294998	7085657.000000
-0.301913	7092173.000000
-0.313932	7089991.000000
-0.321999	7096088.000000
-0.333030	7101146.000000
-0.345214	7102730.000000
-0.352129	7101824.000000
-0.363489	7108621.000000
-0.371062	7111937.000000
-0.383081	7114337.000000
-0.394277	7114768.000000
-0.401686	7116133.000000
-0.413705	7116020.000000
-0.420455	7117744.000000
-0.432638	7119052.000000
-0.444657	7123134.000000
-0.452066	7119736.000000
-0.463262	7121622.000000
-0.470670	7122323.000000
-0.482689	7122490.000000
-0.494708	7122594.000000
-0.501788	7122343.000000
-0.512325	7128067.000000
-0.519569	7125295.000000
-0.532740	7124974.000000
-0.543606	7125089.000000
-0.550027	7126929.000000
-0.563199	7127821.000000
-0.569949	7128838.000000
-0.582956	7123124.000000
-0.593493	7125073.000000
-0.600902	7128060.000000
-0.611768	7126053.000000
-0.620000	7126498.000000
-0.631360	7132672.000000
-0.643214	7131306.000000
-0.650788	7128148.000000
-0.661984	7134245.000000
-0.669557	7130327.000000
-0.681905	7133163.000000
-0.692936	7132017.000000
-0.700016	7129553.000000
-0.713187	7133202.000000
-0.719114	7129696.000000
-0.731298	7134347.000000
-0.742987	7136604.000000
-0.750231	7136814.000000
-0.761262	7133464.000000
-0.769000	7132197.000000
-0.781843	7134404.000000
-0.793038	7136288.000000
-0.800447	7137996.000000
-0.811643	7136162.000000
-0.818393	7135727.000000
-0.830741	7140646.000000
-0.843418	7139417.000000
-0.850169	7136405.000000
-0.861529	7142599.000000
-0.868938	7139927.000000
-0.880298	7140479.000000
-0.892811	7141980.000000
-0.900055	7141952.000000
-0.910922	7141435.000000
-0.918330	7143155.000000
-0.931337	7145306.000000
-0.942697	7144665.000000
-0.949448	7145231.000000
-0.960479	7143676.000000
-0.967888	7142783.000000
-0.979906	7143951.000000
-0.990279	7146733.000000
-0.999499	7147162.000000
-1.009871	7146972.000000
-1.022878	7146651.000000
-1.029134	7146944.000000
-1.041318	7146408.000000
-1.048233	7146615.000000
-1.059758	7149896.000000
-1.067660	7150168.000000
-1.079185	7150637.000000
-1.091533	7149598.000000
-1.098613	7153069.000000
-1.110138	7155751.000000
-1.122486	7154611.000000
-1.128578	7153818.000000
-1.141091	7155151.000000
-1.147347	7152559.000000
-1.160025	7154245.000000
-1.166610	7152497.000000
-1.179123	7148716.000000
-1.190648	7152762.000000
-1.197892	7155046.000000
-1.209417	7156863.000000
-1.222095	7156571.000000
-1.229009	7152765.000000
-1.240699	7156589.000000
-1.247120	7156154.000000
-1.258974	7157118.000000
-1.266548	7154015.000000
-1.277908	7153820.000000
-1.290092	7161778.000000
-1.297336	7158540.000000
-1.308202	7159598.000000
-1.321868	7163233.000000
-1.327795	7161959.000000
-1.339320	7163449.000000
-1.346729	7161562.000000
-1.359241	7163226.000000
-1.369120	7166888.000000
-1.378175	7163020.000000
-1.389371	7165473.000000
-1.396121	7165300.000000
-1.407811	7165341.000000
-1.419830	7165914.000000
-1.426745	7164375.000000
-1.438763	7162967.000000
-1.446008	7169153.000000
-1.458521	7168494.000000
-1.469222	7165993.000000
-1.478113	7163646.000000
-1.487991	7167269.000000
-1.495894	7165644.000000
-1.508078	7168340.000000
-1.519274	7170617.000000
-1.526353	7169420.000000
-1.538701	7169863.000000
-1.545781	7170730.000000
-1.556647	7173316.000000
-1.569325	7173091.000000
-1.575746	7173703.000000
-1.587765	7170275.000000
-1.595503	7167748.000000
-1.606369	7171485.000000
-1.618717	7174292.000000
-1.626291	7169607.000000
-1.636993	7176345.000000
-1.645554	7174015.000000
-1.656750	7175944.000000
-1.668110	7168996.000000
-1.675354	7171248.000000
-1.687044	7172322.000000
-1.694947	7171365.000000
-1.705978	7171585.000000
-1.717174	7171862.000000
-1.724583	7172315.000000
-1.736437	7172950.000000
-1.743681	7173748.000000
-1.755865	7176849.000000
-1.767884	7172725.000000
-1.774305	7173037.000000
-1.786817	7174973.000000
-1.794556	7175883.000000
-1.805257	7176044.000000
-1.817112	7178087.000000
-1.826332	7176441.000000
-1.836210	7181806.000000
-1.842961	7180691.000000
-1.855638	7181412.000000
-1.867657	7179756.000000
-1.873749	7185504.000000
-1.887579	7181068.000000
-1.893012	7188559.000000
-1.904702	7181208.000000
-1.915897	7188408.000000
-1.923635	7182199.000000
-1.935160	7184551.000000
-1.942899	7184282.000000
-1.954753	7185777.000000
-1.967266	7187352.000000
-1.972699	7191319.000000
-1.985047	7188256.000000
-1.991633	7192453.000000
-2.003323	7192530.000000
-2.015341	7189234.000000
-2.022586	7191955.000000
-2.033946	7192256.000000
-2.041684	7193448.000000
-2.052880	7189295.000000
-2.065557	7194752.000000
-2.072308	7189200.000000
-2.083339	7191700.000000
-2.091406	7194550.000000
-2.102931	7191360.000000
-2.115609	7188364.000000
-2.122030	7189772.000000
-2.133555	7193581.000000
-2.140141	7187503.000000
-2.152818	7186893.000000
-2.164837	7189025.000000
-2.171094	7191193.000000
-2.183113	7187585.000000
-2.190686	7189330.000000
-2.201388	7184653.000000
-2.213901	7186113.000000
-2.220816	7184466.000000
-2.231353	7184441.000000
-2.242713	7183610.000000
-2.251604	7187102.000000
-2.263788	7183506.000000
-2.270538	7183537.000000
-2.282722	7183696.000000
-2.289637	7179602.000000
-2.300174	7179122.000000
-2.313181	7177334.000000
-2.320919	7179273.000000
-2.331456	7181057.000000
-2.343969	7177581.000000
-2.351048	7178780.000000
-2.362080	7174909.000000
-2.369982	7173329.000000
-2.381013	7176289.000000
-2.388916	7176094.000000
